   35.052763881916796     
   33.267661761273899     
   30.522397841196472     
   27.795599912833538     
   24.838701798193856     
   22.641236189095515     
   20.603756752610128     
   18.839576559200523     
   17.461054514186131     
   16.141734690281378     
   15.080539874559769     
   14.116737321908687     
   13.247135856224828     
   12.505924721329540     
   11.800719164008783     
   11.184804310410074     
   10.612432823025451     
   10.082447039200073     
   9.6022261222683962     
   9.1483898802033874     
   8.7306018628097917     
   8.3401994135570572     
   7.9701626419589644     
   7.6274710074265943     
   7.3000959911253460     
   6.9938755704697542     
   6.7027082709082357     
   6.4272323017123112     
   6.1663470043238258     
   5.9189891637977663     
   5.6845388832768524     
   5.4630309991073309     
   5.2534589079523863     
   5.0559181895794216     
   4.8687787761135279     
   4.6912384178182762     
   4.5219818786601920     
   4.3609598651826982     
   4.2093693456712042     
   4.0657710752783078     
   3.9295882299218561     
   3.7998588494423218     
   3.6756100787598567     
   3.5556523638475275     
   3.4401638187281662     
   3.3278115355000337     
   3.2192282737875173     
   3.1147827399539065     
   3.0140405482506183     
   2.9173081824508857     
   2.8252727181844466     
   2.7371091074870328     
   2.6530161571746889     
   2.5722724335417428     
   2.4942914477512734     
   2.4185800192383065     
   2.3451169437541921     
   2.2746193196490547     
   2.2074346516319516     
   2.1433116620813628     
   2.0823452812414955     
   2.0246718499612890     
   1.9702757306251515     
   1.9190947896760282     
   1.8705454410889801     
   1.8237729593037184     
   1.7784441221123550     
   1.7341132139839339     
   1.6905360399894254     
   1.6476121787829099     
   1.6052157625932575     
   1.5634484510456317     
   1.5226767664955441     
   1.4832246441212746     
   1.4451183722286203     
   1.4085826827048102     
   1.3732024902831577     
   1.3387394067761904     
   1.3056710257286352     
   1.2741424562103136     
   1.2447587103380968     
   1.2172825588744036     
   1.1910408812701754     
   1.1663696359974352     
   1.1433138242868355     
   1.1217257212732197     
   1.1016912780265806     
   1.0835053119738653     
   1.0672858715926254     
   1.0528652595766541     
   1.0404002230288409     
   1.0297134623362663     
   1.0204968818041211     
   1.0124880410145489     
   1.0043931718655639     
  0.99489672556288744     
  0.98424261311191064     
  0.97279742371834743     
  0.96067400635990574     
  0.94806833064407803     
  0.93488718611783472     
  0.92119607050760222     
  0.90739437311977056     
  0.89424039944639266     
  0.88266950575279923     
  0.87334388820112407     
  0.86597813754789277     
  0.85970675252589668     
  0.85355540650313322     
  0.84664976127235991     
  0.83870880974463047     
  0.83022692021885314     
  0.82122672433054300     
  0.81167241058815731     
  0.80238173804598700     
  0.79350788535926919     
  0.78491234646809449     
  0.77624562834293520     
  0.76725997051429329     
  0.75817350201131817     
  0.74903275987579621     
  0.74061936518922322     
  0.73314855656750566     
  0.72646286683211914     
  0.72095475565705414     
  0.71602663370011366     
  0.71217114805638149     
  0.70993022571805897     
  0.70904564020266725     
  0.70993022571805930     
  0.71217114805638171     
  0.71602663370011366     
  0.72095475565705436     
  0.72646286683211925     
  0.73314855656750566     
  0.74061936518922333     
  0.74903275987579621     
  0.75817350201131728     
  0.76725997051429373     
  0.77624562834293509     
  0.78491234646809416     
  0.79350788535926886     
  0.80238173804598600     
  0.81167241058815720     
  0.82122672433054300     
  0.83022692021885292     
  0.83870880974463125     
  0.84664976127235980     
  0.85355540650313311     
  0.85970675252589634     
  0.86597813754789243     
  0.87334388820112419     
  0.88266950575279923     
  0.89424039944639222     
  0.90739437311977089     
  0.92119607050760233     
  0.93488718611783461     
  0.94806833064407858     
  0.96067400635990607     
  0.97279742371834832     
  0.98424261311191064     
  0.99489672556288666     
   1.0043931718655641     
   1.0124880410145483     
   1.0204968818041211     
   1.0297134623362658     
   1.0404002230288409     
   1.0528652595766539     
   1.0672858715926254     
   1.0835053119738656     
   1.1016912780265813     
   1.1217257212732199     
   1.1433138242868366     
   1.1663696359974367     
   1.1910408812701765     
   1.2172825588744047     
   1.2447587103380968     
   1.2741424562103132     
   1.3056710257286344     
   1.3387394067761900     
   1.3732024902831572     
   1.4085826827048107     
   1.4451183722286205     
   1.4832246441212744     
   1.5226767664955441     
   1.5634484510456317     
   1.6052157625932566     
   1.6476121787829088     
   1.6905360399894260     
   1.7341132139839344     
   1.7784441221123555     
   1.8237729593037184     
   1.8705454410889801     
   1.9190947896760278     
   1.9702757306251508     
   2.0246718499612881     
   2.0823452812414951     
   2.1433116620813628     
   2.2074346516319507     
   2.2746193196490547     
   2.3451169437541921     
   2.4185800192383065     
   2.4942914477512734     
   2.5722724335417428     
   2.6530161571746884     
   2.7371091074870337     
   2.8252727181844488     
   2.9173081824508857     
   3.0140405482506183     
   3.1147827399539065     
   3.2192282737875173     
   3.3278115355000346     
   3.4401638187281662     
   3.5556523638475279     
   3.6756100787598576     
   3.7998588494423218     
   3.9295882299218561     
   4.0657710752783069     
   4.2093693456712025     
   4.3609598651826964     
   4.5219818786601902     
   4.6912384178182753     
   4.8687787761135279     
   5.0559181895794207     
   5.2534589079523863     
   5.4630309991073309     
   5.6845388832768524     
   5.9189891637977681     
   6.1663470043238258     
   6.4272323017123112     
   6.7027082709082357     
   6.9938755704697542     
   7.3000959911253460     
   7.6274710074265935     
   7.9701626419589653     
   8.3401994135570572     
   8.7306018628097917     
   9.1483898802033874     
   9.6022261222683962     
   10.082447039200073     
   10.612432823025451     
   11.184804310410074     
   11.800719164008783     
   12.505924721329540     
   13.247135856224826     
   14.116737321908685     
   15.080539874559769     
   16.141734690281378     
   17.461054514186131     
   18.839576559200523     
   20.603756752610128     
   22.641236189095515     
   24.838701798193856     
   27.795599912833538     
   30.522397841196472     
   33.267661761273899     
