   219.44391026383605     
   167.48257574029881     
   79.966835389426066     
   34.861985213883074     
   21.001209079208881     
   15.346849155901907     
   12.297971977798021     
   8.4418343412229913     
   6.4970046009287872     
   6.0042573167258224     
   4.6216719361109009     
   4.0503277078412765     
   3.7824971987178539     
   3.1900884372779119     
   3.1073391628966034     
   2.9381494214747477     
   2.6358300148543661     
   2.5199659028694912     
   2.3142605311734377     
   2.1860653041147886     
   2.1568625936462142     
   2.0724241735038480     
   1.9876038713263267     
   1.8437346769838476     
   1.6855330174851670     
   1.5830420834738519     
   1.4670190132746448     
   1.3495029934182212     
   1.2577889302662688     
   1.1956633556706262     
   1.1645307885174034     
   1.1235202983328019     
   1.0695026629572522     
   1.0266452581040193     
   1.0159999665359676     
   1.0565468552014230     
   1.1065222757541702     
   1.1220230158024120     
   1.1110641705709365     
   1.0665520132592703     
  0.98600597471559870     
  0.90021418484871729     
  0.81047494724274183     
  0.72079020736530997     
  0.68668029256447671     
  0.71918938111733210     
  0.74429715673260921     
  0.70012133671106380     
  0.60477914628131324     
  0.52949699135514239     
  0.51330254397210906     
  0.52154676079534301     
  0.51826611882994211     
  0.52194959889598314     
  0.54643024355058067     
  0.56636770443976936     
  0.56946463882642118     
  0.56247212482257225     
  0.54077069851573378     
  0.51468531546124896     
  0.51153518635594875     
  0.51542952096552319     
  0.48401852658703221     
  0.43265453297862416     
  0.40329478023147441     
  0.37189956152250997     
  0.29629667486408112     
  0.20518683076585295     
  0.14966339816968252     
  0.13686998647091847     
  0.14488308892127613     
  0.14391543483229982     
  0.12570461103712743     
  0.12032914857209907     
  0.13853310968434299     
  0.15186225972297504     
  0.14299908387937835     
  0.10976050713382227     
  6.35920250160417339E-002
  2.72980603195734049E-002
 -4.33357564673468414E-003
 -3.23896775590123837E-002
 -1.93883168406190701E-002
  4.64745313312933186E-002
  0.13291398416726088     
  0.19972831214995665     
  0.21583182029015882     
  0.19666463115499264     
  0.17871501368130369     
  0.15185393105291731     
  0.11703989062394000     
  0.11974081443503067     
  0.13595530629425587     
  7.09448777416720744E-002
 -8.46004966449905305E-002
 -0.22954775038290681     
 -0.28460559174388450     
 -0.27025132008552388     
 -0.26129842153343247     
 -0.28789862600880273     
 -0.31282285158795869     
 -0.31431076145333653     
 -0.32032604961069172     
 -0.35256628136176410     
 -0.40008044930742831     
 -0.44047066445066541     
 -0.45776616165048689     
 -0.44951225904126807     
 -0.41786706594149109     
 -0.37552954499859803     
 -0.35875221104081600     
 -0.37968729916077926     
 -0.39482687541052591     
 -0.37518947400567904     
 -0.35851119433174600     
 -0.38623938356033899     
 -0.44029032948485486     
 -0.49578914105887895     
 -0.56414885057588426     
 -0.62110112176230370     
 -0.60591371071871236     
 -0.52939546257838477     
 -0.45506375340741190     
 -0.40331952178509523     
 -0.36537796389104871     
 -0.33905089123391224     
 -0.33206140719600691     
 -0.35185778190890105     
 -0.36831638003606998     
 -0.35185778190889938     
 -0.33206140719600646     
 -0.33905089123391252     
 -0.36537796389104854     
 -0.40331952178509511     
 -0.45506375340741190     
 -0.52939546257838455     
 -0.60591371071871236     
 -0.62110112176230314     
 -0.56414885057588382     
 -0.49578914105887861     
 -0.44029032948485491     
 -0.38623938356033932     
 -0.35851119433174661     
 -0.37518947400567776     
 -0.39482687541052591     
 -0.37968729916078070     
 -0.35875221104081467     
 -0.37552954499859814     
 -0.41786706594149131     
 -0.44951225904126818     
 -0.45776616165048772     
 -0.44047066445066341     
 -0.40008044930742831     
 -0.35256628136176688     
 -0.32032604961069161     
 -0.31431076145333692     
 -0.31282285158795858     
 -0.28789862600880251     
 -0.26129842153343202     
 -0.27025132008552033     
 -0.28460559174388450     
 -0.22954775038290645     
 -8.46004966449901419E-002
  7.09448777416720883E-002
  0.13595530629425592     
  0.11974081443503029     
  0.11703989062394075     
  0.15185393105291561     
  0.17871501368130369     
  0.19666463115499261     
  0.21583182029015904     
  0.19972831214995657     
  0.13291398416726141     
  4.64745313312934297E-002
 -1.93883168406181368E-002
 -3.23896775590106351E-002
 -4.33357564673468414E-003
  2.72980603195723884E-002
  6.35920250160417200E-002
  0.10976050713382220     
  0.14299908387937832     
  0.15186225972297601     
  0.13853310968434254     
  0.12032914857209845     
  0.12570461103712743     
  0.14391543483229957     
  0.14488308892127455     
  0.13686998647091836     
  0.14966339816968252     
  0.20518683076585334     
  0.29629667486408195     
  0.37189956152251069     
  0.40329478023147441     
  0.43265453297861983     
  0.48401852658703054     
  0.51542952096552186     
  0.51153518635594886     
  0.51468531546124907     
  0.54077069851573301     
  0.56247212482257158     
  0.56946463882642118     
  0.56636770443977313     
  0.54643024355057990     
  0.52194959889598314     
  0.51826611882994167     
  0.52154676079534346     
  0.51330254397211095     
  0.52949699135514239     
  0.60477914628131324     
  0.70012133671106391     
  0.74429715673260854     
  0.71918938111733233     
  0.68668029256447616     
  0.72079020736530997     
  0.81047494724274305     
  0.90021418484871762     
  0.98600597471559870     
   1.0665520132592714     
   1.1110641705709361     
   1.1220230158024127     
   1.1065222757541699     
   1.0565468552014221     
   1.0159999665359660     
   1.0266452581040113     
   1.0695026629572522     
   1.1235202983328045     
   1.1645307885174045     
   1.1956633556706266     
   1.2577889302662697     
   1.3495029934182212     
   1.4670190132746437     
   1.5830420834738523     
   1.6855330174851670     
   1.8437346769838454     
   1.9876038713263258     
   2.0724241735038484     
   2.1568625936462142     
   2.1860653041147886     
   2.3142605311734386     
   2.5199659028694890     
   2.6358300148543661     
   2.9381494214747503     
   3.1073391628966034     
   3.1900884372779110     
   3.7824971987178531     
   4.0503277078412765     
   4.6216719361108991     
   6.0042573167258224     
   6.4970046009287872     
   8.4418343412229913     
   12.297971977798021     
   15.346849155901907     
   21.001209079208881     
   34.861985213883074     
   79.966835389426066     
   167.48257574029881     
