 2698.51589813309056
 2635.67581042234042
 2480.14188350363656
 2280.38184537267989
 2069.32424984405179
 1866.82586955238980
 1679.88908812746581
 1511.86523327238069
 1362.62083305575402
 1230.08979739698088
 1113.14373479163578
 1009.14571157104945
 916.918119039748149
 834.630252568669675
 760.991793681102990
 695.048044716756976
 635.599623039973721
 582.065332013919374
 533.466230361904422
 489.361228265000364
 449.083680776031940
 412.299850716573644
 378.546749846290766
 347.574414020759548
 319.015027332685406
 292.693260782555569
 268.287039586990375
 245.720411434784324
 224.750034863246725
 205.373692862337919
 187.354672828545660
 170.681123242563842
 155.127201188770101
 140.663823657814334
 127.120494817391219
 114.488684914149118
 102.676514969875626
 91.6704829945195883
 81.3641631541349426
 71.7105738246162048
 62.6157579933747854
 54.0504903417014262
 45.9527619103725513
 38.3009544821063272
 31.0502934330487470
 24.1975100057512940
 17.7228108943312463
 11.6183788769381540
 5.87060789348767287
 0.463219499775565868
 -4.61785004858267811
 -9.39699980223423204
 -13.8888377299128880
 -18.1246721106733837
 -22.1165297966772201
 -25.8771024729542241
 -29.4130499219295238
 -32.7601641154099568
 -35.9519959589968110
 -39.0287272100845186
 -42.0077649185928266
 -44.9124847744659519
 -47.7527586063982454
 -50.5438491305390727
 -53.2833933398694555
 -55.9682815126688666
 -58.5651484898241677
 -61.0474726976337010
 -63.3881076740856315
 -65.5935681909209194
 -67.6838199325570997
 -69.6783464255943414
 -71.5798367224687695
 -73.3875571587797424
 -75.1011894258225823
 -76.7229537358185354
 -78.2451823858897058
 -79.6615104714823303
 -80.9541039089574355
 -82.1092765982682948
 -83.1244053709598916
 -84.0208456391771676
 -84.8257117332368296
 -85.5562857177292528
 -86.2243102954592899
 -86.8344063602009157
 -87.4017863059285247
 -87.9489574718121503
 -88.4891227916177741
 -89.0258936241447145
 -89.5582503914560277
 -90.0974070730649998
 -90.6565434030059691
 -91.2371179120471538
 -91.8324984198473970
 -92.4281841615241433
 -93.0093129985692002
 -93.5545454686801321
 -94.0454658630156928
 -94.4655174270897220
 -94.7955862448079927
 -95.0251275523320089
 -95.1669171981679369
 -95.2470831550637058
 -95.2929736451076366
 -95.3264716495212951
 -95.3627956521869180
 -95.3981335343601557
 -95.4130127897518321
 -95.3740016114464595
 -95.2522284636850856
 -95.0338280991636566
 -94.7262957312110672
 -94.3527138626174349
 -93.9503365324219715
 -93.5527538056977619
 -93.1797944748772267
 -92.8359978987513301
 -92.5193131885634159
 -92.2193533163861900
 -91.9202753181505017
 -91.6051855001141888
 -91.2834022775927991
 -90.9813440863086385
 -90.7246275169199805
 -90.5249762085605028
 -90.3842334008885331
 -90.2970627926655567
 -90.2670772027503148
 -90.2970627926653577
 -90.3842334008883199
 -90.5249762085604317
 -90.7246275169198668
 -90.9813440863085958
 -91.2834022775927565
 -91.6051855001142172
 -91.9202753181504875
 -92.2193533163861474
 -92.5193131885633306
 -92.8359978987513017
 -93.1797944748771840
 -93.5527538056977761
 -93.9503365324219573
 -94.3527138626174349
 -94.7262957312110530
 -95.0338280991636140
 -95.2522284636850429
 -95.3740016114464026
 -95.4130127897518037
 -95.3981335343601273
 -95.3627956521869322
 -95.3264716495213236
 -95.2929736451076650
 -95.2470831550637200
 -95.1669171981678801
 -95.0251275523320089
 -94.7955862448080353
 -94.4655174270896509
 -94.0454658630156928
 -93.5545454686801037
 -93.0093129985692002
 -92.4281841615241717
 -91.8324984198474397
 -91.2371179120470970
 -90.6565434030059691
 -90.0974070730651135
 -89.5582503914560277
 -89.0258936241447003
 -88.4891227916178025
 -87.9489574718121929
 -87.4017863059284963
 -86.8344063602009300
 -86.2243102954592899
 -85.5562857177291818
 -84.8257117332368153
 -84.0208456391771250
 -83.1244053709598631
 -82.1092765982683659
 -80.9541039089574355
 -79.6615104714822877
 -78.2451823858897484
 -76.7229537358185638
 -75.1011894258225823
 -73.3875571587797282
 -71.5798367224687411
 -69.6783464255943414
 -67.6838199325570855
 -65.5935681909209620
 -63.3881076740856386
 -61.0474726976335944
 -58.5651484898241250
 -55.9682815126689093
 -53.2833933398694555
 -50.5438491305390940
 -47.7527586063981673
 -44.9124847744659235
 -42.0077649185928834
 -39.0287272100845541
 -35.9519959589967613
 -32.7601641154100136
 -29.4130499219295416
 -25.8771024729542134
 -22.1165297966771988
 -18.1246721106733659
 -13.8888377299129449
 -9.39699980223422493
 -4.61785004858266124
 0.463219499775580190
 5.87060789348767376
 11.6183788769381398
 17.7228108943312606
 24.1975100057513224
 31.0502934330486973
 38.3009544821063415
 45.9527619103725939
 54.0504903417014333
 62.6157579933747570
 71.7105738246161621
 81.3641631541349142
 91.6704829945195598
 102.676514969875626
 114.488684914149047
 127.120494817391290
 140.663823657814277
 155.127201188770101
 170.681123242563842
 187.354672828545830
 205.373692862337862
 224.750034863246697
 245.720411434784324
 268.287039586990375
 292.693260782555740
 319.015027332685463
 347.574414020759605
 378.546749846290822
 412.299850716573758
 449.083680776031883
 489.361228265000364
 533.466230361904536
 582.065332013919260
 635.599623039973721
 695.048044716756976
 760.991793681103104
 834.630252568669903
 916.918119039748035
 1009.14571157104945
 1113.14373479163601
 1230.08979739698088
 1362.62083305575402
 1511.86523327238046
 1679.88908812746581
 1866.82586955238980
 2069.32424984405179
 2280.38184537267989
 2480.14188350363656
 2635.67581042234042
