   6.0615217359263207     
   6.0408974007717617     
   5.9828617653201830     
   5.8956005438526624     
   5.7877306026352286     
   5.6663898414332152     
   5.5368651944094402     
   5.4030302585915519     
   5.2675836828713365     
   5.1323527672792473     
   4.9986184411736145     
   4.8671938994269190     
   4.7386465948443242     
   4.6133183012070447     
   4.4914138583490066     
   4.3730477177179248     
   4.2582519653332813     
   4.1470328334009201     
   4.0393466646214984     
   3.9351431761100679     
   3.8343416539378490     
   3.7368599107627039     
   3.6425964610013919     
   3.5514546811350356     
   3.4633255724161045     
   3.3781117721242588     
   3.2957057258968292     
   3.2160128518424638     
   3.1389281230049941     
   3.0643593143212677     
   2.9922060539149791     
   2.9223811478850887     
   2.8547927499211232     
   2.7893608486733608     
   2.7260009028025274     
   2.6646364121962467     
   2.6051868375860354     
   2.5475806689240588     
   2.4917464624094392     
   2.4376200159479318     
   2.3851360513623061     
   2.3342353062274821     
   2.2848595572538049     
   2.2369561609533490     
   2.1904760116322812     
   2.1453778615750307     
   2.1016250216640073     
   2.0591840050231425     
   2.0180203153080507     
   1.9780983536999972     
   1.9393815692004035     
   1.9018334965116921     
   1.8654187471619743     
   1.8301024520799216     
   1.7958495992763919     
   1.7626249220726500     
   1.7303944253347059     
   1.6991249534776385     
   1.6687847266129410     
   1.6393408079790983     
   1.6107596903291563     
   1.5830069615050659     
   1.5560496315798209     
   1.5298569740228554     
   1.5044018432202484     
   1.4796602089534363     
   1.4556110741005321     
   1.4322340973796415     
   1.4095090621101205     
   1.3874148594714195     
   1.3659303761950661     
   1.3450352186157843     
   1.3247119106824055     
   1.3049463965569243     
   1.2857280569077882     
   1.2670486443153537     
   1.2489016188112567     
   1.2312814982415998     
   1.2141837774965529     
   1.1976043566201797     
   1.1815381906270286     
   1.1659777600100441     
   1.1509124291483410     
   1.1363289869083322     
   1.1222129254136322     
   1.1085502101136815     
   1.0953290206568689     
   1.0825407986138422     
   1.0701780997219115     
   1.0582323326481509     
   1.0466936815213070     
   1.0355520774637053     
   1.0247970904872379     
   1.0144179083686269     
   1.0044028337701392     
  0.99473982824106222     
  0.98541732717968833     
  0.97642600130545742     
  0.96775915697904447     
  0.95941227730887801     
  0.95138111809621073     
  0.94366015741593701     
  0.93624220716157469     
  0.92912031712641907     
  0.92228852341633705     
  0.91574178729658551     
  0.90947442575659199     
  0.90348018887917592     
  0.89775318435630735     
  0.89229010430685685     
  0.88709055982912799     
  0.88215692903534515     
  0.87749243999675031     
  0.87310005735651941     
  0.86898129113494771     
  0.86513625832608376     
  0.86156432925120274     
  0.85826559277694725     
  0.85524030923838446     
  0.85248906945265956     
  0.85001235735991743     
  0.84781178883044950     
  0.84589032987993540     
  0.84425195052402136     
  0.84290039854020593     
  0.84183987187563625     
  0.84107543708855170     
  0.84061326142471127     
  0.84045846806158209     
  0.84061326142471116     
  0.84107543708855181     
  0.84183987187563625     
  0.84290039854020604     
  0.84425195052402113     
  0.84589032987993562     
  0.84781178883044916     
  0.85001235735991743     
  0.85248906945265934     
  0.85524030923838457     
  0.85826559277694736     
  0.86156432925120252     
  0.86513625832608354     
  0.86898129113494738     
  0.87310005735651908     
  0.87749243999675031     
  0.88215692903534504     
  0.88709055982912810     
  0.89229010430685707     
  0.89775318435630735     
  0.90348018887917581     
  0.90947442575659199     
  0.91574178729658562     
  0.92228852341633705     
  0.92912031712641907     
  0.93624220716157480     
  0.94366015741593723     
  0.95138111809621084     
  0.95941227730887813     
  0.96775915697904469     
  0.97642600130545742     
  0.98541732717968833     
  0.99473982824106200     
   1.0044028337701394     
   1.0144179083686267     
   1.0247970904872379     
   1.0355520774637053     
   1.0466936815213068     
   1.0582323326481511     
   1.0701780997219115     
   1.0825407986138422     
   1.0953290206568691     
   1.1085502101136815     
   1.1222129254136322     
   1.1363289869083324     
   1.1509124291483412     
   1.1659777600100443     
   1.1815381906270286     
   1.1976043566201795     
   1.2141837774965527     
   1.2312814982415998     
   1.2489016188112565     
   1.2670486443153539     
   1.2857280569077882     
   1.3049463965569241     
   1.3247119106824055     
   1.3450352186157841     
   1.3659303761950661     
   1.3874148594714195     
   1.4095090621101205     
   1.4322340973796415     
   1.4556110741005326     
   1.4796602089534363     
   1.5044018432202484     
   1.5298569740228554     
   1.5560496315798207     
   1.5830069615050659     
   1.6107596903291563     
   1.6393408079790981     
   1.6687847266129410     
   1.6991249534776385     
   1.7303944253347059     
   1.7626249220726498     
   1.7958495992763919     
   1.8301024520799216     
   1.8654187471619743     
   1.9018334965116921     
   1.9393815692004035     
   1.9780983536999972     
   2.0180203153080507     
   2.0591840050231434     
   2.1016250216640078     
   2.1453778615750303     
   2.1904760116322812     
   2.2369561609533486     
   2.2848595572538053     
   2.3342353062274821     
   2.3851360513623061     
   2.4376200159479313     
   2.4917464624094388     
   2.5475806689240588     
   2.6051868375860354     
   2.6646364121962467     
   2.7260009028025265     
   2.7893608486733608     
   2.8547927499211232     
   2.9223811478850887     
   2.9922060539149786     
   3.0643593143212677     
   3.1389281230049941     
   3.2160128518424642     
   3.2957057258968292     
   3.3781117721242588     
   3.4633255724161045     
   3.5514546811350356     
   3.6425964610013915     
   3.7368599107627043     
   3.8343416539378481     
   3.9351431761100679     
   4.0393466646214993     
   4.1470328334009201     
   4.2582519653332813     
   4.3730477177179248     
   4.4914138583490066     
   4.6133183012070438     
   4.7386465948443242     
   4.8671938994269190     
   4.9986184411736145     
   5.1323527672792464     
   5.2675836828713365     
   5.4030302585915502     
   5.5368651944094402     
   5.6663898414332152     
   5.7877306026352286     
   5.8956005438526642     
   5.9828617653201830     
   6.0408974007717617     
