   1155.7268040060046     
   1149.3198840359962     
   1130.9916826681726     
   1102.7695759140740     
   1067.1378384832585     
   1026.5228088257545     
   982.91012738031827     
   937.89015468466073     
   892.61454532792357     
   847.89589342649765     
   804.29061899119802     
   762.13957418699772     
   721.66146817762319     
   682.95937875236507     
   646.07847800256457     
   611.01468658105694     
   577.73159150637468     
   546.17821127315506     
   516.28400561671526     
   487.97786726144511     
   461.17949780805992     
   435.81094709756195     
   411.79304832954136     
   389.04881214626403     
   367.50479693688902     
   347.08987121576098     
   327.73725751215846     
   309.38291936805319     
   291.96609392236229     
   275.43004163710020     
   259.72099644194878     
   244.79041800206264     
   230.59276364293623     
   217.08734928701625     
   204.23599939903738     
   192.00389803359130     
   180.35814185652686     
   169.26785323981781     
   158.70338234954826     
   148.63621605709164     
   139.03865233767158     
   129.88428329502852     
   121.14823773366329     
   112.80781619769172     
   104.84247729069742     
   97.233996855381974     
   89.966089636755072     
   83.024072510555754     
   76.394333148625407     
   70.063754801230345     
   64.019169176944956     
   58.247065820061238     
   52.733633652135730     
   47.465049017666459     
   42.427782105629817     
   37.608750670256462     
   32.995330677573243     
   28.575358071980126     
   24.337293257887175     
   20.270620530066378     
   16.366357698204212     
   12.617142738159702     
   9.0173140276223105     
   5.5623971657520386     
   2.2486261462182147     
 -0.92749260083556362     
  -3.9694052099507600     
  -6.8804001072403453     
  -9.6636155994571737     
  -12.322092065034251     
  -14.858922792429320     
  -17.277433822200265     
  -19.581190225721706     
  -21.773998489505612     
  -23.859624359759035     
  -25.841773150201654     
  -27.724249283859741     
  -29.511123150531031     
  -31.207011617959690     
  -32.817249340218630     
  -34.348029049032341     
  -35.806324342928875     
  -37.199632942139274     
  -38.535517558450721     
  -39.821181016772982     
  -41.063195723973678     
  -42.267309755752294     
  -43.438316712505433     
  -44.579954564880993     
  -45.694916031858398     
  -46.784882382201026     
  -47.850469235928045     
  -48.891551017338713     
  -49.907451794075733     
  -50.897382672840578     
  -51.860886697759177     
  -52.797977020578536     
  -53.709266116139091     
  -54.595794714419974     
  -55.458774080271063     
  -56.299409159445091     
  -57.118619909350038     
  -57.917102814576523     
  -58.695097385744134     
  -59.452324785185986     
  -60.187748607325403     
  -60.899301807857327     
  -61.583918542242905     
  -62.237601063734154     
  -62.855964054513507     
  -63.434921908419710     
  -63.971114069077998     
  -64.462336905562992     
  -64.907543510457032     
  -65.306926543694246     
  -65.661750527704655     
  -65.974487787485913     
  -66.248777325894650     
  -66.489055126468813     
  -66.700150934483091     
  -66.886417369637840     
  -67.051050885929030     
  -67.195709060846809     
  -67.320445662844975     
  -67.424419496820320     
  -67.506336215868870     
  -67.565210487757597     
  -67.600607288668996     
  -67.612403240480276     
  -67.600607288668954     
  -67.565210487757554     
  -67.506336215868856     
  -67.424419496820306     
  -67.320445662844989     
  -67.195709060846809     
  -67.051050885929030     
  -66.886417369637840     
  -66.700150934483091     
  -66.489055126468784     
  -66.248777325894622     
  -65.974487787485941     
  -65.661750527704669     
  -65.306926543694303     
  -64.907543510457046     
  -64.462336905562992     
  -63.971114069078020     
  -63.434921908419682     
  -62.855964054513485     
  -62.237601063734168     
  -61.583918542242927     
  -60.899301807857356     
  -60.187748607325382     
  -59.452324785185986     
  -58.695097385744148     
  -57.917102814576467     
  -57.118619909350016     
  -56.299409159445062     
  -55.458774080271020     
  -54.595794714419966     
  -53.709266116139062     
  -52.797977020578536     
  -51.860886697759206     
  -50.897382672840571     
  -49.907451794075754     
  -48.891551017338720     
  -47.850469235928045     
  -46.784882382201047     
  -45.694916031858405     
  -44.579954564880993     
  -43.438316712505419     
  -42.267309755752265     
  -41.063195723973656     
  -39.821181016772940     
  -38.535517558450685     
  -37.199632942139253     
  -35.806324342928839     
  -34.348029049032341     
  -32.817249340218666     
  -31.207011617959726     
  -29.511123150531041     
  -27.724249283859756     
  -25.841773150201643     
  -23.859624359759049     
  -21.773998489505647     
  -19.581190225721706     
  -17.277433822200273     
  -14.858922792429341     
  -12.322092065034253     
  -9.6636155994571613     
  -6.8804001072403098     
  -3.9694052099507537     
 -0.92749260083556717     
   2.2486261462182147     
   5.5623971657520253     
   9.0173140276222714     
   12.617142738159680     
   16.366357698204204     
   20.270620530066385     
   24.337293257887168     
   28.575358071980119     
   32.995330677573243     
   37.608750670256491     
   42.427782105629831     
   47.465049017666452     
   52.733633652135737     
   58.247065820061252     
   64.019169176944970     
   70.063754801230360     
   76.394333148625407     
   83.024072510555783     
   89.966089636755072     
   97.233996855382003     
   104.84247729069740     
   112.80781619769174     
   121.14823773366334     
   129.88428329502850     
   139.03865233767158     
   148.63621605709162     
   158.70338234954821     
   169.26785323981778     
   180.35814185652683     
   192.00389803359127     
   204.23599939903733     
   217.08734928701620     
   230.59276364293623     
   244.79041800206269     
   259.72099644194878     
   275.43004163710026     
   291.96609392236235     
   309.38291936805319     
   327.73725751215846     
   347.08987121576104     
   367.50479693688902     
   389.04881214626403     
   411.79304832954125     
   435.81094709756201     
   461.17949780805992     
   487.97786726144511     
   516.28400561671515     
   546.17821127315506     
   577.73159150637468     
   611.01468658105694     
   646.07847800256457     
   682.95937875236507     
   721.66146817762342     
   762.13957418699772     
   804.29061899119802     
   847.89589342649765     
   892.61454532792357     
   937.89015468466062     
   982.91012738031816     
   1026.5228088257545     
   1067.1378384832585     
   1102.7695759140743     
   1130.9916826681726     
   1149.3198840359962     
