   4.6209612066886869     
   4.6157656493600046     
   4.6004498679742118     
   4.5757280270795890     
   4.5426010766938871     
   4.5021999638835757     
   4.4556581181024493     
   4.4040490243009378     
   4.3483401890790372     
   4.2893836338943157     
   4.2279143707154319     
   4.1645576622462066     
   4.0998431304736496     
   4.0342139837046149     
   3.9680423544816930     
   3.9016377705606380     
   3.8352581669719785     
   3.7691174650036574     
   3.7033921906885543     
   3.6382281936988563     
   3.5737444947930053     
   3.5100385471964994     
   3.4471887928526384     
   3.3852582559645277     
   3.3242966794878712     
   3.2643426646169025     
   3.2054254418063794     
   3.1475660915543466     
   3.0907789623567163     
   3.0350726057320463     
   2.9804508741754439     
   2.9269137220104344     
   2.8744579006940891     
   2.8230775717268930     
   2.7727646578698142     
   2.7235092549392177     
   2.6752998278528799     
   2.6281235002281758     
   2.5819662066560123     
   2.5368129353897046     
   2.4926479003568560     
   2.4494548185659260     
   2.4072171369677280     
   2.3659182660221783     
   2.3255417184584251     
   2.2860711848217661     
   2.2474905337172046     
   2.2097837488297709     
   2.1729348439720124     
   2.1369277440921102     
   2.1017461969967224     
   2.0673737268692287     
   2.0337936610168841     
   2.0009892218021452     
   1.9689436504557898     
   1.9376403392873840     
   1.9070629428531776     
   1.8771954987807031     
   1.8480225502977814     
   1.8195292816448243     
   1.7917016314603389     
   1.7645263346111433     
   1.7379909136641463     
   1.7120835807779355     
   1.6867931048775491     
   1.6621086723209828     
   1.6380197601895850     
   1.6145160551915105     
   1.5915873779587144     
   1.5692236358515392     
   1.5474147919806613     
   1.5261508630098664     
   1.5054219499992365     
   1.4852182700261876     
   1.4655302005584425     
   1.4463482798688139     
   1.4276631708271377     
   1.4094656136057422     
   1.3917463749735228     
   1.3744962196750885     
   1.3577058970828368     
   1.3413661621422996     
   1.3254678253751984     
   1.3100018364439079     
   1.2949593814839371     
   1.2803319708985090     
   1.2661115227306521     
   1.2522904359670444     
   1.2388616524925880     
   1.2258187103357419     
   1.2131557719449346     
   1.2008676365263027     
   1.1889496828140074     
   1.1773977845602617     
   1.1662081932189725     
   1.1553774052017602     
   1.1449020793837619     
   1.1347789788336882     
   1.1250049759525853     
   1.1155770879001989     
   1.1064925041248828     
   1.0977486258214604     
   1.0893430696073987     
   1.0812737064451230     
   1.0735386933326763     
   1.0661365184868457     
   1.0590660360792188     
   1.0523264327542954     
   1.0459171594211920     
   1.0398377865313762     
   1.0340878391978157     
   1.0286666565779869     
   1.0235732668802147     
   1.0188063297683205     
   1.0143640954626838     
   1.0102444117682599     
   1.0064447318574579     
   1.0029621598907583     
  0.99979356471447189     
  0.99693572986481804     
  0.99438556751344065     
  0.99214032029342225     
  0.99019771421941594     
  0.98855602913451390     
  0.98721404562679660     
  0.98617095806534105     
  0.98542623696511855     
  0.98497953633404256     
  0.98483065840720396     
  0.98497953633404234     
  0.98542623696511855     
  0.98617095806534105     
  0.98721404562679660     
  0.98855602913451368     
  0.99019771421941583     
  0.99214032029342247     
  0.99438556751344065     
  0.99693572986481804     
  0.99979356471447189     
   1.0029621598907581     
   1.0064447318574579     
   1.0102444117682603     
   1.0143640954626834     
   1.0188063297683205     
   1.0235732668802147     
   1.0286666565779869     
   1.0340878391978157     
   1.0398377865313762     
   1.0459171594211918     
   1.0523264327542956     
   1.0590660360792188     
   1.0661365184868457     
   1.0735386933326763     
   1.0812737064451230     
   1.0893430696073989     
   1.0977486258214606     
   1.1064925041248830     
   1.1155770879001989     
   1.1250049759525851     
   1.1347789788336886     
   1.1449020793837619     
   1.1553774052017602     
   1.1662081932189725     
   1.1773977845602612     
   1.1889496828140071     
   1.2008676365263027     
   1.2131557719449346     
   1.2258187103357419     
   1.2388616524925880     
   1.2522904359670444     
   1.2661115227306519     
   1.2803319708985093     
   1.2949593814839373     
   1.3100018364439081     
   1.3254678253751984     
   1.3413661621422996     
   1.3577058970828368     
   1.3744962196750885     
   1.3917463749735228     
   1.4094656136057420     
   1.4276631708271377     
   1.4463482798688139     
   1.4655302005584425     
   1.4852182700261876     
   1.5054219499992365     
   1.5261508630098664     
   1.5474147919806613     
   1.5692236358515392     
   1.5915873779587144     
   1.6145160551915105     
   1.6380197601895850     
   1.6621086723209828     
   1.6867931048775491     
   1.7120835807779355     
   1.7379909136641463     
   1.7645263346111433     
   1.7917016314603389     
   1.8195292816448243     
   1.8480225502977814     
   1.8771954987807031     
   1.9070629428531776     
   1.9376403392873840     
   1.9689436504557898     
   2.0009892218021452     
   2.0337936610168836     
   2.0673737268692287     
   2.1017461969967224     
   2.1369277440921106     
   2.1729348439720124     
   2.2097837488297714     
   2.2474905337172046     
   2.2860711848217661     
   2.3255417184584251     
   2.3659182660221778     
   2.4072171369677280     
   2.4494548185659264     
   2.4926479003568560     
   2.5368129353897046     
   2.5819662066560123     
   2.6281235002281758     
   2.6752998278528799     
   2.7235092549392177     
   2.7727646578698142     
   2.8230775717268930     
   2.8744579006940891     
   2.9269137220104344     
   2.9804508741754439     
   3.0350726057320463     
   3.0907789623567163     
   3.1475660915543466     
   3.2054254418063794     
   3.2643426646169025     
   3.3242966794878712     
   3.3852582559645277     
   3.4471887928526384     
   3.5100385471964994     
   3.5737444947930053     
   3.6382281936988563     
   3.7033921906885543     
   3.7691174650036574     
   3.8352581669719785     
   3.9016377705606389     
   3.9680423544816930     
   4.0342139837046149     
   4.0998431304736505     
   4.1645576622462066     
   4.2279143707154319     
   4.2893836338943165     
   4.3483401890790372     
   4.4040490243009378     
   4.4556581181024493     
   4.5021999638835757     
   4.5426010766938871     
   4.5757280270795890     
   4.6004498679742118     
   4.6157656493600046     
