   95.784821612975776     
   95.675478620516984     
   95.350607914472334     
   94.819201304691504     
   94.094973611224589     
   93.194939670709985     
   92.137994990268510     
   90.943729321264570     
   89.631485281410136     
   88.219728142097438     
   86.725626437293599     
   85.164839179628530     
   83.551430784005106     
   81.897880949990451     
   80.215162137379551     
   78.512839505357533     
   76.799203142101902     
   75.081389560464586     
   73.365514123992867     
   71.656787229792656     
   69.959626726602622     
   68.277759523337423     
   66.614310156284134     
   64.971884789365959     
   63.352638227266389     
   61.758339755192807     
   60.190423543112232     
   58.650036475932247     
   57.138076608314279     
   55.655226451967380     
   54.201982672685162     
   52.778679710433799     
   51.385513435898645     
   50.022558850496765     
   48.689788601764448     
   47.387087038162946     
   46.114263756743668     
   44.871065156041119     
   43.657184349435305     
   42.472270811409700     
   41.315938130828414     
   40.187771927251482     
   39.087335851013300     
   38.014177597364323     
   36.967833431825440     
   35.947832201789623     
   34.953698164543091     
   33.984953093549919     
   33.041117755820530     
   32.121712332146238     
   31.226256633129935     
   30.354269407291035     
   29.505267524788529     
   28.678764799258964     
   27.874271278926262     
   27.091292844895634     
   26.329331516286132     
   25.587886624279729     
   24.866456764731101     
   24.164542474006836     
   23.481649152448302     
   22.817290217306251     
   22.170989881176478     
   21.542285709465670     
   20.930730513708461     
   20.335893554716719     
   19.757361146929188     
   19.194736706715322     
   18.647640465542494     
   18.115708861829663     
   17.598593768335565     
   17.095961617922619     
   16.607492690487224     
   16.132880554713712     
   15.671831655220668     
   15.224064933399550     
   14.789311380788025     
   14.367313356629657     
   13.957823664351675     
   13.560604329114856     
   13.175425039694700     
   12.802061507899605     
   12.440293923441006     
   12.089905829923477     
   11.750683342102089     
   11.422414766461955     
   11.104890581544376     
   10.797903637957274     
   10.501249568045825     
   10.214727127187921     
   9.9381384587806458     
   9.6712891998110990     
   9.4139884882075329     
   9.1660488712698154     
   8.9272860713282398     
   8.6975187738628410     
   8.4765684636983565     
   8.2642594694423419     
   8.0604192126998910     
   7.8648787073423572     
   7.6774733778013804     
   7.4980441417234847     
   7.3264386683113534     
   7.1625125512775938     
   7.0061302575656264     
   6.8571656122479370     
   6.7155017339296430     
   6.5810304742004453     
   6.4536513983813153     
   6.3332704552178347     
   6.2197983890468782     
   6.1131491044614901     
   6.0132381208714287     
   5.9199813598814828     
   5.8332944497549928     
   5.7530924982283018     
   5.6792903266158525     
   5.6118029446369091     
   5.5505461716247053     
   5.4954373344075647     
   5.4463959695682043     
   5.4033445485847746     
   5.3662093073845982     
   5.3349213125387394     
   5.3094177763616637     
   5.2896436918123824     
   5.2755536630879023     
   5.2671137075329506     
   5.2643027687360364     
   5.2671137075329462     
   5.2755536630879032     
   5.2896436918123806     
   5.3094177763616610     
   5.3349213125387394     
   5.3662093073845929     
   5.4033445485847782     
   5.4463959695682043     
   5.4954373344075620     
   5.5505461716247053     
   5.6118029446369118     
   5.6792903266158499     
   5.7530924982283045     
   5.8332944497549910     
   5.9199813598814854     
   6.0132381208714287     
   6.1131491044614892     
   6.2197983890468782     
   6.3332704552178374     
   6.4536513983813162     
   6.5810304742004497     
   6.7155017339296412     
   6.8571656122479387     
   7.0061302575656264     
   7.1625125512775929     
   7.3264386683113596     
   7.4980441417234864     
   7.6774733778013839     
   7.8648787073423589     
   8.0604192126998928     
   8.2642594694423472     
   8.4765684636983565     
   8.6975187738628374     
   8.9272860713282398     
   9.1660488712698118     
   9.4139884882075275     
   9.6712891998110990     
   9.9381384587806441     
   10.214727127187919     
   10.501249568045825     
   10.797903637957274     
   11.104890581544378     
   11.422414766461957     
   11.750683342102095     
   12.089905829923479     
   12.440293923441009     
   12.802061507899609     
   13.175425039694700     
   13.560604329114854     
   13.957823664351674     
   14.367313356629653     
   14.789311380788023     
   15.224064933399553     
   15.671831655220666     
   16.132880554713708     
   16.607492690487224     
   17.095961617922619     
   17.598593768335565     
   18.115708861829660     
   18.647640465542494     
   19.194736706715322     
   19.757361146929188     
   20.335893554716719     
   20.930730513708461     
   21.542285709465670     
   22.170989881176475     
   22.817290217306251     
   23.481649152448302     
   24.164542474006840     
   24.866456764731101     
   25.587886624279729     
   26.329331516286132     
   27.091292844895637     
   27.874271278926251     
   28.678764799258968     
   29.505267524788529     
   30.354269407291042     
   31.226256633129942     
   32.121712332146231     
   33.041117755820530     
   33.984953093549926     
   34.953698164543091     
   35.947832201789616     
   36.967833431825440     
   38.014177597364323     
   39.087335851013300     
   40.187771927251482     
   41.315938130828414     
   42.472270811409693     
   43.657184349435290     
   44.871065156041119     
   46.114263756743654     
   47.387087038162939     
   48.689788601764448     
   50.022558850496758     
   51.385513435898645     
   52.778679710433799     
   54.201982672685162     
   55.655226451967380     
   57.138076608314279     
   58.650036475932254     
   60.190423543112232     
   61.758339755192807     
   63.352638227266389     
   64.971884789365959     
   66.614310156284134     
   68.277759523337423     
   69.959626726602608     
   71.656787229792656     
   73.365514123992867     
   75.081389560464586     
   76.799203142101902     
   78.512839505357533     
   80.215162137379551     
   81.897880949990451     
   83.551430784005106     
   85.164839179628530     
   86.725626437293599     
   88.219728142097424     
   89.631485281410136     
   90.943729321264584     
   92.137994990268510     
   93.194939670709999     
   94.094973611224589     
   94.819201304691489     
   95.350607914472334     
   95.675478620516984     
