  0.33743443654760419     
  0.33740207276113687     
  0.33730521814192294     
  0.33714457163752681     
  0.33692126216513307     
  0.33663679970296889     
  0.33629301558373070     
  0.33589199810931164     
  0.33543602878984835     
  0.33492752312050289     
  0.33436897831209272     
  0.33376292909069877     
  0.33311191170673160     
  0.33241843565446971     
  0.33168496224362393     
  0.33091388901347318     
  0.33010753896890388     
  0.32926815369319529     
  0.32839788950825904     
  0.32749881597901948     
  0.32657291617204748     
  0.32562208817452742     
  0.32464814746146831     
  0.32365282977538945     
  0.32263779426050881     
  0.32160462667089867     
  0.32055484254459332     
  0.31948989029478148     
  0.31841115421072358     
  0.31731995738396646     
  0.31621756458257916     
  0.31510518509134716     
  0.31398397552291962     
  0.31285504258910413     
  0.31171944580650340     
  0.31057820010084414     
  0.30943227827029662     
  0.30828261326927403     
  0.30713010027775633     
  0.30597559852779715     
  0.30481993286776710     
  0.30366389506038827     
  0.30250824483193423     
  0.30135371071567801     
  0.30020099075587398     
  0.29905075315132368     
  0.29790363691425670     
  0.29676025260156852     
  0.29562118314586089     
  0.29448698478460694     
  0.29335818806420433     
  0.29223529888770744     
  0.29111879957968972     
  0.29000914995220178     
  0.28890678836545225     
  0.28781213277948292     
  0.28672558178938196     
  0.28564751563172180     
  0.28457829715031152     
  0.28351827271926683     
  0.28246777313643290     
  0.28142711451361913     
  0.28039659919447291     
  0.27937651672218639     
  0.27836714486129471     
  0.27736875065764488     
  0.27638159150512243     
  0.27540591618121946     
  0.27444196581577357     
  0.27348997476390907     
  0.27255017136162213     
  0.27162277854955696     
  0.27070801435731928     
  0.26980609225119978     
  0.26891722136208629     
  0.26804160662491566     
  0.26717944887189221     
  0.26633094492191040     
  0.26549628769884753     
  0.26467566639463613     
  0.26386926667702171     
  0.26307727093190825     
  0.26229985852709975     
  0.26153720608455017     
  0.26078948774611677     
  0.26005687540995920     
  0.25933953890156736     
  0.25863764602927664     
  0.25795136246580064     
  0.25728085140076945     
  0.25662627292685103     
  0.25598778315161802     
  0.25536553306293086     
  0.25475966720999893     
  0.25417032229006881     
  0.25359762574753331     
  0.25304169449592584     
  0.25250263386272620     
  0.25198053683290322     
  0.25147548363317440     
  0.25098754166126774     
  0.25051676573091997     
  0.25006319858093951     
  0.24962687158899330     
  0.24920780563625006     
  0.24880601208104677     
  0.24842149381130899     
  0.24805424635079193     
  0.24770425899406501     
  0.24737151594283902     
  0.24705599741724493     
  0.24675768072228665     
  0.24647654125972809     
  0.24621255348574406     
  0.24596569181866695     
  0.24573593149803297     
  0.24552324938501283     
  0.24532762467956601     
  0.24514903951480979     
  0.24498747938109236     
  0.24484293333475091     
  0.24471539396216083     
  0.24460485709608321     
  0.24451132131177519     
  0.24443478725803280     
  0.24437525689714448     
  0.24433273273626993     
  0.24430721713102344     
  0.24429871173226297     
  0.24430721713102344     
  0.24433273273626993     
  0.24437525689714443     
  0.24443478725803280     
  0.24451132131177519     
  0.24460485709608321     
  0.24471539396216083     
  0.24484293333475091     
  0.24498747938109236     
  0.24514903951480979     
  0.24532762467956601     
  0.24552324938501283     
  0.24573593149803297     
  0.24596569181866695     
  0.24621255348574406     
  0.24647654125972809     
  0.24675768072228665     
  0.24705599741724493     
  0.24737151594283902     
  0.24770425899406501     
  0.24805424635079193     
  0.24842149381130899     
  0.24880601208104672     
  0.24920780563625006     
  0.24962687158899333     
  0.25006319858093951     
  0.25051676573091997     
  0.25098754166126774     
  0.25147548363317440     
  0.25198053683290328     
  0.25250263386272620     
  0.25304169449592584     
  0.25359762574753331     
  0.25417032229006881     
  0.25475966720999893     
  0.25536553306293086     
  0.25598778315161802     
  0.25662627292685103     
  0.25728085140076939     
  0.25795136246580064     
  0.25863764602927664     
  0.25933953890156736     
  0.26005687540995920     
  0.26078948774611677     
  0.26153720608455017     
  0.26229985852709975     
  0.26307727093190825     
  0.26386926667702171     
  0.26467566639463613     
  0.26549628769884753     
  0.26633094492191040     
  0.26717944887189221     
  0.26804160662491566     
  0.26891722136208629     
  0.26980609225119978     
  0.27070801435731928     
  0.27162277854955696     
  0.27255017136162213     
  0.27348997476390907     
  0.27444196581577357     
  0.27540591618121946     
  0.27638159150512243     
  0.27736875065764488     
  0.27836714486129471     
  0.27937651672218639     
  0.28039659919447291     
  0.28142711451361913     
  0.28246777313643290     
  0.28351827271926683     
  0.28457829715031152     
  0.28564751563172180     
  0.28672558178938196     
  0.28781213277948292     
  0.28890678836545225     
  0.29000914995220178     
  0.29111879957968972     
  0.29223529888770744     
  0.29335818806420433     
  0.29448698478460694     
  0.29562118314586089     
  0.29676025260156852     
  0.29790363691425670     
  0.29905075315132368     
  0.30020099075587403     
  0.30135371071567801     
  0.30250824483193423     
  0.30366389506038827     
  0.30481993286776710     
  0.30597559852779715     
  0.30713010027775633     
  0.30828261326927403     
  0.30943227827029662     
  0.31057820010084414     
  0.31171944580650340     
  0.31285504258910407     
  0.31398397552291962     
  0.31510518509134716     
  0.31621756458257921     
  0.31731995738396646     
  0.31841115421072358     
  0.31948989029478148     
  0.32055484254459332     
  0.32160462667089873     
  0.32263779426050881     
  0.32365282977538945     
  0.32464814746146831     
  0.32562208817452742     
  0.32657291617204748     
  0.32749881597901948     
  0.32839788950825904     
  0.32926815369319529     
  0.33010753896890388     
  0.33091388901347318     
  0.33168496224362393     
  0.33241843565446971     
  0.33311191170673160     
  0.33376292909069877     
  0.33436897831209272     
  0.33492752312050289     
  0.33543602878984835     
  0.33589199810931170     
  0.33629301558373070     
  0.33663679970296889     
  0.33692126216513302     
  0.33714457163752681     
  0.33730521814192294     
  0.33740207276113687     
