   2719.8013828036646     
   2653.3896918578321     
   2498.1607444260289     
   2298.7087367094464     
   2086.6981808854271     
   1884.6244113397033     
   1696.6360567339952     
   1528.2456472283573     
   1378.7919616885642     
   1245.6033495943509     
   1128.8247912665518     
   1024.2632637010076     
   931.95995856591310     
   849.21092238369010     
   775.10976315228470     
   708.70219304526381     
   648.48214023741798     
   594.39721602611883     
   544.97902117917511     
   500.36356980092859     
   459.36167019520457     
   422.06822845381402     
   387.67318180866016     
   356.22094776405277     
   327.11231812838349     
   300.39398851511737     
   275.54339327783447     
   252.66033801662974     
   231.24448351720653     
   211.47724044781128     
   192.88044743970474     
   175.71493283497506     
   159.53416725124850     
   144.61831542024697     
   130.58160733281471     
   117.60201041640281     
   105.36572671627447     
   93.972965011426012     
   83.248252271581435     
   73.241417243949670     
   63.853676515487841     
   55.080986060629108     
   46.814583664873460     
   39.027749572866405     
   31.623576084849557     
   24.630551091062213     
   17.984264394249283     
   11.727803791575431     
   5.8228711331125949     
  0.26547954240928545     
  -4.9431223158265025     
  -9.8476477863637903     
  -14.438396003193516     
  -18.771738669028771     
  -22.836477450237929     
  -26.662689320411086     
  -30.231165616262722     
  -33.565976311433189     
  -36.651642916823562     
  -39.510917042796990     
  -42.148640092924829     
  -44.613127748533913     
  -46.917164871478015     
  -49.114723864868218     
  -51.200641200316326     
  -53.194823050153850     
  -55.061151603250821     
  -56.811626458066236     
  -58.450130038478633     
  -60.022858265612143     
  -61.554370811571303     
  -63.070997463168318     
  -64.567586063715666     
  -66.050883795503367     
  -67.511322281948566     
  -68.956521205270676     
  -70.378503332873038     
  -71.788191721566903     
  -73.174907736213484     
  -74.528974484690721     
  -75.831051373388547     
  -77.064726948906056     
  -78.235385055979449     
  -79.350528155926014     
  -80.411467587323315     
  -81.413640241997484     
  -82.337578445556758     
  -83.170146577218830     
  -83.898785359198769     
  -84.517039383126260     
  -85.014812687558546     
  -85.381298571841640     
  -85.616081791426353     
  -85.716599172668182     
  -85.702822422148472     
  -85.591512517188690     
  -85.416945770146299     
  -85.201385642110694     
  -84.962636194534312     
  -84.712133807902759     
  -84.449767923188759     
  -84.171074810031868     
  -83.871079427141893     
  -83.549463061609671     
  -83.225091472393814     
  -82.916709118078089     
  -82.654954828236029     
  -82.443429762767693     
  -82.276043006578121     
  -82.118262369311594     
  -81.946323736448946     
  -81.744839389152958     
  -81.508289018421920     
  -81.243885368383729     
  -80.966896128920922     
  -80.679798574791448     
  -80.388400201967329     
  -80.085020662533694     
  -79.782754537444404     
  -79.498843833543376     
  -79.257160553264114     
  -79.050519619626201     
  -78.871549723889245     
  -78.712506040291728     
  -78.572706075043584     
  -78.449185219763550     
  -78.350966786223267     
  -78.284615534396437     
  -78.263944074698742     
  -78.284615534396437     
  -78.350966786223211     
  -78.449185219763521     
  -78.572706075043570     
  -78.712506040291728     
  -78.871549723889245     
  -79.050519619626172     
  -79.257160553264114     
  -79.498843833543404     
  -79.782754537444390     
  -80.085020662533694     
  -80.388400201967357     
  -80.679798574791491     
  -80.966896128920979     
  -81.243885368383687     
  -81.508289018421920     
  -81.744839389152972     
  -81.946323736448903     
  -82.118262369311623     
  -82.276043006578149     
  -82.443429762767721     
  -82.654954828236043     
  -82.916709118078003     
  -83.225091472393814     
  -83.549463061609700     
  -83.871079427141837     
  -84.171074810031854     
  -84.449767923188745     
  -84.712133807902731     
  -84.962636194534312     
  -85.201385642110594     
  -85.416945770146299     
  -85.591512517188704     
  -85.702822422148486     
  -85.716599172668197     
  -85.616081791426367     
  -85.381298571841683     
  -85.014812687558532     
  -84.517039383126274     
  -83.898785359198769     
  -83.170146577218816     
  -82.337578445556730     
  -81.413640241997498     
  -80.411467587323273     
  -79.350528155925986     
  -78.235385055979393     
  -77.064726948905999     
  -75.831051373388547     
  -74.528974484690806     
  -73.174907736213527     
  -71.788191721566960     
  -70.378503332873052     
  -68.956521205270647     
  -67.511322281948580     
  -66.050883795503381     
  -64.567586063715666     
  -63.070997463168339     
  -61.554370811571324     
  -60.022858265612157     
  -58.450130038478605     
  -56.811626458066208     
  -55.061151603250813     
  -53.194823050153850     
  -51.200641200316326     
  -49.114723864868274     
  -46.917164871478086     
  -44.613127748533969     
  -42.148640092924843     
  -39.510917042796969     
  -36.651642916823555     
  -33.565976311433232     
  -30.231165616262722     
  -26.662689320411030     
  -22.836477450237940     
  -18.771738669028757     
  -14.438396003193507     
  -9.8476477863637459     
  -4.9431223158264359     
  0.26547954240928540     
   5.8228711331125949     
   11.727803791575475     
   17.984264394249266     
   24.630551091062248     
   31.623576084849535     
   39.027749572866419     
   46.814583664873538     
   55.080986060629122     
   63.853676515487841     
   73.241417243949641     
   83.248252271581336     
   93.972965011425956     
   105.36572671627438     
   117.60201041640273     
   130.58160733281468     
   144.61831542024689     
   159.53416725124850     
   175.71493283497512     
   192.88044743970468     
   211.47724044781134     
   231.24448351720662     
   252.66033801662974     
   275.54339327783441     
   300.39398851511737     
   327.11231812838349     
   356.22094776405282     
   387.67318180866010     
   422.06822845381396     
   459.36167019520451     
   500.36356980092859     
   544.97902117917488     
   594.39721602611871     
   648.48214023741798     
   708.70219304526381     
   775.10976315228470     
   849.21092238369010     
   931.95995856591298     
   1024.2632637010076     
   1128.8247912665518     
   1245.6033495943509     
   1378.7919616885642     
   1528.2456472283573     
   1696.6360567339952     
   1884.6244113397036     
   2086.6981808854271     
   2298.7087367094464     
   2498.1607444260289     
   2653.3896918578321     
