  6.15838510330418004E-002
  6.15799024801464701E-002
  6.15680788019984590E-002
  6.15484452288228290E-002
  6.15211081743171073E-002
  6.14862120049703698E-002
  6.14439349218558264E-002
  6.13944842715409278E-002
  6.13380915975767146E-002
  6.12750077049471209E-002
  6.12054979515161274E-002
  6.11298379166618985E-002
  6.10483095376015694E-002
  6.09611977541384895E-002
  6.08687876646637552E-002
  6.07713621698545217E-002
  6.06692000637744158E-002
  6.05625745229966816E-002
  6.04517519406786649E-002
  6.03369910526773481E-002
  6.02185423055413491E-002
  6.00966474207824466E-002
  5.99715391154329105E-002
  5.98434409452400159E-002
  5.97125672431458379E-002
  5.95791231318069520E-002
  5.94433045942975857E-002
  5.93052985917893391E-002
  5.91652832206740822E-002
  5.90234279045319665E-002
  5.88798936182921215E-002
  5.87348331431818763E-002
  5.85883913515937993E-002
  5.84407055209185608E-002
  5.82919056749027220E-002
  5.81421149502740278E-002
  5.79914499854069856E-002
  5.78400213267436583E-002
  5.76879338476852035E-002
  5.75352871738243551E-002
  5.73821761078903703E-002
  5.72286910476125510E-002
  5.70749183900752036E-002
  5.69209409168471361E-002
  5.67668381551975007E-002
  5.66126867118919991E-002
  5.64585605772385327E-002
  5.63045313981379372E-002
  5.61506687198254986E-002
  5.59970401968564943E-002
  5.58437117745403389E-002
  5.56907478427050226E-002
  5.55382113641835068E-002
  5.53861639807222347E-002
  5.52346660992553626E-002
  5.50837769613831338E-002
  5.49335546987424483E-002
  5.47840563766706784E-002
  5.46353380284365781E-002
  5.44874546821569189E-002
  5.43404603826854321E-002
  5.41944082108590172E-002
  5.40493503027129757E-002
  5.39053378713319278E-002
  5.37624212339334329E-002
  5.36206498464655776E-002
  5.34800723474224346E-002
  5.33407366117156639E-002
  5.32026898143053567E-002
  5.30659785020491659E-002
  5.29306486709045301E-002
  5.27967458445941507E-002
  5.26643151501850065E-002
  5.25334013859487109E-002
  5.24040490772972462E-002
  5.22763025174296653E-002
  5.21502057904430563E-002
  5.20258027758112723E-002
  5.19031371343461681E-002
  5.17822522767833540E-002
  5.16631913171335180E-002
  5.15459970136777357E-002
  5.14307117010902592E-002
  5.13173772174120163E-002
  5.12060348294437750E-002
  5.10967251596391517E-002
  5.09894881166934530E-002
  5.08843628309509979E-002
  5.07813875945601761E-002
  5.06805998052978560E-002
  5.05820359120905116E-002
  5.04857313598370966E-002
  5.03917205310454239E-002
  5.03000366821446665E-002
  5.02107118730666449E-002
  5.01237768896052385E-002
  5.00392611590588371E-002
  4.99571926605397315E-002
  4.98775978319950242E-002
  4.98005014763740761E-002
  4.97259266696553071E-002
  4.96538946736124059E-002
  4.95844248564309559E-002
  4.95175346245890213E-002
  4.94532393697639863E-002
  4.93915524347062068E-002
  4.93324851021268787E-002
  4.92760466103202913E-002
  4.92222441985759596E-002
  4.91710831843652010E-002
  4.91225670727802183E-002
  4.90766976969911201E-002
  4.90334753865651479E-002
  4.89928991587391602E-002
  4.89549669262586071E-002
  4.89196757144157307E-002
  4.88870218795287720E-002
  4.88570013213741397E-002
  4.88296096828745863E-002
  4.88048425315057086E-002
  4.87826955183110963E-002
  4.87631645119628795E-002
  4.87462457067927846E-002
  4.87319357053084407E-002
  4.87202315771302005E-002
  4.87111308975716958E-002
  4.87046317700207815E-002
  4.87007328367864492E-002
  4.86994332829150597E-002
  4.87007328367864492E-002
  4.87046317700207815E-002
  4.87111308975716958E-002
  4.87202315771302005E-002
  4.87319357053084407E-002
  4.87462457067927846E-002
  4.87631645119628865E-002
  4.87826955183110963E-002
  4.88048425315057086E-002
  4.88296096828745863E-002
  4.88570013213741328E-002
  4.88870218795287720E-002
  4.89196757144157307E-002
  4.89549669262586071E-002
  4.89928991587391602E-002
  4.90334753865651479E-002
  4.90766976969911201E-002
  4.91225670727802183E-002
  4.91710831843652010E-002
  4.92222441985759596E-002
  4.92760466103202913E-002
  4.93324851021268787E-002
  4.93915524347062207E-002
  4.94532393697639863E-002
  4.95175346245890213E-002
  4.95844248564309559E-002
  4.96538946736123990E-002
  4.97259266696553071E-002
  4.98005014763740692E-002
  4.98775978319950242E-002
  4.99571926605397315E-002
  5.00392611590588371E-002
  5.01237768896052316E-002
  5.02107118730666449E-002
  5.03000366821446665E-002
  5.03917205310454239E-002
  5.04857313598370966E-002
  5.05820359120905116E-002
  5.06805998052978560E-002
  5.07813875945601761E-002
  5.08843628309509979E-002
  5.09894881166934530E-002
  5.10967251596391517E-002
  5.12060348294437750E-002
  5.13173772174120163E-002
  5.14307117010902592E-002
  5.15459970136777357E-002
  5.16631913171335180E-002
  5.17822522767833540E-002
  5.19031371343461681E-002
  5.20258027758112723E-002
  5.21502057904430563E-002
  5.22763025174296653E-002
  5.24040490772972462E-002
  5.25334013859487109E-002
  5.26643151501850065E-002
  5.27967458445941507E-002
  5.29306486709045301E-002
  5.30659785020491659E-002
  5.32026898143053567E-002
  5.33407366117156639E-002
  5.34800723474224346E-002
  5.36206498464655706E-002
  5.37624212339334329E-002
  5.39053378713319278E-002
  5.40493503027129757E-002
  5.41944082108590172E-002
  5.43404603826854321E-002
  5.44874546821569189E-002
  5.46353380284365781E-002
  5.47840563766706784E-002
  5.49335546987424483E-002
  5.50837769613831338E-002
  5.52346660992553626E-002
  5.53861639807222347E-002
  5.55382113641835068E-002
  5.56907478427050226E-002
  5.58437117745403389E-002
  5.59970401968564943E-002
  5.61506687198254986E-002
  5.63045313981379372E-002
  5.64585605772385327E-002
  5.66126867118919991E-002
  5.67668381551975007E-002
  5.69209409168471361E-002
  5.70749183900752036E-002
  5.72286910476125510E-002
  5.73821761078903703E-002
  5.75352871738243551E-002
  5.76879338476852035E-002
  5.78400213267436583E-002
  5.79914499854069856E-002
  5.81421149502740278E-002
  5.82919056749027220E-002
  5.84407055209185608E-002
  5.85883913515937993E-002
  5.87348331431818763E-002
  5.88798936182921215E-002
  5.90234279045319665E-002
  5.91652832206740822E-002
  5.93052985917893391E-002
  5.94433045942975857E-002
  5.95791231318069520E-002
  5.97125672431458379E-002
  5.98434409452400159E-002
  5.99715391154329105E-002
  6.00966474207824466E-002
  6.02185423055413560E-002
  6.03369910526773481E-002
  6.04517519406786649E-002
  6.05625745229966816E-002
  6.06692000637744158E-002
  6.07713621698545217E-002
  6.08687876646637621E-002
  6.09611977541384895E-002
  6.10483095376015694E-002
  6.11298379166618985E-002
  6.12054979515161274E-002
  6.12750077049471209E-002
  6.13380915975767146E-002
  6.13944842715409278E-002
  6.14439349218558264E-002
  6.14862120049703698E-002
  6.15211081743171073E-002
  6.15484452288228290E-002
  6.15680788019984590E-002
  6.15799024801464701E-002
