 15.7283357489010704
 15.4930083668627017
 14.9377719848998236
 14.2537037608448731
 13.5285772242311300
 12.8243484091697528
 12.1576444221952151
 11.5369157906572273
 10.9646554350660690
 10.4346475480342615
 9.94644923620459664
 9.49357257072925975
 9.07366034346348371
 8.68324107749380580
 8.31865925650740934
 7.97840576987504857
 7.65938627673352013
 7.36011336681038930
 7.07842827453769541
 6.81264463308249812
 6.56143341122311874
 6.32351082994734348
 6.09791348867991267
 5.88372404448182706
 5.67994906742261652
 5.48595676394141218
 5.30084739433365559
 5.12418736862308855
 4.95544581002254514
 4.79436230375898909
 4.64046954012350898
 4.49339049529305523
 4.35260296234613175
 4.21774148433985729
 4.08832363270151777
 3.96412055098566540
 3.84489210237449885
 3.73043251919195029
 3.62043435097080302
 3.51461807443648189
 3.41269658738283654
 3.31443060082037810
 3.21959110457625686
 3.12799542992950341
 3.03948964352015194
 2.95399530258209086
 2.87143453306258589
 2.79171534619070583
 2.71476946349594650
 2.64050110878196564
 2.56880335171228813
 2.49960253715372138
 2.43283153071279035
 2.36835147760914833
 2.30605805248544371
 2.24586888343828495
 2.18770172019397124
 2.13140220863433250
 2.07679099222641161
 2.02371325627568366
 1.97207315019908158
 1.92176322250273168
 1.87267037817964810
 1.82470144073622809
 1.77781563104060036
 1.73203455275915874
 1.68748960374808998
 1.64431480197726931
 1.60257982391383580
 1.56225622701280997
 1.52323617247544973
 1.48539259012573499
 1.44866108811887928
 1.41303936026840304
 1.37851900712674991
 1.34507553030616100
 1.31271914949956492
 1.28148393666125737
 1.25142966992824767
 1.22261320864273193
 1.19502164260626564
 1.16853984585345838
 1.14304491775403805
 1.11845729776495961
 1.09472868951194213
 1.07185828877705935
 1.04981568808478487
 1.02851576308240356
 1.00789511185051128
 0.987934359977303944
 0.968630056844516640
 0.949910811422218004
 0.931690638668764226
 0.913961596406847154
 0.896751518020760141
 0.880089214112065532
 0.864023465665542778
 0.848606554341930885
 0.833877050912216200
 0.819891059377867215
 0.806726266523132396
 0.794428385431850792
 0.782956403575409632
 0.772211941183853945
 0.762106106376871373
 0.752540817118905969
 0.743452522161602514
 0.734846973289054128
 0.726770154068793750
 0.719313646691221886
 0.712538431023578389
 0.706455578729135558
 0.701064859913490546
 0.696305037150868111
 0.692039188090891488
 0.688126454059451720
 0.684501303568253339
 0.681171712984222411
 0.678182686143804836
 0.675587906769455904
 0.673441307299239900
 0.671792093255161871
 0.670611169366710835
 0.669774300498285458
 0.669165105876001642
 0.668720236403679391
 0.668413657670822281
 0.668256454568459501
 0.668218282490961824
 0.668256454568460501
 0.668413657670822614
 0.668720236403680390
 0.669165105876002198
 0.669774300498285680
 0.670611169366711057
 0.671792093255161538
 0.673441307299240233
 0.675587906769456570
 0.678182686143805502
 0.681171712984222633
 0.684501303568253561
 0.688126454059451942
 0.692039188090891599
 0.696305037150868222
 0.701064859913490768
 0.706455578729135891
 0.712538431023578833
 0.719313646691221997
 0.726770154068794083
 0.734846973289054128
 0.743452522161602514
 0.752540817118906080
 0.762106106376871817
 0.772211941183853945
 0.782956403575409965
 0.794428385431850681
 0.806726266523132618
 0.819891059377867659
 0.833877050912216422
 0.848606554341931218
 0.864023465665542778
 0.880089214112065310
 0.896751518020759808
 0.913961596406847376
 0.931690638668763782
 0.949910811422217782
 0.968630056844516640
 0.987934359977303611
 1.00789511185051106
 1.02851576308240311
 1.04981568808478487
 1.07185828877705891
 1.09472868951194191
 1.11845729776496028
 1.14304491775403805
 1.16853984585345905
 1.19502164260626587
 1.22261320864273215
 1.25142966992824767
 1.28148393666125759
 1.31271914949956492
 1.34507553030616056
 1.37851900712674946
 1.41303936026840349
 1.44866108811887928
 1.48539259012573521
 1.52323617247544996
 1.56225622701280997
 1.60257982391383580
 1.64431480197726931
 1.68748960374808954
 1.73203455275915874
 1.77781563104060036
 1.82470144073622809
 1.87267037817964854
 1.92176322250273146
 1.97207315019908136
 2.02371325627568233
 2.07679099222641206
 2.13140220863433294
 2.18770172019397124
 2.24586888343828583
 2.30605805248544327
 2.36835147760914877
 2.43283153071278946
 2.49960253715372138
 2.56880335171228813
 2.64050110878196520
 2.71476946349594650
 2.79171534619070583
 2.87143453306258589
 2.95399530258209086
 3.03948964352015150
 3.12799542992950297
 3.21959110457625686
 3.31443060082037810
 3.41269658738283699
 3.51461807443648189
 3.62043435097080302
 3.73043251919195029
 3.84489210237449885
 3.96412055098566452
 4.08832363270151777
 4.21774148433985641
 4.35260296234613175
 4.49339049529305523
 4.64046954012350898
 4.79436230375898909
 4.95544581002254514
 5.12418736862308855
 5.30084739433365648
 5.48595676394141307
 5.67994906742261740
 5.88372404448182706
 6.09791348867991267
 6.32351082994734348
 6.56143341122311785
 6.81264463308249901
 7.07842827453769630
 7.36011336681038930
 7.65938627673352190
 7.97840576987504857
 8.31865925650740934
 8.68324107749380580
 9.07366034346348194
 9.49357257072925975
 9.94644923620459664
 10.4346475480342615
 10.9646554350660690
 11.5369157906572291
 12.1576444221952151
 12.8243484091697546
 13.5285772242311300
 14.2537037608448731
 14.9377719848998236
 15.4930083668627034
