   61.248010194477139     
   61.131790878461011     
   60.788596642835863     
   60.233743411702584     
   59.489694664575843     
   58.582832175525922     
   57.540616921784327     
   56.389543451315625     
   55.153896931987255     
   53.855147985484734     
   52.511786710844646     
   51.139425585073049     
   49.751046590786437     
   48.357309860864689     
   46.966873949835794     
   45.586699450512043     
   44.222322092624651     
   42.878090502916749     
   41.557369559573630     
   40.262713228060605     
   38.996010968722317     
   37.758611103320476     
   36.551423692219181     
   35.375005528228080     
   34.229630026034570     
   33.115344790102021     
   32.032019220589206     
   30.979383736955633     
   29.957061745417274     
   28.964595238439713     
   28.001464878237154     
   27.067105478826193     
   26.160918061235911     
   25.282279676903986     
   24.430551771539818     
   23.605087305173491     
   22.805236384555485     
   22.030350140976523     
   21.279782981598377     
   20.552893851167997     
   19.849047324820880     
   19.167615114992536     
   18.507978082913045     
   17.869528405672256     
   17.251671494691177     
   16.653827468187110     
   16.075432124130746     
   15.515937290109168     
   14.974810313605248     
   14.451532517054074     
   13.945596730029784     
   13.456504377134385     
   12.983762761698767     
   12.526883056943836     
   12.085379252171045     
   11.658768096383577     
   11.246569985639763     
   10.848310670957735     
   10.463523532325610     
   10.091751997681206     
   9.7325516209606491     
   9.3854914325423966     
   9.0501544162134842     
   8.7261373162266818     
   8.4130502895123502     
   8.1105169467996969     
   7.8181750361691780     
   7.5356776613676066     
   7.2626946970360713     
   6.9989139773675060     
   6.7440418628007643     
   6.4978029101852481     
   6.2599385844415529     
   6.0302052092831131     
   5.8083715051461029     
   5.5942160327548738     
   5.3875247327762708     
   5.1880886503592993     
   4.9957019345423577     
   4.8101602584657090     
   4.6312598529776290     
   4.4587973526996105     
   4.2925705730411527     
   4.1323801194294223     
   3.9780314035933455     
   3.8293364208394238     
   3.6861147595884969     
   3.5481937079377470     
   3.4154076892220653     
   3.2875974268542243     
   3.1646092678373967     
   3.0462950645888589     
   2.9325129269944190     
   2.8231289576001428     
   2.7180197365340084     
   2.6170749323143543     
   2.5201992114256542     
   2.4273127376832107     
   2.3383499160409320     
   2.2532564859441204     
   2.1719854847211599     
   2.0944928709057318     
   2.0207335978769554     
   1.9506586700834920     
   1.8842133590511567     
   1.8213364360176605     
   1.7619600587880060     
   1.7060099188875961     
   1.6534054514140037     
   1.6040601877255940     
   1.5578824712288499     
   1.5147766851754505     
   1.4746449637688621     
   1.4373892504004255     
   1.4029136128618618     
   1.3711268079924201     
   1.3419449915643265     
   1.3152941739881432     
   1.2911118186409838     
   1.2693471504723228     
   1.2499602022321690     
   1.2329200063486627     
   1.2182024063210666     
   1.2057878402616373     
   1.1956594330961401     
   1.1878018368516901     
   1.1822011622937392     
   1.1788459168246130     
   1.1777284067488585     
   1.1788459168246130     
   1.1822011622937401     
   1.1878018368516889     
   1.1956594330961408     
   1.2057878402616367     
   1.2182024063210652     
   1.2329200063486634     
   1.2499602022321690     
   1.2693471504723208     
   1.2911118186409833     
   1.3152941739881427     
   1.3419449915643251     
   1.3711268079924201     
   1.4029136128618598     
   1.4373892504004249     
   1.4746449637688621     
   1.5147766851754487     
   1.5578824712288517     
   1.6040601877255958     
   1.6534054514140040     
   1.7060099188875959     
   1.7619600587880064     
   1.8213364360176634     
   1.8842133590511567     
   1.9506586700834925     
   2.0207335978769576     
   2.0944928709057327     
   2.1719854847211604     
   2.2532564859441226     
   2.3383499160409329     
   2.4273127376832133     
   2.5201992114256542     
   2.6170749323143494     
   2.7180197365340075     
   2.8231289576001397     
   2.9325129269944181     
   3.0462950645888571     
   3.1646092678373954     
   3.2875974268542230     
   3.4154076892220653     
   3.5481937079377484     
   3.6861147595884978     
   3.8293364208394243     
   3.9780314035933482     
   4.1323801194294250     
   4.2925705730411554     
   4.4587973526996132     
   4.6312598529776290     
   4.8101602584657090     
   4.9957019345423577     
   5.1880886503592967     
   5.3875247327762699     
   5.5942160327548729     
   5.8083715051461011     
   6.0302052092831122     
   6.2599385844415529     
   6.4978029101852481     
   6.7440418628007581     
   6.9989139773675051     
   7.2626946970360722     
   7.5356776613676084     
   7.8181750361691789     
   8.1105169467996969     
   8.4130502895123502     
   8.7261373162266818     
   9.0501544162134842     
   9.3854914325423966     
   9.7325516209606509     
   10.091751997681206     
   10.463523532325611     
   10.848310670957735     
   11.246569985639763     
   11.658768096383577     
   12.085379252171045     
   12.526883056943838     
   12.983762761698767     
   13.456504377134387     
   13.945596730029786     
   14.451532517054071     
   14.974810313605248     
   15.515937290109168     
   16.075432124130749     
   16.653827468187110     
   17.251671494691177     
   17.869528405672256     
   18.507978082913045     
   19.167615114992536     
   19.849047324820880     
   20.552893851167997     
   21.279782981598373     
   22.030350140976523     
   22.805236384555485     
   23.605087305173484     
   24.430551771539818     
   25.282279676903979     
   26.160918061235911     
   27.067105478826200     
   28.001464878237147     
   28.964595238439717     
   29.957061745417271     
   30.979383736955629     
   32.032019220589206     
   33.115344790102021     
   34.229630026034570     
   35.375005528228080     
   36.551423692219174     
   37.758611103320476     
   38.996010968722317     
   40.262713228060605     
   41.557369559573630     
   42.878090502916749     
   44.222322092624651     
   45.586699450512043     
   46.966873949835794     
   48.357309860864682     
   49.751046590786430     
   51.139425585073049     
   52.511786710844646     
   53.855147985484734     
   55.153896931987255     
   56.389543451315625     
   57.540616921784327     
   58.582832175525922     
   59.489694664575843     
   60.233743411702584     
   60.788596642835856     
   61.131790878461011     
