   8.5220539104380908     
   8.4910894696761936     
   8.4070004460515495     
   8.2815155324011833     
   8.1268011758662162     
   7.9533975615632881     
   7.7681010639523649     
   7.5767389473539053     
   7.3831461838015322     
   7.1896888403552142     
   6.9985219148628648     
   6.8104976811094291     
   6.6266551282176165     
   6.4473834674736699     
   6.2729827272598193     
   6.1036949982757704     
   5.9394460194825847     
   5.7803500199993394     
   5.6262164307402891     
   5.4770495560487999     
   5.3326497159222281     
   5.1929680879833757     
   5.0577996456264760     
   4.9270806055500707     
   4.8005890073990818     
   4.6782589463343411     
   4.5598616189590562     
   4.4453436734894778     
   4.3344969985230364     
   4.2272807016106233     
   4.1235088817786441     
   4.0231410156842760     
   3.9260092139422573     
   3.8320641995172688     
   3.7411516437180570     
   3.6532128425201686     
   3.5681070003095083     
   3.4857718365909651     
   3.4060816454150662     
   3.3289702841722608     
   3.2543194919751355     
   3.1820537348741058     
   3.1120606883088175     
   3.0442625533470244     
   2.9785611529106584     
   2.9148839446023689     
   2.8531492276565733     
   2.7932964171176873     
   2.7352654487053796     
   2.6790100607173111     
   2.6244830762707232     
   2.5716409131696150     
   2.5204425934577595     
   2.4708444300905232     
   2.4228047968368185     
   2.3762732016763533     
   2.3311981344514212     
   2.2875223105115983     
   2.2451937648538891     
   2.2041567256476977     
   2.1643645626871129     
   2.1257670055386351     
   2.0883241705938502     
   2.0519924224101436     
   2.0167353066108835     
   1.9825133496003715     
   1.9492930291984343     
   1.9170405310433543     
   1.8857301074324018     
   1.8553376846011109     
   1.8258474382035026     
   1.7972445279888907     
   1.7695185668707987     
   1.7426531368880895     
   1.7166296679044608     
   1.6914232017602366     
   1.6670081964962178     
   1.6433605542318364     
   1.6204588934295376     
   1.5982852761599788     
   1.5768242893129372     
   1.5560611680846237     
   1.5359776013412212     
   1.5165523726336061     
   1.4977644007895143     
   1.4795984337251715     
   1.4620461680557792     
   1.4451076256725914     
   1.4287835636354094     
   1.4130742179500457     
   1.3979718072559504     
   1.3834632909811486     
   1.3695248996163054     
   1.3561264191836777     
   1.3432312243372018     
   1.3308038758246568     
   1.3188104107017755     
   1.3072254405466428     
   1.2960274438202812     
   1.2852029984322342     
   1.2747407020523598     
   1.2646374006114032     
   1.2548934222590808     
   1.2455148433235894     
   1.2365067743363687     
   1.2278751573251732     
   1.2196197163948834     
   1.2117393380549677     
   1.2042262877700782     
   1.1970702612316639     
   1.1902563502425849     
   1.1837711575018233     
   1.1776012175456534     
   1.1717402853826167     
   1.1661838510242144     
   1.1609356619388453     
   1.1560013902167825     
   1.1513944653699983     
   1.1471291448819776     
   1.1432219297795057     
   1.1396848963932058     
   1.1365292623482415     
   1.1337605030331523     
   1.1313868329997003     
   1.1294148649759996     
   1.1278572222448673     
   1.1267270418622901     
   1.1260409523449542     
   1.1258102825343415     
   1.1260409523449542     
   1.1267270418622901     
   1.1278572222448673     
   1.1294148649759996     
   1.1313868329997006     
   1.1337605030331519     
   1.1365292623482415     
   1.1396848963932058     
   1.1432219297795057     
   1.1471291448819778     
   1.1513944653699981     
   1.1560013902167818     
   1.1609356619388453     
   1.1661838510242142     
   1.1717402853826162     
   1.1776012175456534     
   1.1837711575018230     
   1.1902563502425851     
   1.1970702612316642     
   1.2042262877700787     
   1.2117393380549679     
   1.2196197163948830     
   1.2278751573251732     
   1.2365067743363687     
   1.2455148433235899     
   1.2548934222590813     
   1.2646374006114034     
   1.2747407020523600     
   1.2852029984322344     
   1.2960274438202815     
   1.3072254405466430     
   1.3188104107017755     
   1.3308038758246563     
   1.3432312243372015     
   1.3561264191836777     
   1.3695248996163054     
   1.3834632909811484     
   1.3979718072559502     
   1.4130742179500457     
   1.4287835636354094     
   1.4451076256725917     
   1.4620461680557792     
   1.4795984337251713     
   1.4977644007895146     
   1.5165523726336061     
   1.5359776013412212     
   1.5560611680846239     
   1.5768242893129372     
   1.5982852761599788     
   1.6204588934295376     
   1.6433605542318359     
   1.6670081964962178     
   1.6914232017602366     
   1.7166296679044608     
   1.7426531368880893     
   1.7695185668707987     
   1.7972445279888907     
   1.8258474382035024     
   1.8553376846011105     
   1.8857301074324020     
   1.9170405310433543     
   1.9492930291984343     
   1.9825133496003715     
   2.0167353066108835     
   2.0519924224101436     
   2.0883241705938498     
   2.1257670055386346     
   2.1643645626871129     
   2.2041567256476977     
   2.2451937648538891     
   2.2875223105115983     
   2.3311981344514212     
   2.3762732016763533     
   2.4228047968368185     
   2.4708444300905232     
   2.5204425934577595     
   2.5716409131696150     
   2.6244830762707232     
   2.6790100607173115     
   2.7352654487053796     
   2.7932964171176873     
   2.8531492276565724     
   2.9148839446023689     
   2.9785611529106584     
   3.0442625533470244     
   3.1120606883088175     
   3.1820537348741058     
   3.2543194919751355     
   3.3289702841722604     
   3.4060816454150653     
   3.4857718365909642     
   3.5681070003095074     
   3.6532128425201682     
   3.7411516437180570     
   3.8320641995172688     
   3.9260092139422573     
   4.0231410156842760     
   4.1235088817786441     
   4.2272807016106233     
   4.3344969985230364     
   4.4453436734894787     
   4.5598616189590562     
   4.6782589463343420     
   4.8005890073990818     
   4.9270806055500707     
   5.0577996456264760     
   5.1929680879833757     
   5.3326497159222273     
   5.4770495560487999     
   5.6262164307402882     
   5.7803500199993403     
   5.9394460194825847     
   6.1036949982757696     
   6.2729827272598193     
   6.4473834674736699     
   6.6266551282176156     
   6.8104976811094282     
   6.9985219148628639     
   7.1896888403552115     
   7.3831461838015322     
   7.5767389473539053     
   7.7681010639523658     
   7.9533975615632899     
   8.1268011758662162     
   8.2815155324011851     
   8.4070004460515495     
   8.4910894696761954     
