   6936.6940635731989     
   6538.3492986017300     
   5661.7921952720271     
   4781.2079315732126     
   4056.0679185494723     
   3468.9682813642212     
   2997.9866077453744     
   2618.6209973769173     
   2309.5395912440422     
   2053.0955616682268     
   1837.1301208492027     
   1652.7908985865386     
   1493.6881219446821     
   1355.0879881937672     
   1233.3741227905934     
   1125.7850214973944     
   1029.8149449483662     
   943.76150686453957     
   866.07767007889936     
   795.91854576522110     
   732.09887998659087     
   674.03322206294888     
   620.83111215075519     
   572.22709194196420     
   527.36482667172174     
   485.91799508307247     
   447.24850641204915     
   411.37991503094344     
   377.98503220692237     
   347.20734182640410     
   318.83778084637839     
   292.86619764441213     
   268.82332943282688     
   246.52169153927429     
   225.59347833227085     
   206.00269041778944     
   187.58741770079394     
   170.33107271419948     
   154.06255017219442     
   138.71736540620486     
   124.10154214226482     
   110.17806336266672     
   96.996820745714075     
   84.625988313442093     
   72.927557743881891     
   61.751507526573661     
   50.974234394034525     
   40.454559784458404     
   30.102213866639872     
   20.048208162136689     
   10.596569314248368     
   1.9477604576006247     
  -5.9510427850505208     
  -13.324842199327733     
  -20.251074316760427     
  -26.606168896640945     
  -32.242410687915736     
  -37.221626059490966     
  -41.698751235734143     
  -45.820427144729166     
  -49.739580494473756     
  -53.624673060147146     
  -57.480257419672533     
  -61.275488470504726     
  -64.998241173235598     
  -68.563513600927209     
  -71.826327082532501     
  -74.758782442021044     
  -77.411609538429104     
  -79.826279832001731     
  -82.020914365947277     
  -84.091394992159536     
  -86.172954557020333     
  -88.411679212613166     
  -90.884821907838358     
  -93.482739478649876     
  -95.995149490243818     
  -98.391859835593749     
  -100.77478252601777     
  -103.14974548671725     
  -105.40497727036053     
  -107.48501039193620     
  -109.44505663100202     
  -111.40277077743551     
  -113.48132373314024     
  -115.70309840779967     
  -117.90602449679173     
  -119.87488415617668     
  -121.53432106836735     
  -122.93639489182412     
  -124.09482310059644     
  -124.95658671452622     
  -125.57634778010488     
  -126.19788298247276     
  -127.10667725905572     
  -128.45385946873481     
  -130.20936729316091     
  -132.27686072147802     
  -134.60107247743903     
  -137.20168025587736     
  -140.15337606793605     
  -143.44153905871204     
  -146.88612698407675     
  -150.32395351663445     
  -153.72953016161551     
  -157.08689361783286     
  -160.29036824120843     
  -163.21327888324080     
  -165.78585565855681     
  -168.03156139332714     
  -170.02866008121515     
  -171.84599146469563     
  -173.49249229671676     
  -174.93324559756437     
  -176.14648773712119     
  -177.14619662984271     
  -177.94900293350020     
  -178.53777699297899     
  -178.88162116506706     
  -178.99931937841907     
  -179.00053427843176     
  -179.03793705777704     
  -179.13859552531395     
  -179.17505095734589     
  -179.10514749067801     
  -179.03437387501586     
  -179.01854281745636     
  -179.01994122328392     
  -179.01890884173957     
  -179.01994122328375     
  -179.01854281745634     
  -179.03437387501594     
  -179.10514749067801     
  -179.17505095734595     
  -179.13859552531409     
  -179.03793705777707     
  -179.00053427843176     
  -178.99931937841910     
  -178.88162116506706     
  -178.53777699297896     
  -177.94900293350020     
  -177.14619662984282     
  -176.14648773712136     
  -174.93324559756434     
  -173.49249229671676     
  -171.84599146469574     
  -170.02866008121498     
  -168.03156139332717     
  -165.78585565855684     
  -163.21327888324086     
  -160.29036824120848     
  -157.08689361783269     
  -153.72953016161551     
  -150.32395351663453     
  -146.88612698407667     
  -143.44153905871198     
  -140.15337606793602     
  -137.20168025587728     
  -134.60107247743900     
  -132.27686072147785     
  -130.20936729316091     
  -128.45385946873483     
  -127.10667725905567     
  -126.19788298247278     
  -125.57634778010487     
  -124.95658671452628     
  -124.09482310059640     
  -122.93639489182422     
  -121.53432106836735     
  -119.87488415617671     
  -117.90602449679167     
  -115.70309840779966     
  -113.48132373314016     
  -111.40277077743542     
  -109.44505663100185     
  -107.48501039193613     
  -105.40497727036053     
  -103.14974548671739     
  -100.77478252601786     
  -98.391859835593792     
  -95.995149490243847     
  -93.482739478649805     
  -90.884821907838401     
  -88.411679212613265     
  -86.172954557020333     
  -84.091394992159522     
  -82.020914365947348     
  -79.826279832001759     
  -77.411609538429019     
  -74.758782442020959     
  -71.826327082532444     
  -68.563513600927180     
  -64.998241173235598     
  -61.275488470504811     
  -57.480257419672682     
  -53.624673060147295     
  -49.739580494473749     
  -45.820427144729138     
  -41.698751235734171     
  -37.221626059491015     
  -32.242410687915736     
  -26.606168896640760     
  -20.251074316760509     
  -13.324842199327712     
  -5.9510427850505252     
   1.9477604576006891     
   10.596569314248516     
   20.048208162136675     
   30.102213866639872     
   40.454559784458475     
   50.974234394034490     
   61.751507526573704     
   72.927557743881849     
   84.625988313442136     
   96.996820745714231     
   110.17806336266678     
   124.10154214226482     
   138.71736540620481     
   154.06255017219434     
   170.33107271419948     
   187.58741770079388     
   206.00269041778930     
   225.59347833227079     
   246.52169153927397     
   268.82332943282688     
   292.86619764441218     
   318.83778084637845     
   347.20734182640439     
   377.98503220692254     
   411.37991503094344     
   447.24850641204927     
   485.91799508307253     
   527.36482667172174     
   572.22709194196409     
   620.83111215075508     
   674.03322206294888     
   732.09887998659087     
   795.91854576522110     
   866.07767007889925     
   943.76150686453957     
   1029.8149449483662     
   1125.7850214973946     
   1233.3741227905937     
   1355.0879881937672     
   1493.6881219446818     
   1652.7908985865383     
   1837.1301208492023     
   2053.0955616682268     
   2309.5395912440422     
   2618.6209973769173     
   2997.9866077453744     
   3468.9682813642212     
   4056.0679185494723     
   4781.2079315732126     
   5661.7921952720289     
   6538.3492986017300     
