 328.488286918219217
 294.061209735628665
 264.224155142132986
 238.949361647979430
 217.564475125101978
 199.333915139810728
 183.657426674100776
 170.020051554817371
 158.026127428935411
 147.377568163789448
 137.855594371471255
 129.271934290645106
 121.477139602694848
 114.359733939865933
 107.823118445160475
 101.800962779934721
 96.2293570262160216
 91.0603098952132228
 86.2507613305035647
 81.7587805640336569
 77.5566928168331629
 73.6115606896318724
 69.9012223884468398
 66.4052502197284156
 63.1030764798209347
 59.9840868680950834
 57.0393491668017987
 54.2620803278766672
 51.6398121039341262
 49.1595221198485106
 46.8104792319722520
 44.5831867147639826
 42.4713403197114872
 40.4679080574750429
 38.5675030159389109
 36.7644464312733845
 35.0470736789073243
 33.4013974319639075
 31.8157108608491441
 30.2850159601114015
 28.8107996141842690
 27.3963775056302978
 26.0424939325483749
 24.7482250661293293
 23.5135436434621354
 22.3368064020403736
 21.2115144274589120
 20.1286088264069356
 19.0811688849591867
 18.0679523328320357
 17.0930397086596386
 16.1616255433733116
 15.2764980678901097
 14.4388793919544351
 13.6493951912966871
 12.9066183917293689
 12.2078788546685661
 11.5492139366418396
 10.9238745982170595
 10.3216312063941906
 9.72919107637513925
 9.13673693400083309
 8.54266645794160695
 7.95141455351095061
 7.37185558635638305
 6.81037607572578718
 6.27280907617093053
 5.75923910909951875
 5.27302908903454881
 4.81689244122916183
 4.38627372778548619
 3.97075302960931298
 3.55945269087318339
 3.14373321524377580
 2.72038833223496646
 2.29729059207431563
 1.88902994507950472
 1.50644497813274247
 1.15522379549435361
 0.836491268112937947
 0.547437119420242424
 0.283957733102877252
 0.384125207399515917E-01
 -0.199794967849940081
 -0.436377166207345790
 -0.668280182387086863
 -0.890500286884002290
 -1.10405012253804635
 -1.31388452346111451
 -1.52298221491776076
 -1.73177699628754667
 -1.94026336478852235
 -2.14600404068020545
 -2.34340742012686887
 -2.52758584044443868
 -2.69561652620385406
 -2.84635109315341017
 -2.97947978179880879
 -3.09372714731059784
 -3.18881753887162622
 -3.26910973470399746
 -3.34392413942951849
 -3.42278189856153814
 -3.51173188248910195
 -3.61373812502458325
 -3.72927993642597233
 -3.85933760495045686
 -4.00561496298159980
 -4.16644094836948664
 -4.33799694247641288
 -4.51757883250549952
 -4.70107319991149453
 -4.88106367708980571
 -5.05091365700475503
 -5.20656263314031342
 -5.34536429978225236
 -5.46581224883230288
 -5.56642750156544075
 -5.64837892308475009
 -5.71749098384616161
 -5.77945845458142582
 -5.83633153198859045
 -5.88610552397665376
 -5.92174498174771990
 -5.93400949923177379
 -5.91788435730626450
 -5.87374037084647860
 -5.80385790997612450
 -5.71073411041708656
 -5.59706278396920531
 -5.46549765286825817
 -5.31901723297628237
 -5.16306286722898378
 -5.00529463714331868
 -4.85165363230941171
 -4.70468632237459694
 -4.56755459559296018
 -4.44505461548025504
 -4.33952590228391877
 -4.25231656482107212
 -4.18368332036464885
 -4.12941795701292680
 -4.08283902664044529
 -4.03878088266098256
 -3.99588433907126328
 -3.95347180237096518
 -3.90794637791636168
 -3.85261486002808828
 -3.77906284129981085
 -3.68209065621340059
 -3.56254621422113482
 -3.42558696266960849
 -3.27693723878445198
 -3.12104997672568762
 -2.96341180242361268
 -2.80829481980750417
 -2.65495331872527807
 -2.50072693248606059
 -2.34444988639572038
 -2.18620972290244664
 -2.02542998729213375
 -1.86026522418990092
 -1.68899214639209672
 -1.50869456731950558
 -1.31314617070266570
 -1.09430620863879469
 -0.844715334513841953
 -0.560085589110787763
 -0.241611195439188409
 0.104825695833525231
 0.472782325286510041
 0.858580771511261887
 1.25982630733265188
 1.67573659969384048
 2.11067934145209213
 2.57026076068421405
 3.05674864215411901
 3.57245372174534914
 4.11961937946540946
 4.69854697875471139
 5.30836829291616041
 5.94501883991119762
 6.60366703939146138
 7.28240890665504548
 7.97852289903245193
 8.68834225609881550
 9.41124556358969677
 10.1500953436908290
 10.9100492233820852
 11.6978032567558099
 12.5213896817837238
 13.3882055002999234
 14.3030301360542094
 15.2660320573931028
 16.2812528368833718
 17.3468042621396101
 18.4591037397415683
 19.6178327735624514
 20.8284597749656903
 22.0974849013969603
 23.4282258618277552
 24.8228367065857078
 26.2843392336619388
 27.8174993090840204
 29.4311177817653977
 31.1335240411238452
 32.9284743418181947
 34.8191268203847031
 36.8073000215090147
 38.8902879663516785
 41.0656688055245880
 43.3381734074479610
 45.7216025581565262
 48.2351904282327055
 50.8988542531008292
 53.7278538235102801
 56.7327102121823188
 59.9237786464188389
 63.3127543297138828
 66.9138430430516706
 70.7439330627097291
 74.8193019340608458
 79.1593147823448930
 83.7875233121018681
 88.7241768375009627
 93.9855117933575883
 99.5898096735696896
 105.559276157733024
 111.922040695868162
 118.713011162136780
 125.975086341967923
 133.758800443739744
 142.114934280143075
 151.096948178878819
 160.763450440136950
 171.173811096096500
 182.396461678059183
 194.507574639329164
 207.587684652035421
 221.721106390734093
 236.977122488797221
 253.416857707114389
 271.076671570971314
 289.955183077059871
 310.006137689315324
 331.077148506148660
 352.886632462990349
 374.919052980747836
 396.292971237508084
 415.663314594765779
 431.016331063835310
 439.662033230263319
 438.564743090123727
 425.324429578040679
 399.819821221190296
 365.490909239752568
