   2.8455483018443957     
   2.8371022708019460     
   2.8132245060919630     
   2.7772812630836512     
   2.7328297950907685     
   2.6827767142019017     
   2.6292936735488461     
   2.5739416279214691     
   2.5178108698586459     
   2.4616488632747817     
   2.4059643391381891     
   2.3510991404492363     
   2.2972801342574094     
   2.2446543879366789     
   2.1933139692431110     
   2.1433128424046624     
   2.0946768856615843     
   2.0474104852256709     
   2.0015009359134903     
   1.9569235927642430     
   1.9136465626910908     
   1.8716343051309798     
   1.8308496500546276     
   1.7912545367903203     
   1.7528106900946014     
   1.7154802238428892     
   1.6792260042681224     
   1.6440123380551213     
   1.6098055900418231     
   1.5765745958664643     
   1.5442901316148887     
   1.5129238704382022     
   1.4824475291528711     
   1.4528329955836967     
   1.4240530757391852     
   1.3960822852515808     
   1.3688970370760647     
   1.3424751482449504     
   1.3167951211333706     
   1.2918359336193146     
   1.2675772795062195     
   1.2439999319521373     
   1.2210858335657795     
   1.1988176732233611     
   1.1771782192206155     
   1.1561499328375950     
   1.1357151698716221     
   1.1158569596691019     
   1.0965599224944231     
   1.0778105940968350     
   1.0595967928990078     
   1.0419064547002792     
   1.0247267843251475     
   1.0080440295143192     
  0.99184371996955201     
  0.97611106854699359     
  0.96083132100679103     
  0.94599002845954772     
  0.93157333484135285     
  0.91756803998779246     
  0.90396140741564301     
  0.89074110385986616     
  0.87789539366660063     
  0.86541315010697850     
  0.85328353394693490     
  0.84149576989442898     
  0.83003941297785799     
  0.81890484923060414     
  0.80808355779249175     
  0.79756803842539525     
  0.78735173191147378     
  0.77742898765999524     
  0.76779482607611338     
  0.75844454611827450     
  0.74937340127339724     
  0.74057633833870606     
  0.73204779068121895     
  0.72378156582359110     
  0.71577099912029873     
  0.70800943967292462     
  0.70049067748537941     
  0.69320884355424028     
  0.68615791579253649     
  0.67933150914828155     
  0.67272326330879373     
  0.66632728924065521     
  0.66013816130236047     
  0.65415074963590070     
  0.64836026017010140     
  0.64276215536773085     
  0.63735165086835610     
  0.63212316628556531     
  0.62707012913365634     
  0.62218518134170919     
  0.61746087421741558     
  0.61289079139153313     
  0.60847057295787199     
  0.60419831745156083     
  0.60007430799315686     
  0.59610036147027101     
  0.59227905542851067     
  0.58861294159932054     
  0.58510390770049547     
  0.58175292859560723     
  0.57856031857009005     
  0.57552629567866276     
  0.57265132404504626     
  0.56993586630808446     
  0.56737981467929677     
  0.56498197667092120     
  0.56273965904246981     
  0.56064845519046358     
  0.55870245337093161     
  0.55689480720261952     
  0.55521830593878185     
  0.55366585978265792     
  0.55223123591492984     
  0.55090998992825591     
  0.54969989646839856     
  0.54860053565322897     
  0.54761246556166587     
  0.54673667480016486     
  0.54597454348107721     
  0.54532780826988136     
  0.54479810254564776     
  0.54438641212982719     
  0.54409292304271162     
  0.54391723975264339     
  0.54385877374055358     
  0.54391723975264328     
  0.54409292304271173     
  0.54438641212982719     
  0.54479810254564776     
  0.54532780826988148     
  0.54597454348107721     
  0.54673667480016486     
  0.54761246556166587     
  0.54860053565322897     
  0.54969989646839879     
  0.55090998992825591     
  0.55223123591492973     
  0.55366585978265792     
  0.55521830593878174     
  0.55689480720261952     
  0.55870245337093161     
  0.56064845519046369     
  0.56273965904246992     
  0.56498197667092120     
  0.56737981467929677     
  0.56993586630808435     
  0.57265132404504626     
  0.57552629567866276     
  0.57856031857009005     
  0.58175292859560723     
  0.58510390770049547     
  0.58861294159932076     
  0.59227905542851078     
  0.59610036147027112     
  0.60007430799315686     
  0.60419831745156105     
  0.60847057295787199     
  0.61289079139153302     
  0.61746087421741558     
  0.62218518134170919     
  0.62707012913365623     
  0.63212316628556531     
  0.63735165086835599     
  0.64276215536773085     
  0.64836026017010140     
  0.65415074963590081     
  0.66013816130236047     
  0.66632728924065521     
  0.67272326330879373     
  0.67933150914828166     
  0.68615791579253649     
  0.69320884355424051     
  0.70049067748537941     
  0.70800943967292462     
  0.71577099912029873     
  0.72378156582359110     
  0.73204779068121895     
  0.74057633833870606     
  0.74937340127339713     
  0.75844454611827428     
  0.76779482607611338     
  0.77742898765999524     
  0.78735173191147367     
  0.79756803842539525     
  0.80808355779249175     
  0.81890484923060414     
  0.83003941297785799     
  0.84149576989442898     
  0.85328353394693490     
  0.86541315010697850     
  0.87789539366660063     
  0.89074110385986593     
  0.90396140741564301     
  0.91756803998779246     
  0.93157333484135285     
  0.94599002845954772     
  0.96083132100679103     
  0.97611106854699348     
  0.99184371996955201     
   1.0080440295143194     
   1.0247267843251473     
   1.0419064547002794     
   1.0595967928990082     
   1.0778105940968350     
   1.0965599224944231     
   1.1158569596691019     
   1.1357151698716221     
   1.1561499328375953     
   1.1771782192206155     
   1.1988176732233613     
   1.2210858335657795     
   1.2439999319521373     
   1.2675772795062195     
   1.2918359336193146     
   1.3167951211333704     
   1.3424751482449504     
   1.3688970370760647     
   1.3960822852515808     
   1.4240530757391852     
   1.4528329955836965     
   1.4824475291528711     
   1.5129238704382022     
   1.5442901316148887     
   1.5765745958664643     
   1.6098055900418231     
   1.6440123380551213     
   1.6792260042681224     
   1.7154802238428890     
   1.7528106900946014     
   1.7912545367903203     
   1.8308496500546276     
   1.8716343051309798     
   1.9136465626910908     
   1.9569235927642428     
   2.0015009359134903     
   2.0474104852256709     
   2.0946768856615843     
   2.1433128424046624     
   2.1933139692431110     
   2.2446543879366789     
   2.2972801342574094     
   2.3510991404492363     
   2.4059643391381895     
   2.4616488632747817     
   2.5178108698586459     
   2.5739416279214691     
   2.6292936735488461     
   2.6827767142019017     
   2.7328297950907685     
   2.7772812630836512     
   2.8132245060919630     
   2.8371022708019460     
