   9377.5469040881890     
   8857.4161061845098     
   7480.2350121222216     
   5649.9502442170960     
   3754.8707432782094     
   2053.4772636294342     
   670.61602170085064     
  -362.63857284428104     
  -1068.9901336861078     
  -1496.3727600697378     
  -1701.0716415868474     
  -1738.2377008385834     
  -1657.3181610208967     
  -1500.0386569282764     
  -1299.8920406778318     
  -1082.5229917208071     
  -866.58985024758499     
  -664.91843080906744     
  -485.60630234245548     
  -333.00390184293104     
  -208.55317500468004     
  -111.56853258143192     
  -39.934734860240596     
   9.2760351434602732     
   39.309359295985409     
   53.409268729193769     
   54.664430932727633     
   45.957547661241456     
   29.972733362768050     
   9.1953440464103497     
  -14.148100381218683     
  -38.191100429121143     
  -61.527014211129874     
  -83.257070121481888     
  -102.94161523133178     
  -120.44735335747190     
  -135.74071547068044     
  -148.72605358216774     
  -159.19765796476545     
  -166.89092643388923     
  -171.56058267176110     
  -173.02528433461359     
  -171.18580649347021     
  -166.06198558881928     
  -157.87130942583801     
  -147.10757452869507     
  -134.54630407255237     
  -121.15529997524413     
  -107.92372973570488     
  -95.642186340245289     
  -84.736908873350217     
  -75.249662197644312     
  -66.949459679429779     
  -59.498870753903851     
  -52.603002435052773     
  -46.069266931395212     
  -39.732905417697111     
  -33.332324736803614     
  -26.511510742150399     
  -19.008571991092438     
  -10.879255950681495     
  -2.5625286297386007     
   5.2534970394716414     
   11.875311466925476     
   16.800647803232074     
   19.764759449412640     
   20.688217951280027     
   19.640411065640809     
   16.869707623339515     
   12.845764445697187     
   8.2121496897808726     
   3.6584162398762952     
 -0.20087054087995368     
  -2.9259930314716671     
  -4.3506809652142602     
  -4.6181450616092858     
  -4.1100977256490667     
  -3.3268542400449492     
  -2.8063621682054367     
  -3.1007169727486903     
  -4.7462263195189331     
  -8.1667696854935556     
  -13.521908440587463     
  -20.574083074316903     
  -28.673951447301331     
  -36.904686453931994     
  -44.331045254850288     
  -50.255714637217388     
  -54.355962600724204     
  -56.627686618823958     
  -57.251910708961553     
  -56.524314040153214     
  -54.829378169405473     
  -52.618099942217832     
  -50.376256871661660     
  -48.539436613865249     
  -47.373912490644635     
  -46.897406682511949     
  -46.887251620770826     
  -46.947319671053251     
  -46.589366462208403     
  -45.331746084042145     
  -42.825752862198648     
  -38.971016769880535     
  -33.941515585523675     
  -28.084259055225765     
  -21.740214590889593     
  -15.088986756034341     
  -8.1298685716092631     
 -0.83255088250227405     
   6.6348469223106958     
   13.775725480829024     
   19.844548321228277     
   24.097536470768620     
   26.038108316711714     
   25.496378260023892     
   22.577331917302519     
   17.602662666200295     
   11.072362500715601     
   3.5896692002293613     
  -4.2455029517106722     
  -11.909309833968202     
  -18.984595277704816     
  -25.180393564665593     
  -30.345046122209773     
  -34.432123103455552     
  -37.423085034346229     
  -39.268028936937647     
  -39.894767535168057     
  -39.268028936937952     
  -37.423085034346364     
  -34.432123103455673     
  -30.345046122209801     
  -25.180393564665618     
  -18.984595277704841     
  -11.909309833968292     
  -4.2455029517106677     
   3.5896692002293831     
   11.072362500715691     
   17.602662666200349     
   22.577331917302661     
   25.496378260023977     
   26.038108316711593     
   24.097536470768507     
   19.844548321228277     
   13.775725480828985     
   6.6348469223107083     
 -0.83255088250245801     
  -8.1298685716092720     
  -15.088986756034364     
  -21.740214590889536     
  -28.084259055225751     
  -33.941515585523682     
  -38.971016769880542     
  -42.825752862198712     
  -45.331746084042159     
  -46.589366462208446     
  -46.947319671053357     
  -46.887251620770655     
  -46.897406682511779     
  -47.373912490644635     
  -48.539436613865256     
  -50.376256871661639     
  -52.618099942217739     
  -54.829378169405516     
  -56.524314040153172     
  -57.251910708961574     
  -56.627686618823944     
  -54.355962600724183     
  -50.255714637217402     
  -44.331045254850260     
  -36.904686453932023     
  -28.673951447301242     
  -20.574083074316732     
  -13.521908440587671     
  -8.1667696854938079     
  -4.7462263195189331     
  -3.1007169727487858     
  -2.8063621682054021     
  -3.3268542400448196     
  -4.1100977256490063     
  -4.6181450616092699     
  -4.3506809652142246     
  -2.9259930314716263     
 -0.20087054087993683     
   3.6584162398763276     
   8.2121496897808797     
   12.845764445697112     
   16.869707623339327     
   19.640411065640514     
   20.688217951279853     
   19.764759449412452     
   16.800647803232074     
   11.875311466925449     
   5.2534970394715899     
  -2.5625286297384817     
  -10.879255950681509     
  -19.008571991092417     
  -26.511510742150382     
  -33.332324736803606     
  -39.732905417697104     
  -46.069266931395241     
  -52.603002435052858     
  -59.498870753903795     
  -66.949459679429694     
  -75.249662197644398     
  -84.736908873350131     
  -95.642186340245487     
  -107.92372973570488     
  -121.15529997524402     
  -134.54630407255240     
  -147.10757452869510     
  -157.87130942583804     
  -166.06198558881931     
  -171.18580649347018     
  -173.02528433461353     
  -171.56058267176107     
  -166.89092643388921     
  -159.19765796476554     
  -148.72605358216771     
  -135.74071547068058     
  -120.44735335747211     
  -102.94161523133160     
  -83.257070121481846     
  -61.527014211129874     
  -38.191100429121107     
  -14.148100381218253     
   9.1953440464102947     
   29.972733362768079     
   45.957547661241499     
   54.664430932727598     
   53.409268729193748     
   39.309359295985473     
   9.2760351434603301     
  -39.934734860240539     
  -111.56853258143198     
  -208.55317500467990     
  -333.00390184293087     
  -485.60630234245536     
  -664.91843080906744     
  -866.58985024758499     
  -1082.5229917208073     
  -1299.8920406778323     
  -1500.0386569282764     
  -1657.3181610208967     
  -1738.2377008385834     
  -1701.0716415868474     
  -1496.3727600697378     
  -1068.9901336861078     
  -362.63857284428104     
   670.61602170085064     
   2053.4772636294342     
   3754.8707432782094     
   5649.9502442170960     
   7480.2350121222216     
   8857.4161061845080     
