   37.181478934539278     
   35.292969099867996     
   30.388245011169129     
   23.978815727900027     
   17.311616929763126     
   11.146722397852793     
   5.8690355837980128     
   1.6207092286402569     
  -1.6038296867815389     
  -3.8929323312757491     
  -5.3767496041095582     
  -6.2004747828431226     
  -6.5072985665585268     
  -6.4285966093362328     
  -6.0783757291750335     
  -5.5514767011645478     
  -4.9237466496190017     
  -4.2538420239263104     
  -3.5857612087793282     
  -2.9513832418204511     
  -2.3724995590286482     
  -1.8626887109412154     
  -1.4293810048773650     
  -1.0755485508668432     
 -0.80030743905910451     
 -0.59883193879918128     
 -0.46266985971427377     
 -0.38083821319152666     
 -0.34126687408727768     
 -0.33217329323617178     
 -0.34315036443937613     
 -0.36587995841502052     
 -0.39445026323953120     
 -0.42517923615415232     
 -0.45589183215626472     
 -0.48495990888226420     
 -0.51069187996056864     
 -0.53134162865556755     
 -0.54551603524932246     
 -0.55251318022720264     
 -0.55228864051430315     
 -0.54527184273925500     
 -0.53224907935181898     
 -0.51435966482771156     
 -0.49320069998720784     
 -0.47074666999127379     
 -0.44903109411855019     
 -0.42992552552954233     
 -0.41497094650317329     
 -0.40505694436024409     
 -0.40016405894359552     
 -0.39940353108641491     
 -0.40128948215892135     
 -0.40405786103730956     
 -0.40583037694061658     
 -0.40452241061830080     
 -0.39773534170762687     
 -0.38307361815847002     
 -0.35889714144425644     
 -0.32498364644911465     
 -0.28267349263274344     
 -0.23460719750882919     
 -0.18435239778461643     
 -0.13584227998058096     
 -9.25528734181365054E-002
 -5.69209591509329121E-002
 -3.03571636865921368E-002
 -1.34532434689777127E-002
 -5.97110480494112555E-003
 -6.76474891040914923E-003
 -1.38964928523052957E-002
 -2.50005786921471441E-002
 -3.77394312458936634E-002
 -5.00637970533691773E-002
 -6.03808973775368796E-002
 -6.77262833370384509E-002
 -7.17321765567653230E-002
 -7.24033443998124970E-002
 -7.00940523013483252E-002
 -6.58037711482686999E-002
 -6.10688150600274052E-002
 -5.71836547938927922E-002
 -5.45736537192394663E-002
 -5.28067013892477358E-002
 -5.09639995632611836E-002
 -4.80642916432310191E-002
 -4.34225123513127739E-002
 -3.68959694936264807E-002
 -2.90173400627011420E-002
 -2.11697701637905307E-002
 -1.57167784089377247E-002
 -1.56332653736105318E-002
 -2.37425249993876222E-002
 -4.20129336675168982E-002
 -7.10916825490933851E-002
 -0.11015733206131102     
 -0.15712446725464196     
 -0.20906438415721446     
 -0.26260551452368980     
 -0.31423314642323852     
 -0.36052921461205256     
 -0.39852197542958873     
 -0.42623707655713772     
 -0.44313441816767302     
 -0.45010298690017986     
 -0.44883189600462237     
 -0.44091460025988161     
 -0.42739351747071391     
 -0.40880206246843553     
 -0.38542268722198697     
 -0.35754811059277292     
 -0.32553796323183276     
 -0.28965251944116294     
 -0.25003464030300832     
 -0.20696966264315508     
 -0.16085084030196936     
 -0.11181375311240187     
 -5.96451348436136744E-002
 -4.04233964296012421E-003
  5.50356226317211747E-002
  0.11710342892434250     
  0.18096691955200347     
  0.24463260580132407     
  0.30545763410632087     
  0.36046769728675865     
  0.40670701464354247     
  0.44161264636366665     
  0.46329608311113046     
  0.47064338397356631     
  0.46329608311112952     
  0.44161264636366598     
  0.40670701464354192     
  0.36046769728675854     
  0.30545763410632065     
  0.24463260580132401     
  0.18096691955200317     
  0.11710342892434247     
  5.50356226317212024E-002
 -4.04233964295974257E-003
 -5.96451348436134732E-002
 -0.11181375311240126     
 -0.16085084030196892     
 -0.20696966264315553     
 -0.25003464030300865     
 -0.28965251944116294     
 -0.32553796323183332     
 -0.35754811059277303     
 -0.38542268722198780     
 -0.40880206246843565     
 -0.42739351747071430     
 -0.44091460025988161     
 -0.44883189600462214     
 -0.45010298690017997     
 -0.44313441816767291     
 -0.42623707655713783     
 -0.39852197542958884     
 -0.36052921461205262     
 -0.31423314642323880     
 -0.26260551452368913     
 -0.20906438415721373     
 -0.15712446725464196     
 -0.11015733206131112     
 -7.10916825490934545E-002
 -4.20129336675165582E-002
 -2.37425249993877749E-002
 -1.56332653736105387E-002
 -1.57167784089378287E-002
 -2.11697701637906452E-002
 -2.90173400627011871E-002
 -3.68959694936265153E-002
 -4.34225123513128572E-002
 -4.80642916432311579E-002
 -5.09639995632607049E-002
 -5.28067013892469239E-002
 -5.45736537192404655E-002
 -5.71836547938939649E-002
 -6.10688150600274052E-002
 -6.58037711482689358E-002
 -7.00940523013481864E-002
 -7.24033443998120391E-002
 -7.17321765567649899E-002
 -6.77262833370382844E-002
 -6.03808973775368241E-002
 -5.00637970533690316E-002
 -3.77394312458936218E-002
 -2.50005786921470990E-002
 -1.38964928523051708E-002
 -6.76474891040963495E-003
 -5.97110480494191399E-003
 -1.34532434689788056E-002
 -3.03571636865927648E-002
 -5.69209591509335852E-002
 -9.25528734181365054E-002
 -0.13584227998058102     
 -0.18435239778461671     
 -0.23460719750882875     
 -0.28267349263274355     
 -0.32498364644911443     
 -0.35889714144425650     
 -0.38307361815847002     
 -0.39773534170762675     
 -0.40452241061830096     
 -0.40583037694061680     
 -0.40405786103730940     
 -0.40128948215892107     
 -0.39940353108641530     
 -0.40016405894359508     
 -0.40505694436024470     
 -0.41497094650317329     
 -0.42992552552954200     
 -0.44903109411855041     
 -0.47074666999127390     
 -0.49320069998720784     
 -0.51435966482771145     
 -0.53224907935181909     
 -0.54527184273925500     
 -0.55228864051430304     
 -0.55251318022720264     
 -0.54551603524932246     
 -0.53134162865556744     
 -0.51069187996056931     
 -0.48495990888226509     
 -0.45589183215626444     
 -0.42517923615415182     
 -0.39445026323953120     
 -0.36587995841502052     
 -0.34315036443937463     
 -0.33217329323617190     
 -0.34126687408727752     
 -0.38083821319152628     
 -0.46266985971427377     
 -0.59883193879918151     
 -0.80030743905910451     
  -1.0755485508668428     
  -1.4293810048773650     
  -1.8626887109412158     
  -2.3724995590286482     
  -2.9513832418204502     
  -3.5857612087793274     
  -4.2538420239263095     
  -4.9237466496190017     
  -5.5514767011645496     
  -6.0783757291750344     
  -6.4285966093362337     
  -6.5072985665585268     
  -6.2004747828431226     
  -5.3767496041095582     
  -3.8929323312757487     
  -1.6038296867815391     
   1.6207092286402569     
   5.8690355837980128     
   11.146722397852793     
   17.311616929763126     
   23.978815727900027     
   30.388245011169129     
   35.292969099867989     
