   267.59468766921560     
   253.17129115720959     
   217.50882516968636     
   175.20167411950757     
   136.59660824407712     
   105.49882278959002     
   81.767252588681359     
   63.994912252334522     
   50.642204500276705     
   40.466488894054564     
   32.580619665835542     
   26.354922212580615     
   21.361515055211825     
   17.295961932470846     
   13.944895464087075     
   11.156093875475278     
   8.8182880668585568     
   6.8483480446675449     
   5.1815761911214837     
   3.7684406786511562     
   2.5710025949246931     
   1.5586122340093063     
  0.70383308386970911     
 -1.77771162490666552E-002
 -0.62515349989115376     
  -1.1317470755395471     
  -1.5497382700177560     
  -1.8934573772322092     
  -2.1778810299022084     
  -2.4145664275164531     
  -2.6094864869739882     
  -2.7642389405303613     
  -2.8796578608417054     
  -2.9583932445608494     
  -3.0039061743066311     
  -3.0184989769256423     
  -3.0042674374306757     
  -2.9646712153488903     
  -2.9033832504169781     
  -2.8235132658439128     
  -2.7285167089206115     
  -2.6229442767965647     
  -2.5121214402683281     
  -2.4008156703262675     
  -2.2926778079444436     
  -2.1906172612834989     
  -2.0966509782654912     
  -2.0106121487159077     
  -1.9295845183584666     
  -1.8495933970687695     
  -1.7679172770719782     
  -1.6837180291128211     
  -1.5971386537588306     
  -1.5088684117305411     
  -1.4202765826979131     
  -1.3333702901088176     
  -1.2500580082071120     
  -1.1707787073686695     
  -1.0941777532333066     
  -1.0189024704284697     
 -0.94554886029221408     
 -0.87528645724442666     
 -0.80713741451541932     
 -0.73837986631732189     
 -0.66694921442969490     
 -0.59295174167655540     
 -0.51913767572649028     
 -0.45001183968808600     
 -0.38951179137265018     
 -0.33935652901478436     
 -0.29939932181269857     
 -0.26860842542233948     
 -0.24505003684545704     
 -0.22532084485936524     
 -0.20536539571490336     
 -0.18256608814326300     
 -0.15707241398400137     
 -0.13217612943610668     
 -0.11340720700678637     
 -0.10579516437274497     
 -0.11106236058652964     
 -0.12656553122536954     
 -0.14679584422064276     
 -0.16582690524836632     
 -0.17851816728197153     
 -0.18115235737973637     
 -0.17231383064798639     
 -0.15367633099945929     
 -0.12973615570969524     
 -0.10621342801694733     
 -8.82771241211780522E-002
 -7.89977428286689209E-002
 -7.82635661397884930E-002
 -8.29455303490391760E-002
 -8.82855544478086812E-002
 -8.98815666084065573E-002
 -8.52221156406344077E-002
 -7.40561565175513331E-002
 -5.77446296975431261E-002
 -3.86960226958632733E-002
 -2.05316487138707711E-002
 -7.61283197028070693E-003
 -2.61390060617946313E-003
 -4.35330174322536706E-003
 -9.64603530980473814E-003
 -1.70141291136327935E-002
 -2.70308845886264026E-002
 -3.97362043663867792E-002
 -5.32043087483764290E-002
 -6.45944883047292889E-002
 -7.16440171911094936E-002
 -7.31694045888591910E-002
 -6.88821364295881533E-002
 -5.94863537915445093E-002
 -4.60810746310212280E-002
 -2.88366705145899523E-002
 -7.53134292314591204E-003
  1.77619189847463485E-002
  4.70105415023105155E-002
  7.95359234711564694E-002
  0.11364749795496482     
  0.14741769307456837     
  0.17878960362501833     
  0.20469588658154020     
  0.22135113950187857     
  0.22692249021110977     
  0.22394447686531760     
  0.21839830066228910     
  0.21585251408011044     
  0.21839830066228050     
  0.22394447686531488     
  0.22692249021110467     
  0.22135113950187688     
  0.20469588658153695     
  0.17878960362501797     
  0.14741769307456892     
  0.11364749795496440     
  7.95359234711567886E-002
  4.70105415023117090E-002
  1.77619189847470910E-002
 -7.53134292314397956E-003
 -2.88366705145889912E-002
 -4.60810746310248431E-002
 -5.94863537915478677E-002
 -6.88821364295881533E-002
 -7.31694045888601347E-002
 -7.16440171911082724E-002
 -6.45944883047325918E-002
 -5.32043087483772131E-002
 -3.97362043663879935E-002
 -2.70308845886261390E-002
 -1.70141291136292234E-002
 -9.64603530980355679E-003
 -4.35330174322364448E-003
 -2.61390060617878051E-003
 -7.61283197028152052E-003
 -2.05316487138700147E-002
 -3.86960226958653272E-002
 -5.77446296975386297E-002
 -7.40561565175472114E-002
 -8.52221156406344077E-002
 -8.98815666084071679E-002
 -8.82855544478085980E-002
 -8.29455303490354290E-002
 -7.82635661397894783E-002
 -7.89977428286681993E-002
 -8.82771241211799951E-002
 -0.10621342801694841     
 -0.12973615570969441     
 -0.15367633099945877     
 -0.17231383064798744     
 -0.18115235737973909     
 -0.17851816728196723     
 -0.16582690524836161     
 -0.14679584422064690     
 -0.12656553122537578     
 -0.11106236058652964     
 -0.10579516437274852     
 -0.11340720700678733     
 -0.13217612943610282     
 -0.15707241398400257     
 -0.18256608814326347     
 -0.20536539571490420     
 -0.22532084485936638     
 -0.24505003684545831     
 -0.26860842542234070     
 -0.29939932181269813     
 -0.33935652901479096     
 -0.38951179137265501     
 -0.45001183968809377     
 -0.51913767572649561     
 -0.59295174167656284     
 -0.66694921442969490     
 -0.73837986631732255     
 -0.80713741451542076     
 -0.87528645724442233     
 -0.94554886029221508     
  -1.0189024704284684     
  -1.0941777532333059     
  -1.1707787073686697     
  -1.2500580082071115     
  -1.3333702901088167     
  -1.4202765826979113     
  -1.5088684117305418     
  -1.5971386537588281     
  -1.6837180291128255     
  -1.7679172770719755     
  -1.8495933970687739     
  -1.9295845183584666     
  -2.0106121487159054     
  -2.0966509782654899     
  -2.1906172612834993     
  -2.2926778079444445     
  -2.4008156703262657     
  -2.5121214402683276     
  -2.6229442767965678     
  -2.7285167089206142     
  -2.8235132658439150     
  -2.9033832504169794     
  -2.9646712153488881     
  -3.0042674374306784     
  -3.0184989769256494     
  -3.0039061743066267     
  -2.9583932445608476     
  -2.8796578608417054     
  -2.7642389405303627     
  -2.6094864869739780     
  -2.4145664275164571     
  -2.1778810299022076     
  -1.8934573772322085     
  -1.5497382700177542     
  -1.1317470755395493     
 -0.62515349989115643     
 -1.77771162490685669E-002
  0.70383308386970922     
   1.5586122340093063     
   2.5710025949246913     
   3.7684406786511642     
   5.1815761911214864     
   6.8483480446675467     
   8.8182880668585568     
   11.156093875475269     
   13.944895464087072     
   17.295961932470842     
   21.361515055211825     
   26.354922212580608     
   32.580619665835542     
   40.466488894054564     
   50.642204500276705     
   63.994912252334522     
   81.767252588681359     
   105.49882278959002     
   136.59660824407709     
   175.20167411950757     
   217.50882516968639     
   253.17129115720957     
