  4.84041504756976826E-002
  4.83070345034439658E-002
  4.80173162002322657E-002
  4.75398345056729302E-002
  4.68824901395744620E-002
  4.60560067562587536E-002
  4.50736109616917194E-002
  4.39506445898807593E-002
  4.27041251166954336E-002
  4.13522717075887336E-002
  3.99140151017018038E-002
  3.84085093413965364E-002
  3.68546623323664849E-002
  3.52707004799882665E-002
  3.36737803402515287E-002
  3.20796575153141222E-002
  3.05024200864259624E-002
  2.89542908759140398E-002
  2.74454999138108065E-002
  2.59842257790138635E-002
  2.45766020876795714E-002
  2.32267833827539509E-002
  2.19370630800825236E-002
  2.07080349655979420E-002
  1.95387890100712017E-002
  1.84271319509145305E-002
  1.73698231490541644E-002
  1.63628166181726056E-002
  1.54015007925482512E-002
  1.44809284942192563E-002
  1.35960306251957149E-002
  1.27418082919672528E-002
  1.19134993160981695E-002
  1.11067163482306257E-002
  1.03175550397550334E-002
  9.54267189822051790E-003
  8.77933252623691075E-003
  8.02543189216924080E-003
  7.27948908352367766E-003
  6.54061963618989863E-003
  5.80848900656885919E-003
  5.08325105727102863E-003
  4.36547556457122198E-003
  3.65606873657101832E-003
  2.95619056920270410E-003
  2.26717258084850300E-003
  1.59043907649293126E-003
  9.27434622087786650E-004
  2.79559883318173622E-004
 -3.51882575521477294E-004
 -9.65731503839220725E-004
 -1.56099871321220768E-003
 -2.13688940767536384E-003
 -2.69281161241010725E-003
 -3.22837562486813674E-003
 -3.74338474612560465E-003
 -4.23781880358804590E-003
 -4.71181214579746016E-003
 -5.16562787609312936E-003
 -5.59963009737858390E-003
 -6.01425587110471747E-003
 -6.40998845795351813E-003
 -6.78733321560282682E-003
 -7.14679729170057502E-003
 -7.48887397997571695E-003
 -7.81403231673717148E-003
 -8.12271219630250965E-003
 -8.41532498897173617E-003
 -8.69225936504939775E-003
 -8.95389177293345016E-003
 -9.20060079693850452E-003
 -9.43278443828135180E-003
 -9.65087922594404408E-003
 -9.85537997669574083E-003
 -1.00468589875149193E-002
 -1.02259834594462945E-002
 -1.03935300183472922E-002
 -1.05503953122036993E-002
 -1.06976018222919231E-002
 -1.08362982205731217E-002
 -1.09677538309768136E-002
 -1.10933469992304055E-002
 -1.12145474350917942E-002
 -1.13328928521742797E-002
 -1.14499604835297374E-002
 -1.15673342855400711E-002
 -1.16865688487192195E-002
 -1.18091512031076144E-002
 -1.19364618308516381E-002
 -1.20697362739597899E-002
 -1.22100287478263524E-002
 -1.23581791398696666E-002
 -1.25147846886865585E-002
 -1.26801775057082417E-002
 -1.28544089235079362E-002
 -1.30372414391893184E-002
 -1.32281487753901517E-002
 -1.34263243138024336E-002
 -1.36306978756555661E-002
 -1.38399605394408289E-002
 -1.40525969073301282E-002
 -1.42669239672127413E-002
 -1.44811354556424812E-002
 -1.46933504165370141E-002
 -1.49016644788982095E-002
 -1.51042022510586727E-002
 -1.52991691549966627E-002
 -1.54849010066444841E-002
 -1.56599096897981176E-002
 -1.58229233730439248E-002
 -1.59729198795882932E-002
 -1.61091520350219800E-002
 -1.62311640813193880E-002
 -1.63387985477840975E-002
 -1.64321933001737135E-002
 -1.65117688351343467E-002
 -1.65782062347257647E-002
 -1.66324165311874279E-002
 -1.66755025417225956E-002
 -1.67087145045183433E-002
 -1.67334010698882915E-002
 -1.67509573659165578E-002
 -1.67627719604524841E-002
 -1.67701745776550580E-002
 -1.67743863970401981E-002
 -1.67764746682623062E-002
 -1.67773132200055852E-002
 -1.67775502326829064E-002
 -1.67775843899703077E-002
 -1.67775502326829098E-002
 -1.67773132200055852E-002
 -1.67764746682623131E-002
 -1.67743863970402050E-002
 -1.67701745776550580E-002
 -1.67627719604524876E-002
 -1.67509573659165578E-002
 -1.67334010698882915E-002
 -1.67087145045183433E-002
 -1.66755025417225956E-002
 -1.66324165311874314E-002
 -1.65782062347257682E-002
 -1.65117688351343467E-002
 -1.64321933001737204E-002
 -1.63387985477840975E-002
 -1.62311640813193880E-002
 -1.61091520350219765E-002
 -1.59729198795882932E-002
 -1.58229233730439248E-002
 -1.56599096897981176E-002
 -1.54849010066444841E-002
 -1.52991691549966610E-002
 -1.51042022510586692E-002
 -1.49016644788982095E-002
 -1.46933504165370141E-002
 -1.44811354556424778E-002
 -1.42669239672127413E-002
 -1.40525969073301213E-002
 -1.38399605394408272E-002
 -1.36306978756555661E-002
 -1.34263243138024336E-002
 -1.32281487753901517E-002
 -1.30372414391893218E-002
 -1.28544089235079380E-002
 -1.26801775057082417E-002
 -1.25147846886865585E-002
 -1.23581791398696648E-002
 -1.22100287478263542E-002
 -1.20697362739597951E-002
 -1.19364618308516364E-002
 -1.18091512031076162E-002
 -1.16865688487192178E-002
 -1.15673342855400711E-002
 -1.14499604835297374E-002
 -1.13328928521742815E-002
 -1.12145474350917925E-002
 -1.10933469992304055E-002
 -1.09677538309768136E-002
 -1.08362982205731234E-002
 -1.06976018222919231E-002
 -1.05503953122036975E-002
 -1.03935300183472940E-002
 -1.02259834594462962E-002
 -1.00468589875149228E-002
 -9.85537997669574083E-003
 -9.65087922594404582E-003
 -9.43278443828135353E-003
 -9.20060079693850452E-003
 -8.95389177293345190E-003
 -8.69225936504939775E-003
 -8.41532498897173790E-003
 -8.12271219630250965E-003
 -7.81403231673717495E-003
 -7.48887397997571695E-003
 -7.14679729170057589E-003
 -6.78733321560282682E-003
 -6.40998845795351727E-003
 -6.01425587110471747E-003
 -5.59963009737858303E-003
 -5.16562787609312676E-003
 -4.71181214579746190E-003
 -4.23781880358804590E-003
 -3.74338474612560552E-003
 -3.22837562486813501E-003
 -2.69281161241010812E-003
 -2.13688940767536471E-003
 -1.56099871321220898E-003
 -9.65731503839219749E-004
 -3.51882575521478540E-004
  2.79559883318173622E-004
  9.27434622087785349E-004
  1.59043907649293170E-003
  2.26717258084849953E-003
  2.95619056920270150E-003
  3.65606873657101919E-003
  4.36547556457122371E-003
  5.08325105727102430E-003
  5.80848900656885658E-003
  6.54061963618989516E-003
  7.27948908352367766E-003
  8.02543189216924080E-003
  8.77933252623690902E-003
  9.54267189822051790E-003
  1.03175550397550352E-002
  1.11067163482306240E-002
  1.19134993160981695E-002
  1.27418082919672528E-002
  1.35960306251957184E-002
  1.44809284942192563E-002
  1.54015007925482512E-002
  1.63628166181726056E-002
  1.73698231490541678E-002
  1.84271319509145270E-002
  1.95387890100711982E-002
  2.07080349655979420E-002
  2.19370630800825271E-002
  2.32267833827539509E-002
  2.45766020876795679E-002
  2.59842257790138705E-002
  2.74454999138108134E-002
  2.89542908759140398E-002
  3.05024200864259624E-002
  3.20796575153141222E-002
  3.36737803402515218E-002
  3.52707004799882665E-002
  3.68546623323664918E-002
  3.84085093413965295E-002
  3.99140151017018038E-002
  4.13522717075887267E-002
  4.27041251166954336E-002
  4.39506445898807663E-002
  4.50736109616917194E-002
  4.60560067562587536E-002
  4.68824901395744620E-002
  4.75398345056729302E-002
  4.80173162002322657E-002
  4.83070345034439588E-002
