   6.0615217359263207     
   5.8757406841197461     
   5.3570574972180278     
   4.5994785939272358     
   3.7150041952557515     
   2.8052683062881636     
   1.9457285841429852     
   1.1844001289189923     
  0.54612282188424666     
  3.83615231243382704E-002
 -0.34299729673278156     
 -0.60929606727889363     
 -0.77579612624565930     
 -0.85931765574115915     
 -0.87670275014640409     
 -0.84381196595301933     
 -0.77497464535123028     
 -0.68273829363350180     
 -0.57776899239409829     
 -0.46886022170472430     
 -0.36298865194439917     
 -0.26543052970430181     
 -0.17991714613690832     
 -0.10882345773737467     
 -5.33724391772041479E-002
 -1.38434453306093570E-002
  1.02276096572461624E-002
  1.98783673385083647E-002
  1.65969207065815062E-002
  2.24032924619123027E-003
 -2.10436864797042961E-002
 -5.09213348183962591E-002
 -8.50086572755349851E-002
 -0.12102267317307362     
 -0.15691601227316820     
 -0.19096087695689939     
 -0.22177785699802147     
 -0.24833341921605653     
 -0.26993206899089656     
 -0.28620790818541869     
 -0.29709697864100187     
 -0.30277549113056829     
 -0.30357350929117644     
 -0.29988790003956645     
 -0.29212287173588991     
 -0.28066426168523889     
 -0.26588022814508261     
 -0.24814699246888794     
 -0.22789554642210816     
 -0.20566322268404408     
 -0.18212413035157321     
 -0.15808242878125026     
 -0.13444011846573725     
 -0.11215386706595878     
 -9.21902644874019878E-002
 -7.54745723315171368E-002
 -6.28256955164258196E-002
 -5.48784859894807867E-002
 -5.20069199254194828E-002
 -5.42649173146756980E-002
 -6.13619656136319136E-002
 -7.26840025727201328E-002
 -8.73570807908285729E-002
 -0.10433645386230768     
 -0.12249975969299746     
 -0.14073611610344147     
 -0.15802811387280766     
 -0.17351517337044040     
 -0.18653119599990847     
 -0.19661597130296848     
 -0.20350935116720359     
 -0.20713949985771551     
 -0.20761233517647174     
 -0.20520247009707940     
 -0.20034330939998382     
 -0.19360200804842118     
 -0.18562422170564880     
 -0.17705365442502233     
 -0.16844713433689956     
 -0.16020048543136101     
 -0.15250737030869743     
 -0.14536023762407138     
 -0.13858681270954504     
 -0.13191841693801817     
 -0.12508095210036382     
 -0.11788796821942567     
 -0.11031373700394913     
 -0.10251529848569933     
 -9.47937533147977379E-002
 -8.75218256301753400E-002
 -8.10716882404089872E-002
 -7.57589151147757406E-002
 -7.18023322708347678E-002
 -6.92959696860745711E-002
 -6.81935900429593983E-002
 -6.83090608278279499E-002
 -6.93430615037076148E-002
 -7.09368245109461559E-002
 -7.27410003991171700E-002
 -7.44662652353470650E-002
 -7.58836076089814821E-002
 -7.67832294119042552E-002
 -7.69298256956416349E-002
 -7.60498895063097397E-002
 -7.38714228734291822E-002
 -7.02016355859569202E-002
 -6.50016922471498004E-002
 -5.84122995896243433E-002
 -5.07193862369008583E-002
 -4.22822101423935282E-002
 -3.34528526078310753E-002
 -2.45134122650615127E-002
 -1.56535392820467065E-002
 -6.99274253516540649E-003
  1.36865449357154775E-003
  9.30117040776993684E-003
  1.66291903621558386E-002
  2.31528228377862293E-002
  2.86885549878448179E-002
  3.31082312241049032E-002
  3.63679801437968159E-002
  3.85295504747453360E-002
  3.97665311610054181E-002
  4.03395369376844740E-002
  4.05353928905260869E-002
  4.05900023643113450E-002
  4.06320401035959594E-002
  4.06819343385615081E-002
  4.07056116868161413E-002
  4.06819343385613416E-002
  4.06320401035958276E-002
  4.05900023643111646E-002
  4.05353928905260869E-002
  4.03395369376844046E-002
  3.97665311610054598E-002
  3.85295504747452805E-002
  3.63679801437968020E-002
  3.31082312241049101E-002
  2.86885549878448907E-002
  2.31528228377862570E-002
  1.66291903621559392E-002
  9.30117040777002010E-003
  1.36865449357144280E-003
 -6.99274253516552098E-003
 -1.56535392820467065E-002
 -2.45134122650615474E-002
 -3.34528526078311239E-002
 -4.22822101423937016E-002
 -5.07193862369008514E-002
 -5.84122995896243502E-002
 -6.50016922471497172E-002
 -7.02016355859568369E-002
 -7.38714228734291545E-002
 -7.60498895063096980E-002
 -7.69298256956416349E-002
 -7.67832294119042691E-002
 -7.58836076089815237E-002
 -7.44662652353471344E-002
 -7.27410003991170034E-002
 -7.09368245109460033E-002
 -6.93430615037076148E-002
 -6.83090608278279360E-002
 -6.81935900429594122E-002
 -6.92959696860745017E-002
 -7.18023322708347816E-002
 -7.57589151147756712E-002
 -8.10716882404090428E-002
 -8.75218256301753955E-002
 -9.47937533147976685E-002
 -0.10251529848569935     
 -0.11031373700394914     
 -0.11788796821942575     
 -0.12508095210036368     
 -0.13191841693801798     
 -0.13858681270954526     
 -0.14536023762407152     
 -0.15250737030869743     
 -0.16020048543136112     
 -0.16844713433689948     
 -0.17705365442502219     
 -0.18562422170564885     
 -0.19360200804842126     
 -0.20034330939998382     
 -0.20520247009707943     
 -0.20761233517647176     
 -0.20713949985771554     
 -0.20350935116720359     
 -0.19661597130296862     
 -0.18653119599990861     
 -0.17351517337044062     
 -0.15802811387280782     
 -0.14073611610344156     
 -0.12249975969299746     
 -0.10433645386230768     
 -8.73570807908285729E-002
 -7.26840025727200773E-002
 -6.13619656136319414E-002
 -5.42649173146756286E-002
 -5.20069199254194481E-002
 -5.48784859894807589E-002
 -6.28256955164258057E-002
 -7.54745723315171091E-002
 -9.21902644874019461E-002
 -0.11215386706595877     
 -0.13444011846573711     
 -0.15808242878125034     
 -0.18212413035157321     
 -0.20566322268404424     
 -0.22789554642210816     
 -0.24814699246888783     
 -0.26588022814508266     
 -0.28066426168523889     
 -0.29212287173588997     
 -0.29988790003956634     
 -0.30357350929117644     
 -0.30277549113056834     
 -0.29709697864100199     
 -0.28620790818541875     
 -0.26993206899089661     
 -0.24833341921605651     
 -0.22177785699802163     
 -0.19096087695689962     
 -0.15691601227316809     
 -0.12102267317307359     
 -8.50086572755349851E-002
 -5.09213348183962314E-002
 -2.10436864797040289E-002
  2.24032924619117519E-003
  1.65969207065815687E-002
  1.98783673385084167E-002
  1.02276096572461693E-002
 -1.38434453306094402E-002
 -5.33724391772041687E-002
 -0.10882345773737470     
 -0.17991714613690832     
 -0.26543052970430198     
 -0.36298865194439917     
 -0.46886022170472391     
 -0.57776899239409829     
 -0.68273829363350158     
 -0.77497464535123028     
 -0.84381196595301966     
 -0.87670275014640431     
 -0.85931765574115937     
 -0.77579612624565941     
 -0.60929606727889374     
 -0.34299729673278156     
  3.83615231243382912E-002
  0.54612282188424666     
   1.1844001289189927     
   1.9457285841429852     
   2.8052683062881636     
   3.7150041952557515     
   4.5994785939272358     
   5.3570574972180278     
   5.8757406841197461     
