   5.8851630938907178     
   5.6454308132838111     
   4.9885151240225207     
   4.0638661307557973     
   3.0362738577143062     
   2.0370853977408232     
   1.1499984487046802     
  0.41668748780321524     
 -0.15130647386220053     
 -0.56128506688518964     
 -0.83096601007788462     
 -0.98276466288777586     
  -1.0402077506731899     
  -1.0258159619163136     
 -0.95992581819573664     
 -0.86010809774897190     
 -0.74094702931311074     
 -0.61406539121257531     
 -0.48832011064754965     
 -0.37012394390399839     
 -0.26383805040938246     
 -0.17217421869030033     
 -9.65490514100662972E-002
 -3.73641870116345337E-002
  5.78088432513667975E-003
  3.39213465222724594E-002
  4.85768307569495045E-002
  5.15909714405902997E-002
  4.49523280676326492E-002
  3.06255814597205349E-002
  1.04456743878854671E-002
 -1.38948868923955346E-002
 -4.07962000013405920E-002
 -6.87046398981050882E-002
 -9.61085746862005846E-002
 -0.12157225198109727     
 -0.14379640756589404     
 -0.16170028042362494     
 -0.17451293978714283     
 -0.18185202489275762     
 -0.18376914175890854     
 -0.18075292084053349     
 -0.17368546478070296     
 -0.16374409732379414     
 -0.15225037119832746     
 -0.14049566841986610     
 -0.12958843631871952     
 -0.12035019851217468     
 -0.11325520616347841     
 -0.10839875573065072     
 -0.10550638947444996     
 -0.10401868176679972     
 -0.10325304577343389     
 -0.10258221334963406     
 -0.10155137834277943     
 -9.99024897250830046E-002
 -9.75287887768251094E-002
 -9.44008878743268082E-002
 -9.05102854147363384E-002
 -8.58704007723554569E-002
 -8.05700659451142748E-002
 -7.48265355059874182E-002
 -6.89831805942137388E-002
 -6.34333056376847754E-002
 -5.84999462538036211E-002
 -5.43302822242397870E-002
 -5.08582425541126912E-002
 -4.78567021412454399E-002
 -4.50535169473295638E-002
 -4.22516258194867711E-002
 -3.93992560354447241E-002
 -3.65958978619390501E-002
 -3.40519851305181864E-002
 -3.20219720140966987E-002
 -3.07287753953778622E-002
 -3.03066665315153208E-002
 -3.07804588023443404E-002
 -3.20661910106778553E-002
 -3.39657085343727308E-002
 -3.61482096393496502E-002
 -3.81395716948818089E-002
 -3.93510618847097565E-002
 -3.91649045676706192E-002
 -3.70640755435970304E-002
 -3.27702365173321852E-002
 -2.63452355929028950E-002
 -1.82164069992500413E-002
 -9.11052077780771449E-003
  8.21644404714304559E-005
  8.47189724858566674E-003
  1.53266568090383165E-002
  2.01968904763127413E-002
  2.29770997653814778E-002
  2.38760192321788439E-002
  2.33001262509461189E-002
  2.17024510890976678E-002
  1.94664843457615540E-002
  1.68614836945785093E-002
  1.40481941940413836E-002
  1.10913969370743173E-002
  7.96348272944686665E-003
  4.55854182627758557E-003
  7.42096137532148137E-004
 -3.56591966331675251E-003
 -8.32061356525689091E-003
 -1.33462802904053303E-002
 -1.83980701696975328E-002
 -2.32450679959790955E-002
 -2.77208555801830639E-002
 -3.17151181689306130E-002
 -3.51234791392733142E-002
 -3.78013395722050435E-002
 -3.95603415504393457E-002
 -4.02139009409070991E-002
 -3.96403663581839094E-002
 -3.78173028991726293E-002
 -3.48091080317514817E-002
 -3.07340376990180401E-002
 -2.57518963712489619E-002
 -2.00844884929755260E-002
 -1.40374639100589883E-002
 -7.98427333423659159E-003
 -2.30823170815681140E-003
  2.66505698556605136E-003
  6.71478301453407381E-003
  9.74487080736950381E-003
  1.17780490252297892E-002
  1.29186114170407214E-002
  1.32821431854943869E-002
  1.29186114170405236E-002
  1.17780490252297216E-002
  9.74487080736943095E-003
  6.71478301453403738E-003
  2.66505698556598024E-003
 -2.30823170815683395E-003
 -7.98427333423665231E-003
 -1.40374639100589952E-002
 -2.00844884929755121E-002
 -2.57518963712489064E-002
 -3.07340376990179985E-002
 -3.48091080317513638E-002
 -3.78173028991725460E-002
 -3.96403663581839510E-002
 -4.02139009409071407E-002
 -3.95603415504393457E-002
 -3.78013395722050852E-002
 -3.51234791392733212E-002
 -3.17151181689307379E-002
 -2.77208555801830847E-002
 -2.32450679959791337E-002
 -1.83980701696975155E-002
 -1.33462802904052782E-002
 -8.32061356525688224E-003
 -3.56591966331674210E-003
  7.42096137532108780E-004
  4.55854182627753873E-003
  7.96348272944685451E-003
  1.10913969370742636E-002
  1.40481941940415259E-002
  1.68614836945786099E-002
  1.94664843457615540E-002
  2.17024510890976713E-002
  2.33001262509461120E-002
  2.38760192321789029E-002
  2.29770997653814743E-002
  2.01968904763127691E-002
  1.53266568090382974E-002
  8.47189724858568236E-003
  8.21644404714393057E-005
 -9.11052077780771102E-003
 -1.82164069992500378E-002
 -2.63452355929029401E-002
 -3.27702365173321158E-002
 -3.70640755435968985E-002
 -3.91649045676707580E-002
 -3.93510618847099786E-002
 -3.81395716948818089E-002
 -3.61482096393496780E-002
 -3.39657085343727100E-002
 -3.20661910106777442E-002
 -3.07804588023443126E-002
 -3.03066665315153104E-002
 -3.07287753953778449E-002
 -3.20219720140966987E-002
 -3.40519851305181864E-002
 -3.65958978619390710E-002
 -3.93992560354447033E-002
 -4.22516258194868752E-002
 -4.50535169473297095E-002
 -4.78567021412455926E-002
 -5.08582425541128161E-002
 -5.43302822242399258E-002
 -5.84999462538036211E-002
 -6.34333056376848170E-002
 -6.89831805942137388E-002
 -7.48265355059873072E-002
 -8.05700659451142609E-002
 -8.58704007723554569E-002
 -9.05102854147362829E-002
 -9.44008878743267943E-002
 -9.75287887768251094E-002
 -9.99024897250830324E-002
 -0.10155137834277947     
 -0.10258221334963406     
 -0.10325304577343382     
 -0.10401868176679978     
 -0.10550638947444989     
 -0.10839875573065080     
 -0.11325520616347841     
 -0.12035019851217467     
 -0.12958843631871955     
 -0.14049566841986605     
 -0.15225037119832752     
 -0.16374409732379411     
 -0.17368546478070290     
 -0.18075292084053349     
 -0.18376914175890854     
 -0.18185202489275765     
 -0.17451293978714283     
 -0.16170028042362489     
 -0.14379640756589418     
 -0.12157225198109735     
 -9.61085746862005291E-002
 -6.87046398981050466E-002
 -4.07962000013405920E-002
 -1.38948868923954999E-002
  1.04456743878857446E-002
  3.06255814597205210E-002
  4.49523280676326631E-002
  5.15909714405903344E-002
  4.85768307569494906E-002
  3.39213465222724317E-002
  5.78088432513667542E-003
 -3.73641870116345268E-002
 -9.65490514100662833E-002
 -0.17217421869030036     
 -0.26383805040938246     
 -0.37012394390399816     
 -0.48832011064754977     
 -0.61406539121257531     
 -0.74094702931311074     
 -0.86010809774897212     
 -0.95992581819573675     
  -1.0258159619163136     
  -1.0402077506731899     
 -0.98276466288777620     
 -0.83096601007788451     
 -0.56128506688518964     
 -0.15130647386220056     
  0.41668748780321513     
   1.1499984487046802     
   2.0370853977408232     
   3.0362738577143058     
   4.0638661307557973     
   4.9885151240225207     
   5.6454308132838111     
