 -63.2972591711462371
 -60.3216198431168493
 -52.1764647517477371
 -40.9227347674419306
 -28.8063418055251788
 -17.5191497569997239
 -8.02688411745295660
 -0.706202355548224081
 4.45227102836606381
 7.67284691866089030
 9.28198781285706076
 9.63634594266469513
 9.08054563430200368
 7.92371468975931936
 6.42781221573081485
 4.80361044857393082
 3.21120226838440770
 1.76366028219305071
 0.531841205746495960
 -0.449991426796218896
 -1.17689582845560614
 -1.66383756033136598
 -1.93637770729805303
 -2.02500906737714148
 -1.96339943764399161
 -1.78705468347702445
 -1.52993132100095730
 -1.22055487751059100
 -0.880845907438019937
 -0.527962260809544448
 -0.176939471262011982
 0.157700167236492550
 0.461824034828689833
 0.723048217410238281
 0.933247989407089751
 1.09005639764363105
 1.19561508355264134
 1.25419774868258571
 1.27073156831705081
 1.25028471044935086
 1.19779032736343516
 1.11808435004316697
 1.01732007210208009
 0.904928303863850703
 0.793223191385398430
 0.694478249438193251
 0.618020532854484106
 0.568931310604273932
 0.548134517988577930
 0.552584219610892879
 0.575549162264996639
 0.607577312342797882
 0.638257351396860795
 0.658867133121254112
 0.665086317233395286
 0.657759957757653946
 0.641088409158051098
 0.619938351671782906
 0.597846093596453021
 0.576330422429428224
 0.555584455909916675
 0.535802146233921861
 0.517908931856016830
 0.502884720589835132
 0.489964422847019299
 0.475700369878273910
 0.455269746683941989
 0.424645650255515206
 0.382094519558759005
 0.329022021226385908
 0.270146615999810324
 0.212806465795167127
 0.165181452587172622
 0.133951974955835051
 0.122985628764663193
 0.133823485447978396
 0.166868123009718955
 0.221877650102735302
 0.297068849623027875
 0.386979485995919359
 0.481548764609956714
 0.567963491718313396
 0.633453604430756934
 0.667476699128446760
 0.663648183323913177
 0.622055257765746550
 0.550384184403901799
 0.461779909135909272
 0.370264129713361312
 0.286660166549155937
 0.217200900769473043
 0.164438037850533569
 0.128399853873893716
 0.107227980516403879
 0.974341883065689418E-01
 0.940176783564280610E-01
 0.914687020957655889E-01
 0.858644372963021374E-01
 0.758759473082109837E-01
 0.618945467034327582E-01
 0.454115399723258664E-01
 0.292054896967771892E-01
 0.169060710121281578E-01
 0.117407473464125525E-01
 0.153442292267706032E-01
 0.273889144846363730E-01
 0.464771771271517559E-01
 0.713889671863715131E-01
 0.101449733961819819
 0.136326006479822320
 0.175984986461733384
 0.220393448244232848
 0.268777297417547911
 0.319411035676299193
 0.370156720809033946
 0.418742043257750440
 0.462448247386846478
 0.497801198083755669
 0.521134346581760388
 0.530105814736571923
 0.524715513283967150
 0.506893136219939144
 0.479513978326170653
 0.444901773329261896
 0.402713425923725776
 0.349630389005555819
 0.282244712427763500
 0.199992043284664189
 0.106209488935369481
 0.858548022725664182E-02
 -0.817574088416379435E-01
 -0.153489713188167953
 -0.198524593371748659
 -0.213704898470494037
 -0.200318134066644338
 -0.161834698058867438
 -0.101781362065578196
 -0.235261246028799741E-01
 0.684053133022039933E-01
 0.166950102579784515
 0.262794852976099336
 0.346888700382943449
 0.413173540839776754
 0.459469712486770654
 0.486493943995944700
 0.496384420251404834
 0.491612127299986879
 0.474710099980264033
 0.448744397826613184
 0.417065598110961167
 0.382063142021212887
 0.344528959137165025
 0.304336432020835490
 0.261147419008496973
 0.214335135005540273
 0.162726709112067547
 0.104869791111251567
 0.397836992206540146E-01
 -0.324614495024366304E-01
 -0.110656632042326675
 -0.192483651931962735
 -0.274001855816415563
 -0.348756674731413252
 -0.407443228457071815
 -0.439083262325635271
 -0.433902941126463881
 -0.386960841643160025
 -0.300565660135712842
 -0.183211133338327226
 -0.460658602575721929E-01
 0.993458751794593226E-01
 0.241349556984155472
 0.368476206117063221
 0.470956591983899109
 0.542159827363459912
 0.579399489854293126
 0.584002726995107135
 0.560426024277912993
 0.515061196856575587
 0.455452676249228250
 0.389767948510159667
 0.325799685671606443
 0.269263249007174799
 0.222519066337125954
 0.184839882792764088
 0.153961749098715545
 0.127640980987621999
 0.104057376443007263
 0.814130848449490102E-01
 0.581773473370382418E-01
 0.338853394257900564E-01
 0.948147201487003696E-02
 -0.127148128878620936E-01
 -0.292895930668623170E-01
 -0.369516531650103119E-01
 -0.338545168383917114E-01
 -0.196045750025910896E-01
 0.545631094929575032E-02
 0.412506723544791842E-01
 0.884566018993646341E-01
 0.147420881889860633
 0.216626823688099046
 0.292272615788877199
 0.369363859897473612
 0.443487075182361190
 0.512090539659771582
 0.575313424603217105
 0.636555357125595411
 0.701709688840812862
 0.776928435145204488
 0.866146939472319688
 0.969310177435264153
 1.08155691483648186
 1.19346462217496874
 1.29282277398320500
 1.36743506065523102
 1.40714316390207772
 1.40440466318904322
 1.35427272856976089
 1.25423164338158122
 1.10411231452742142
 0.906594158339345868
 0.668031622978469963
 0.398006907449114045
 0.107142391313784571
 -0.195534260710608476
 -0.504067561480099013
 -0.814691326459570875
 -1.12262499656328063
 -1.41782166225152206
 -1.68194145265947803
 -1.88837480933584301
 -2.00527260937814633
 -1.99936853440268503
 -1.83800828367290325
 -1.48963852177070244
 -0.925211818701301314
 -0.122147697110261119
 0.929456938210637129
 2.21980913938588609
 3.71254561921379800
 5.33744005836678248
 6.98283642420080941
 8.48965357889858119
 9.64794724419277472
 10.1967383883319780
 9.82754010228105024
 8.19538330056021991
 4.94238173453450447
 -0.258845856861612489
 -7.63190948705041450
 -17.1837328178456836
 -28.5345740070466825
 -40.7166585687963405
 -52.0376268069819048
 -60.2516309586617851
