 6.05251497656392701
 5.86924583395746247
 5.35675119782989650
 4.60794919600086939
 3.73403989066959729
 2.83491628773407900
 1.98478251998550448
 1.23055514634323759
 0.596301074188111624
 0.892242566416076438E-01
 -0.294744678333457577
 -0.566600147865208070
 -0.741067884682091171
 -0.834361894456115305
 -0.862701253550465785
 -0.841368207182058070
 -0.784159781283606416
 -0.703102937923018034
 -0.608337432052625360
 -0.508118087303486621
 -0.408895465325809948
 -0.315462107976193784
 -0.231143558257581982
 -0.158015837881011589
 -0.971318511134386803E-01
 -0.487436693051343239E-01
 -0.125074602449927776E-01
 0.123421416638945201E-01
 0.268530683300545053E-01
 0.322580089779565884E-01
 0.299143151120442319E-01
 0.212606035478595662E-01
 0.776821460385437694E-02
 -0.912167404457382702E-02
 -0.280660615358527370E-01
 -0.478725885460872871E-01
 -0.675212193263027977E-01
 -0.861523523933942215E-01
 -0.103033598109449342
 -0.117524112707347250
 -0.129053505918837991
 -0.137126939941134812
 -0.141358421927968131
 -0.141522216256616873
 -0.137607137527364781
 -0.129863468222713607
 -0.118838512686931116
 -0.105392261797997974
 -0.906734415330395505E-01
 -0.760312127770295942E-01
 -0.628544123352509365E-01
 -0.523653346891791369E-01
 -0.454270773164239042E-01
 -0.424268882183312518E-01
 -0.432663216824356461E-01
 -0.474445106311231143E-01
 -0.541966036318455649E-01
 -0.626439829102868190E-01
 -0.719218994255607508E-01
 -0.812694077474834936E-01
 -0.900812477859174038E-01
 -0.979259079272433303E-01
 -0.104535207343747258
 -0.109776783670806691
 -0.113627990409433929
 -0.116161619486236489
 -0.117543059132793185
 -0.118027084871493548
 -0.117934385887157475
 -0.117596748883247948
 -0.117278870194842566
 -0.117096471108411926
 -0.116952396828899213
 -0.116513182650113359
 -0.115250376080398204
 -0.112553172599372309
 -0.107884704566329065
 -0.100929453136966704
 -0.916851532098002103E-01
 -0.804829981925241911E-01
 -0.679479796453361096E-01
 -0.549187453043377266E-01
 -0.423403413417312441E-01
 -0.311418331831408018E-01
 -0.221164817169324131E-01
 -0.158257446688728938E-01
 -0.125531868004739224E-01
 -0.123186680155073121E-01
 -0.149363867059739072E-01
 -0.200913760010141239E-01
 -0.274142004958364965E-01
 -0.365452164072683564E-01
 -0.471837575520778832E-01
 -0.591092401129045125E-01
 -0.721634399951797262E-01
 -0.861961294714062298E-01
 -0.100995208764944472
 -0.116233586238087341
 -0.131455923163282418
 -0.146106783626486658
 -0.159586811333188416
 -0.171323174942840883
 -0.180842814280170378
 -0.187833989713668631
 -0.192185974664597248
 -0.194000289979460311
 -0.193569161100590331
 -0.191323616568601473
 -0.187760332429208310
 -0.183363435237005545
 -0.178540391313183916
 -0.173582175646387699
 -0.168647593852842781
 -0.163768242356902016
 -0.158875699947776700
 -0.153853411247048433
 -0.148604635159870935
 -0.143115555377758080
 -0.137491002847764887
 -0.131947609229216251
 -0.126764604449781770
 -0.122207418831740369
 -0.118453788776109917
 -0.115554813563760905
 -0.113446184437007241
 -0.111997927324823651
 -0.111071868629030610
 -0.110559461670538872
 -0.110395701691095638
 -0.110559461670538886
 -0.111071868629030637
 -0.111997927324823637
 -0.113446184437007241
 -0.115554813563760905
 -0.118453788776109931
 -0.122207418831740397
 -0.126764604449781715
 -0.131947609229216251
 -0.137491002847764887
 -0.143115555377758052
 -0.148604635159870907
 -0.153853411247048433
 -0.158875699947776644
 -0.163768242356901961
 -0.168647593852842781
 -0.173582175646387726
 -0.178540391313183916
 -0.183363435237005601
 -0.187760332429208310
 -0.191323616568601473
 -0.193569161100590331
 -0.194000289979460311
 -0.192185974664597248
 -0.187833989713668686
 -0.180842814280170378
 -0.171323174942840883
 -0.159586811333188389
 -0.146106783626486686
 -0.131455923163282418
 -0.116233586238087341
 -0.100995208764944472
 -0.861961294714062437E-01
 -0.721634399951797262E-01
 -0.591092401129045125E-01
 -0.471837575520778763E-01
 -0.365452164072683564E-01
 -0.274142004958365000E-01
 -0.200913760010141204E-01
 -0.149363867059739176E-01
 -0.123186680155073051E-01
 -0.125531868004739363E-01
 -0.158257446688728903E-01
 -0.221164817169324235E-01
 -0.311418331831408018E-01
 -0.423403413417312510E-01
 -0.549187453043377127E-01
 -0.679479796453361096E-01
 -0.804829981925241911E-01
 -0.916851532098001826E-01
 -0.100929453136966732
 -0.107884704566329093
 -0.112553172599372364
 -0.115250376080398231
 -0.116513182650113387
 -0.116952396828899172
 -0.117096471108411926
 -0.117278870194842538
 -0.117596748883247976
 -0.117934385887157475
 -0.118027084871493548
 -0.117543059132793185
 -0.116161619486236517
 -0.113627990409433929
 -0.109776783670806677
 -0.104535207343747230
 -0.979259079272433441E-01
 -0.900812477859174315E-01
 -0.812694077474834936E-01
 -0.719218994255607508E-01
 -0.626439829102868329E-01
 -0.541966036318455371E-01
 -0.474445106311231143E-01
 -0.432663216824356531E-01
 -0.424268882183312657E-01
 -0.454270773164239042E-01
 -0.523653346891791091E-01
 -0.628544123352509365E-01
 -0.760312127770296220E-01
 -0.906734415330395366E-01
 -0.105392261797997960
 -0.118838512686931116
 -0.129863468222713607
 -0.137607137527364781
 -0.141522216256616901
 -0.141358421927968159
 -0.137126939941134784
 -0.129053505918837963
 -0.117524112707347236
 -0.103033598109449342
 -0.861523523933942215E-01
 -0.675212193263027838E-01
 -0.478725885460872941E-01
 -0.280660615358527439E-01
 -0.912167404457382355E-02
 0.776821460385437694E-02
 0.212606035478595523E-01
 0.299143151120442284E-01
 0.322580089779565884E-01
 0.268530683300544915E-01
 0.123421416638945167E-01
 -0.125074602449927637E-01
 -0.487436693051343239E-01
 -0.971318511134386803E-01
 -0.158015837881011589
 -0.231143558257581982
 -0.315462107976193784
 -0.408895465325809782
 -0.508118087303486621
 -0.608337432052625360
 -0.703102937923018034
 -0.784159781283606305
 -0.841368207182058070
 -0.862701253550465674
 -0.834361894456115305
 -0.741067884682091171
 -0.566600147865208292
 -0.294744678333457577
 0.892242566416076438E-01
 0.596301074188111735
 1.23055514634323759
 1.98478251998550426
 2.83491628773407900
 3.73403989066959729
 4.60794919600086939
 5.35675119782989650
 5.86924583395746247
