 7.53793715608753789
 7.26393066080647642
 6.50331170777067058
 5.39804886651156490
 4.12060669766132115
 2.82451517551651987
 1.62107254997453820
 0.577534171115995587
 -0.274697168043830375
 -0.929501591365268109
 -1.39691433800620901
 -1.69625742900907150
 -1.85143521218539120
 -1.88797839225087283
 -1.83123103697593481
 -1.70519112783772098
 -1.53168134719801707
 -1.32979234533213631
 -1.11559631477306764
 -0.902110458337471277
 -0.699455699159769462
 -0.515123713319470045
 -0.354258016041739010
 -0.219898441727746308
 -0.113248092983794083
 -0.340274301767311549E-01
 0.191639081400442404E-01
 0.485851253883654507E-01
 0.571436036820622342E-01
 0.481469540942259730E-01
 0.250388430558503086E-01
 -0.879465350196093239E-02
 -0.500968559416920811E-01
 -0.957382923239185335E-01
 -0.142717232817250600
 -0.188168713038604718
 -0.229387296398793655
 -0.263932502155773019
 -0.289856607569135838
 -0.305991370511037974
 -0.312138652717849130
 -0.309053873278125002
 -0.298283618875346268
 -0.281958470252498095
 -0.262518987836577067
 -0.242351025137045373
 -0.223435840777428896
 -0.207141477327500739
 -0.194171515865064592
 -0.184599910181053345
 -0.177961843550284549
 -0.173432896389404123
 -0.170081346827380187
 -0.167105192322231089
 -0.163965873823516989
 -0.160382000963770061
 -0.156227706224017354
 -0.151429488830874898
 -0.145896327893133754
 -0.139505010044461752
 -0.132203751960932092
 -0.124174609088247095
 -0.115868643618117190
 -0.107832482544362132
 -0.100451816984999970
 -0.937981098978987737E-01
 -0.876467280331010845E-01
 -0.816157833171967523E-01
 -0.753395715946380412E-01
 -0.686039062458630999E-01
 -0.614192540831026562E-01
 -0.540376494368234525E-01
 -0.469175889409298649E-01
 -0.406425305477511392E-01
 -0.358056299102081990E-01
 -0.328951287718348417E-01
 -0.321926705039647029E-01
 -0.336659062294225944E-01
 -0.368870427142355475E-01
 -0.410462984933714498E-01
 -0.450737676217930205E-01
 -0.477976818195919931E-01
 -0.480934423727209237E-01
 -0.450608448348681079E-01
 -0.382218257051220103E-01
 -0.276569456938353664E-01
 -0.140230900830415565E-01
 0.154385203163281471E-02
 0.176126410287288024E-01
 0.327103658087475740E-01
 0.455958036896757998E-01
 0.554513600489258823E-01
 0.619274955989803227E-01
 0.650691777044450359E-01
 0.652009389007448814E-01
 0.628201290872008600E-01
 0.584955110194044572E-01
 0.527460612313951638E-01
 0.459212970045543220E-01
 0.381407825256094776E-01
 0.293123838274408632E-01
 0.192102060152740152E-01
 0.762716135518823335E-02
 -0.540283289160658955E-02
 -0.194546405241604256E-01
 -0.337665636252598017E-01
 -0.474614539945625372E-01
 -0.597660290400144276E-01
 -0.700860073221710178E-01
 -0.779757703133118069E-01
 -0.831034729969460789E-01
 -0.852226690514336777E-01
 -0.841622505758847922E-01
 -0.798618254735554145E-01
 -0.724243847106833399E-01
 -0.621283877971162898E-01
 -0.493856187763124579E-01
 -0.346913049430594145E-01
 -0.186290851351217576E-01
 -0.194349070830742332E-02
 0.144058754806204621E-01
 0.293054776003773207E-01
 0.416626791225025300E-01
 0.505947908258788381E-01
 0.555498599925829742E-01
 0.563754803460302170E-01
 0.533286631961153307E-01
 0.469717057799542217E-01
 0.380090454431879082E-01
 0.271805318406318809E-01
 0.152228381076571270E-01
 0.285380587511743821E-02
 -0.926065947651707154E-02
 -0.205926120063555061E-01
 -0.308339281265261646E-01
 -0.398614391046595920E-01
 -0.475856076332695568E-01
 -0.538145417878449980E-01
 -0.582576878246044844E-01
 -0.606417090108220605E-01
 -0.607979242158990033E-01
 -0.586895739983350345E-01
 -0.544700299423857767E-01
 -0.485584133045689204E-01
 -0.416059459049778410E-01
 -0.343215251915612585E-01
 -0.272741944012909084E-01
 -0.207791482805705710E-01
 -0.148901904792751311E-01
 -0.949675321375923615E-02
 -0.446463229729904612E-02
 0.267217668254093540E-03
 0.465741201507723340E-02
 0.860896831532750699E-02
 0.120719747516537905E-01
 0.151151006006247212E-01
 0.178931521555829066E-01
 0.205429900154060069E-01
 0.231028577451504284E-01
 0.255003522771234219E-01
 0.275944130698076162E-01
 0.291905619627152342E-01
 0.299720064182783900E-01
 0.294349592876335525E-01
 0.269576146369182104E-01
 0.220186892028485445E-01
 0.144449843290961177E-01
 0.453204556705168876E-02
 -0.700736257566566840E-02
 -0.191868496147199162E-01
 -0.308992909475616882E-01
 -0.410746587996419499E-01
 -0.488809795607643080E-01
 -0.539443217270556344E-01
 -0.564725096738269150E-01
 -0.571832138978689494E-01
 -0.570478196969678997E-01
 -0.569666482433028518E-01
 -0.575183842408876350E-01
 -0.588908831141001510E-01
 -0.609863419896678333E-01
 -0.635587865913245648E-01
 -0.662991633291034194E-01
 -0.689269882746088164E-01
 -0.713188242006847356E-01
 -0.735871074599584452E-01
 -0.760410470603136435E-01
 -0.790781209919109579E-01
 -0.831024342907326213E-01
 -0.885240236147893933E-01
 -0.957817503682518168E-01
 -0.105256112777197305
 -0.117056181247424396
 -0.130843830824199758
 -0.145839147378671236
 -0.160985627045683893
 -0.175178714569042271
 -0.187467948578440402
 -0.197158880230400402
 -0.203829061655438737
 -0.207322046892785217
 -0.207742329212508015
 -0.205468186318421009
 -0.201191527891914440
 -0.195968371267349672
 -0.191227794461034051
 -0.188626917426401225
 -0.189710507353803765
 -0.195512839742060157
 -0.206275943176049747
 -0.221358593233635964
 -0.239353012985015240
 -0.258365276654474618
 -0.276293328388112047
 -0.290981115416023284
 -0.300338158898379171
 -0.302533501058594279
 -0.296211058631190460
 -0.280655132999700629
 -0.255920459758739172
 -0.222906343387720418
 -0.183307153254020583
 -0.139440659493800245
 -0.940056050301375928E-01
 -0.498289861069782236E-01
 -0.969949618090751309E-02
 0.236292778782448837E-01
 0.472782941534301560E-01
 0.580581084847586956E-01
 0.524529572484902992E-01
 0.268692300654974382E-01
 -0.219517264375515379E-01
 -0.965191498780314655E-01
 -0.198254546506603652
 -0.327239151094430081
 -0.482029107807499579
 -0.659502294434152869
 -0.854695245213842769
 -1.06056243128812988
 -1.26763235079603609
 -1.46363236960706433
 -1.63317642012251829
 -1.75762827044107994
 -1.81525185445773274
 -1.78174617764584853
 -1.63121316733564292
 -1.33754095351946733
 -0.876378093980082595
 -0.228096928364340007
 0.617578802262416571
 1.65474865375491542
 2.85217861134271589
 4.14264172645610351
 5.41468365445325883
 6.51453922122527995
 7.26960526805823459
