 -147.970346019759546
 -142.322616279121860
 -126.454472898189209
 -104.065984681281975
 -79.2701543708483456
 -55.2893310600030787
 -34.0975869974393575
 -16.6237307738162912
 -3.09512677301528250
 6.68113262467689761
 13.1284533808069241
 16.7784139448101364
 18.1970145326611359
 17.9360666427454447
 16.5035041836764123
 14.3428406191119056
 11.8186235878326418
 9.21189398064582043
 6.72630709441476782
 4.50065090548015601
 2.62087842796395920
 1.12990453067057040
 0.363805438048594026E-01
 -0.676462925070561494
 -1.04273410865083171
 -1.10841297290103680
 -0.928471623544681934
 -0.564321673866434392
 -0.789877448561651790E-01
 0.468720629883376705
 1.02769453721470483
 1.55683266586738145
 2.02777476278185009
 2.42542630614643562
 2.74456569828038122
 2.98487985828854807
 3.14704790393673139
 3.23075835018426805
 3.23550142528023699
 3.16423836439848483
 3.02690186056715804
 2.83926576989532586
 2.61845048468477470
 2.38085234636501353
 2.14333249350991961
 1.92359370130023022
 1.73730375244148538
 1.59386963249103242
 1.49408241941639552
 1.43118240010638642
 1.39512120679101681
 1.37705794434989359
 1.37163964907550828
 1.37661851989844242
 1.39006254991989908
 1.40791713391262974
 1.42418395124721409
 1.43192066663549777
 1.42309060323454428
 1.38816393883752864
 1.31793194316310536
 1.20814772409621707
 1.06372321023098326
 0.898859666621134923
 0.732641139460610380
 0.583182319878773670
 0.464044514574672384
 0.383307472828597284
 0.343463018219688387
 0.341257919669437082
 0.368129506571633014
 0.412048224650549855
 0.460017149315879004
 0.500204081366396269
 0.524176904490410212
 0.529006717278026839
 0.518115464408873905
 0.499792084098011402
 0.483586280346209485
 0.476642459860804113
 0.481620476930254393
 0.497233763846059162
 0.521407152393337792
 0.554444628487058111
 0.599662910968236651
 0.660765661149733674
 0.736787073238394541
 0.818755300586654244
 0.892716692265432044
 0.947929557853322224
 0.983520717428137292
 1.00867485944022417
 1.03723934516896454
 1.08072463735864366
 1.14349425979387509
 1.22267050298223534
 1.31246297288355307
 1.40944892248846343
 1.51452284698147843
 1.62942125726383535
 1.75077797674366664
 1.86725046917498538
 1.96165738162237013
 2.01590550882584996
 2.01607272087133405
 1.95603310154974053
 1.83859172457899245
 1.67431475663460705
 1.47900474814919303
 1.27018757039184060
 1.06299632670629340
 0.867625098392399430
 0.689856719798144891
 0.533131635656935554
 0.399724243827024150
 0.289555103383340118
 0.197903909303237535
 0.115308526971966141
 0.308126614380167321E-01
 -0.640617723520598564E-01
 -0.173931340794621941
 -0.300111488128366410
 -0.440160018455680813
 -0.587162147101010334
 -0.732034266691410584
 -0.867626314436170221
 -0.989798209220409619
 -1.09535610501528824
 -1.17992247020293894
 -1.23603859767173319
 -1.25144113671049850
 -1.21034773051276190
 -1.09983453089648275
 -0.917913545075410453
 -0.677684560751374954
 -0.405207990195890877
 -0.131741145350261740
 0.116585975154759394
 0.326432306030151276
 0.498422226365747734
 0.641598786513849939
 0.765116063470460683
 0.872802229692306808
 0.963133901085807542
 1.03289699649719502
 1.08077231372271565
 1.10926212993649109
 1.12547466447864064
 1.13935681753090057
 1.15882944794930065
 1.18597474944930470
 1.21768025614797737
 1.24864988497265661
 1.27337847947046034
 1.28709541277621686
 1.28612353442089966
 1.26684740766742232
 1.22507990713514947
 1.15846010447314174
 1.06976897308073382
 0.967190754207893133
 0.861188173694909742
 0.761181280040776342
 0.674453827542723983
 0.605479418863100416
 0.554431035228612923
 0.517603323605321242
 0.491102173239306383
 0.474479972671585926
 0.470400272314976331
 0.481328286823194784
 0.508037840799548723
 0.550243710382105178
 0.605851317678416268
 0.669106914360315441
 0.730711500887461285
 0.780836210239122530
 0.813313759884967125
 0.828088942986871746
 0.829549877892427179
 0.822001163914742539
 0.806403277338383795
 0.780914869139149204
 0.743629685971493259
 0.694374064198950647
 0.635109218646893181
 0.570224460798016475
 0.506869297205762681
 0.454388678188225648
 0.421838569780328243
 0.414868327169350737
 0.434817776510719012
 0.480860714833197589
 0.552352665993357528
 0.647987962195406997
 0.762991546839863366
 0.888101499623719648
 1.01173140664261352
 1.12349611596422649
 1.21795672270476696
 1.29792700671530459
 1.37363947108322071
 1.45656610625240801
 1.55284439603888003
 1.66089418405710343
 1.77379521597722967
 1.88436782170675210
 1.98972741603009173
 2.09292026920416285
 2.20064688558716348
 2.31827177578255306
 2.44549710704057732
 2.57506192790704169
 2.69514544447159654
 2.79391490807526077
 2.86214445181683264
 2.89226202998038984
 2.87727011319666381
 2.81231512135395567
 2.69601138067330304
 2.52904923295542750
 2.31309648536818235
 2.05216990214673833
 1.75345885176548477
 1.42513187452862167
 1.07436629176091603
 0.709199723980033392
 0.342512614375655167
 -0.516928811775428394E-02
 -0.303911406789661442
 -0.512397831627444011
 -0.577463357211142392
 -0.436810619401561906
 -0.237419901939531046E-01
 0.726456740747681740
 1.86717064996899862
 3.42854497167898797
 5.40615934238294660
 7.75328732063839166
 10.3756366983594965
 13.1247981011735249
 15.7892899462264804
 18.0847367795756924
 19.6467057650856596
 20.0303418336639751
 18.7215688914681948
 15.1596264934557041
 8.76995896307268019
 -0.987554038895086861
 -14.5471430317069252
 -32.1145584846259666
 -53.4736844331854897
 -77.7016178398798445
 -102.820717099321215
 -125.593239987913222
 -141.883592539293460
