 1.00386097823360676
 0.990625911873872500
 0.951881847537771053
 0.890372691696029617
 0.810243373653991794
 0.716510350789028472
 0.614499281878988390
 0.509347461046453343
 0.405629809571845579
 0.307126512778629901
 0.216720406631461415
 0.136396457742172517
 0.673115916446431067E-01
 0.990613491210155968E-02
 -0.359657887007542865E-01
 -0.709030423042043556E-01
 -0.958318940830883287E-01
 -0.111894108929379663
 -0.120351566434213908
 -0.122508088969492029
 -0.119647776770131192
 -0.112988342156745206
 -0.103647553052689884
 -0.926208075636524159E-01
 -0.807679587893644080E-01
 -0.688077036979879986E-01
 -0.573180733580491153E-01
 -0.467417679262717642E-01
 -0.373952481566285286E-01
 -0.294806301723163910E-01
 -0.230995485375498077E-01
 -0.182682644167040734E-01
 -0.149333938986817173E-01
 -0.129876996906686647E-01
 -0.122854195419002648E-01
 -0.126566128883595797E-01
 -0.139200320114813755E-01
 -0.158941079986851704E-01
 -0.184058036184352632E-01
 -0.212973004089875330E-01
 -0.244306932427414657E-01
 -0.276909925817855999E-01
 -0.309877451287605236E-01
 -0.342554944348037529E-01
 -0.374531750790056961E-01
 -0.405624387804953551E-01
 -0.435848977222030448E-01
 -0.465383511105142353E-01
 -0.494522097307103572E-01
 -0.523624955423657307E-01
 -0.553069018313736629E-01
 -0.583203981764103888E-01
 -0.614317361251069463E-01
 -0.646609910061936993E-01
 -0.680180376605886428E-01
 -0.715016840494513140E-01
 -0.750991294439519452E-01
 -0.787854819886930346E-01
 -0.825232332649195738E-01
 -0.862617893229041532E-01
 -0.899373334061581986E-01
 -0.934733877278127873E-01
 -0.967824175465984149E-01
 -0.997686841741194375E-01
 -0.102332343080485194
 -0.104374556832081841
 -0.105803205049684448
 -0.106538660405548463
 -0.106519073574216930
 -0.105704665694037969
 -0.104080645487977283
 -0.101658521635113352
 -0.984757415431716382E-01
 -0.945937407473347591E-01
 -0.900946338524007406E-01
 -0.850769199143345672E-01
 -0.796506941458643564E-01
 -0.739329121688309665E-01
 -0.680432003167482091E-01
 -0.621005361150014992E-01
 -0.562208782328968634E-01
 -0.505155836807585149E-01
 -0.450902904463032286E-01
 -0.400439057398917983E-01
 -0.354674079282392279E-01
 -0.314422888356458638E-01
 -0.280385738312945165E-01
 -0.253124314911507657E-01
 -0.233034344730868835E-01
 -0.220315944862703311E-01
 -0.214943967885224269E-01
 -0.216642019297901799E-01
 -0.224865231848726740E-01
 -0.238797592551519174E-01
 -0.257368990407133118E-01
 -0.279294936168278211E-01
 -0.303138452129864400E-01
 -0.327389791397188004E-01
 -0.350556400313062969E-01
 -0.371253599408053817E-01
 -0.388286116229128384E-01
 -0.400711799333135707E-01
 -0.407881313676374258E-01
 -0.409450958135661666E-01
 -0.405369407848474306E-01
 -0.395842524027860063E-01
 -0.381282802933438844E-01
 -0.362251204957858147E-01
 -0.339398996514033019E-01
 -0.313416092990612544E-01
 -0.284990546078637795E-01
 -0.254781582143289408E-01
 -0.223406240050509595E-01
 -0.191437452897344519E-01
 -0.159409671163516578E-01
 -0.127827135486312492E-01
 -0.971699128258954499E-02
 -0.678939039249937520E-02
 -0.404230720170393933E-02
 -0.151347009262584519E-02
 0.765909834368366012E-03
 0.277288335288100162E-02
 0.449389210761107563E-02
 0.592487240464269031E-02
 0.707012926991765819E-02
 0.794003865080804630E-02
 0.854790168310643958E-02
 0.890648850779530467E-02
 0.902491796768792841E-02
 0.890648850779530467E-02
 0.854790168310643958E-02
 0.794003865080804630E-02
 0.707012926991765819E-02
 0.592487240464268337E-02
 0.449389210761107563E-02
 0.277288335288100162E-02
 0.765909834368347798E-03
 -0.151347009262584563E-02
 -0.404230720170393760E-02
 -0.678939039249937520E-02
 -0.971699128258954499E-02
 -0.127827135486312526E-01
 -0.159409671163516543E-01
 -0.191437452897344519E-01
 -0.223406240050509665E-01
 -0.254781582143289408E-01
 -0.284990546078637795E-01
 -0.313416092990612544E-01
 -0.339398996514032950E-01
 -0.362251204957858008E-01
 -0.381282802933438844E-01
 -0.395842524027860063E-01
 -0.405369407848474514E-01
 -0.409450958135661736E-01
 -0.407881313676374258E-01
 -0.400711799333135707E-01
 -0.388286116229128245E-01
 -0.371253599408053817E-01
 -0.350556400313062830E-01
 -0.327389791397188004E-01
 -0.303138452129864400E-01
 -0.279294936168278211E-01
 -0.257368990407133118E-01
 -0.238797592551519174E-01
 -0.224865231848726706E-01
 -0.216642019297901799E-01
 -0.214943967885224234E-01
 -0.220315944862703311E-01
 -0.233034344730868974E-01
 -0.253124314911507692E-01
 -0.280385738312945165E-01
 -0.314422888356458638E-01
 -0.354674079282392349E-01
 -0.400439057398917983E-01
 -0.450902904463032286E-01
 -0.505155836807585149E-01
 -0.562208782328968634E-01
 -0.621005361150014992E-01
 -0.680432003167482091E-01
 -0.739329121688309665E-01
 -0.796506941458643425E-01
 -0.850769199143345672E-01
 -0.900946338524007406E-01
 -0.945937407473347591E-01
 -0.984757415431716521E-01
 -0.101658521635113352
 -0.104080645487977283
 -0.105704665694037983
 -0.106519073574216930
 -0.106538660405548477
 -0.105803205049684448
 -0.104374556832081841
 -0.102332343080485194
 -0.997686841741194375E-01
 -0.967824175465984149E-01
 -0.934733877278127873E-01
 -0.899373334061581708E-01
 -0.862617893229041532E-01
 -0.825232332649195738E-01
 -0.787854819886930346E-01
 -0.750991294439519314E-01
 -0.715016840494513140E-01
 -0.680180376605886428E-01
 -0.646609910061936993E-01
 -0.614317361251069463E-01
 -0.583203981764103957E-01
 -0.553069018313736629E-01
 -0.523624955423657307E-01
 -0.494522097307103572E-01
 -0.465383511105142492E-01
 -0.435848977222030448E-01
 -0.405624387804953551E-01
 -0.374531750790056961E-01
 -0.342554944348037529E-01
 -0.309877451287605167E-01
 -0.276909925817856138E-01
 -0.244306932427414657E-01
 -0.212973004089875260E-01
 -0.184058036184352632E-01
 -0.158941079986851669E-01
 -0.139200320114813755E-01
 -0.126566128883595867E-01
 -0.122854195419002648E-01
 -0.129876996906686647E-01
 -0.149333938986817103E-01
 -0.182682644167040734E-01
 -0.230995485375498077E-01
 -0.294806301723163980E-01
 -0.373952481566285286E-01
 -0.467417679262717711E-01
 -0.573180733580491153E-01
 -0.688077036979879986E-01
 -0.807679587893643941E-01
 -0.926208075636524159E-01
 -0.103647553052689884
 -0.112988342156745206
 -0.119647776770131192
 -0.122508088969492016
 -0.120351566434213908
 -0.111894108929379663
 -0.958318940830883287E-01
 -0.709030423042043556E-01
 -0.359657887007542865E-01
 0.990613491210156141E-02
 0.673115916446431067E-01
 0.136396457742172517
 0.216720406631461471
 0.307126512778629901
 0.405629809571845690
 0.509347461046453343
 0.614499281878988390
 0.716510350789028472
 0.810243373653991794
 0.890372691696029728
 0.951881847537771053
 0.990625911873872500
