   34.384133186200195     
   32.583349691019926     
   27.911548552375717     
   21.809616371709325     
   15.463005168664088     
   9.5976837766036098     
   4.5847971403906413     
  0.56472941278334665     
  -2.4656802750411706     
  -4.5908216340233636     
  -5.9363084553558032     
  -6.6423674086509052     
  -6.8475360702176564     
  -6.6789686836704867     
  -6.2473154457098445     
  -5.6451124022073280     
  -4.9470399660686670     
  -4.2116224848344794     
  -3.4834835347722257     
  -2.7956069839299333     
  -2.1711989684944641     
  -1.6251545690432816     
  -1.1653080117795136     
 -0.79359228888959221     
 -0.50708630373629215     
 -0.29912968867545681     
 -0.16050654867985062     
 -8.05735243082739416E-002
 -4.82343278032074871E-002
 -5.27227907181630762E-002
 -8.41042324012696157E-002
 -0.13354006991830442     
 -0.19346014572336329     
 -0.25760881350291959     
 -0.32101002934227946     
 -0.37990902317843001     
 -0.43164771022849097     
 -0.47445606628947506     
 -0.50720686406139537     
 -0.52935035931086727     
 -0.54105437100712606     
 -0.54315424497499476     
 -0.53672597202889949     
 -0.52267799373585244     
 -0.50168932998208371     
 -0.47442509823712775     
 -0.44165988009215029     
 -0.40418830285809570     
 -0.36285294208111640     
 -0.31865136888788420     
 -0.27278734014976386     
 -0.22675434926573707     
 -0.18235999336500971     
 -0.14158552491489532     
 -0.10634161398971827     
 -7.82655350299159003E-002
 -5.85167435741603403E-002
 -4.75280660646181241E-002
 -4.48982762734445526E-002
 -4.95127278559662695E-002
 -5.97513484916660578E-002
 -7.37034357848256882E-002
 -8.93828943974952356E-002
 -0.10489589125862332     
 -0.11853860705506325     
 -0.12878282374314326     
 -0.13428373421941853     
 -0.13417357472944116     
 -0.12844483260040465     
 -0.11795798376018833     
 -0.10408370695216833     
 -8.83911702435602603E-002
 -7.25384602256117783E-002
 -5.81978081981494311E-002
 -4.68188591205153035E-002
 -3.93310123090511513E-002
 -3.59783644440203818E-002
 -3.61903489469573084E-002
 -3.84791892288616766E-002
 -4.06863386993075726E-002
 -4.06578715952639613E-002
 -3.70092094607452765E-002
 -2.96713679420726358E-002
 -1.99669584284103176E-002
 -1.00708044245291593E-002
 -2.10004670071669989E-003
  2.59993976664108515E-003
  3.59456645129859528E-003
  1.22171248944074229E-003
 -3.55997771496132905E-003
 -9.51651051294303586E-003
 -1.56632208575168616E-002
 -2.15773320251474096E-002
 -2.73097965379473888E-002
 -3.30396496197088302E-002
 -3.86294625291757482E-002
 -4.34323041035374890E-002
 -4.66029175607031373E-002
 -4.75763844127285798E-002
 -4.64067421125633692E-002
 -4.37637182359002716E-002
 -4.04786654490545822E-002
 -3.70908365573876728E-002
 -3.38583600230748030E-002
 -3.11386308575550205E-002
 -2.96424849539038936E-002
 -3.02723748147863923E-002
 -3.37144873679882870E-002
 -4.01679829627936552E-002
 -4.95595191778300734E-002
 -6.18657672755818233E-002
 -7.70806934723892861E-002
 -9.48819065493674701E-002
 -0.11415522853287061     
 -0.13277454866667526     
 -0.14798602313290449     
 -0.15715121409214977     
 -0.15840236382165984     
 -0.15100368379166063     
 -0.13520419892397717     
 -0.11177965542900521     
 -8.18634584346718819E-002
 -4.71469684019510948E-002
 -1.01302468240847023E-002
  2.59947926468173177E-002
  5.79308751094740615E-002
  8.28591869040002926E-002
  9.87027216131584617E-002
  0.10414258425415794     
  9.87027216131574486E-002
  8.28591869039999734E-002
  5.79308751094736313E-002
  2.59947926468171962E-002
 -1.01302468240848237E-002
 -4.71469684019511295E-002
 -8.18634584346721872E-002
 -0.11177965542900516     
 -0.13520419892397717     
 -0.15100368379166029     
 -0.15840236382165945     
 -0.15715121409214916     
 -0.14798602313290393     
 -0.13277454866667551     
 -0.11415522853287101     
 -9.48819065493674701E-002
 -7.70806934723896608E-002
 -6.18657672755818858E-002
 -4.95595191778308505E-002
 -4.01679829627938217E-002
 -3.37144873679885368E-002
 -3.02723748147862952E-002
 -2.96424849539037687E-002
 -3.11386308575550552E-002
 -3.38583600230748169E-002
 -3.70908365573879503E-002
 -4.04786654490548181E-002
 -4.37637182359004381E-002
 -4.64067421125637716E-002
 -4.75763844127279484E-002
 -4.66029175607023602E-002
 -4.34323041035374890E-002
 -3.86294625291757412E-002
 -3.30396496197088857E-002
 -2.73097965379471008E-002
 -2.15773320251474374E-002
 -1.56632208575167749E-002
 -9.51651051294318678E-003
 -3.55997771496130867E-003
  1.22171248944076593E-003
  3.59456645129850420E-003
  2.59993976664106259E-003
 -2.10004670071681568E-003
 -1.00708044245287551E-002
 -1.99669584284096931E-002
 -2.96713679420733921E-002
 -3.70092094607462826E-002
 -4.06578715952639613E-002
 -4.06863386993077669E-002
 -3.84791892288614892E-002
 -3.61903489469567671E-002
 -3.59783644440201250E-002
 -3.93310123090510957E-002
 -4.68188591205151022E-002
 -5.81978081981492645E-002
 -7.25384602256117089E-002
 -8.83911702435602881E-002
 -0.10408370695216820     
 -0.11795798376018857     
 -0.12844483260040554     
 -0.13417357472944222     
 -0.13428373421941914     
 -0.12878282374314395     
 -0.11853860705506325     
 -0.10489589125862336     
 -8.93828943974953882E-002
 -7.37034357848253135E-002
 -5.97513484916660786E-002
 -4.95127278559661654E-002
 -4.48982762734445526E-002
 -4.75280660646180131E-002
 -5.85167435741603542E-002
 -7.82655350299160113E-002
 -0.10634161398971843     
 -0.14158552491489515     
 -0.18235999336500944     
 -0.22675434926573740     
 -0.27278734014976358     
 -0.31865136888788498     
 -0.36285294208111640     
 -0.40418830285809548     
 -0.44165988009215024     
 -0.47442509823712792     
 -0.50168932998208382     
 -0.52267799373585233     
 -0.53672597202889960     
 -0.54315424497499443     
 -0.54105437100712572     
 -0.52935035931086716     
 -0.50720686406139559     
 -0.47445606628947490     
 -0.43164771022849180     
 -0.37990902317843056     
 -0.32101002934227901     
 -0.25760881350291925     
 -0.19346014572336329     
 -0.13354006991830428     
 -8.41042324012681169E-002
 -5.27227907181632011E-002
 -4.82343278032073622E-002
 -8.05735243082736363E-002
 -0.16050654867985065     
 -0.29912968867545692     
 -0.50708630373629204     
 -0.79359228888959210     
  -1.1653080117795136     
  -1.6251545690432818     
  -2.1711989684944637     
  -2.7956069839299316     
  -3.4834835347722257     
  -4.2116224848344794     
  -4.9470399660686670     
  -5.6451124022073289     
  -6.2473154457098445     
  -6.6789686836704876     
  -6.8475360702176573     
  -6.6423674086509052     
  -5.9363084553558032     
  -4.5908216340233645     
  -2.4656802750411715     
  0.56472941278334687     
   4.5847971403906405     
   9.5976837766036098     
   15.463005168664088     
   21.809616371709325     
   27.911548552375724     
   32.583349691019926     
