   5.1189154830619081     
   5.0130245146556831     
   4.7344242835971500     
   4.3600031509287245     
   3.9581187262889332     
   3.5713101195943335     
   3.2150680059526162     
   2.8932467432614311     
   2.6041382650656009     
   2.3441899782352409     
   2.1103615454945781     
   1.8996253535830465     
   1.7095882431153846     
   1.5380824248208773     
   1.3832095460799956     
   1.2433109534007576     
   1.1168882807560030     
   1.0026443634738402     
  0.89941845233530826     
  0.80617656000644389     
  0.72197398997696638     
  0.64595023453556721     
  0.57732694556959008     
  0.51540288604640772     
  0.45954823676071072     
  0.40919760646786579     
  0.36384248865708424     
  0.32301592407276397     
  0.28628311339062379     
  0.25323403509385639     
  0.22349134315495670     
  0.19671961810788566     
  0.17261806514270686     
  0.15091574554580725     
  0.13136871353653165     
  0.11375732965591569     
  9.78891486500708535E-002
  8.35995471587972078E-002
  7.07505078093613043E-002
  5.92291946687221807E-002
  4.89421533850276022E-002
  3.98064797722212510E-002
  3.17456273914269518E-002
  2.46845384481772026E-002
  1.85428189184602514E-002
  1.32291989276659173E-002
  8.63889738137222328E-003
  4.66369615672218140E-003
  1.20290271292524320E-003
 -1.82802340120856162E-003
 -4.48852243042091766E-003
 -6.81085277636266605E-003
 -8.80464262659659720E-003
 -1.04715648263299828E-002
 -1.18199091899635639E-002
 -1.28726495494540776E-002
 -1.36679224605508881E-002
 -1.42431222803429455E-002
 -1.46192047057175749E-002
 -1.47975328160565925E-002
 -1.47646602464251726E-002
 -1.45027482175530912E-002
 -1.39962432056916879E-002
 -1.32306819648025775E-002
 -1.21910404936457026E-002
 -1.08696762953813288E-002
 -9.28390619736844426E-003
 -7.48331066857651009E-003
 -5.53685292336195383E-003
 -3.51462469138149117E-003
 -1.47738376775009904E-003
  5.28416230984705298E-004
  2.47453772959040736E-003
  4.34285562565971117E-003
  6.11209652332641695E-003
  7.75757413500776510E-003
  9.25625731991231750E-003
  1.05926627189243307E-002
  1.17649789782416029E-002
  1.27859737222023231E-002
  1.36855752033300231E-002
  1.45109976619652217E-002
  1.53095605022683622E-002
  1.61075265622054771E-002
  1.69042925472310951E-002
  1.76805626682342461E-002
  1.84124631597411860E-002
  1.90801940213149619E-002
  1.96677460745943236E-002
  2.01646556082088514E-002
  2.05680667477851145E-002
  2.08742505076367178E-002
  2.10732385011849419E-002
  2.11469640616442252E-002
  2.10750046373698353E-002
  2.08450679080985843E-002
  2.04560117912716312E-002
  1.99206826434747859E-002
  1.92635498461488780E-002
  1.85185425567505196E-002
  1.77240646874658528E-002
  1.69118333817994196E-002
  1.60949941827316020E-002
  1.52576610028395520E-002
  1.43644060120023138E-002
  1.33837602021697095E-002
  1.22998586839664220E-002
  1.11120267345434526E-002
  9.82990948317564138E-003
  8.46699792628027165E-003
  7.04298675347451910E-003
  5.58869264768564050E-003
  4.14150084142371217E-003
  2.73327889415788143E-003
  1.37988653789353666E-003
  8.05211073589065518E-005
 -1.17455944194722159E-003
 -2.38814745249640598E-003
 -3.54847980829316872E-003
 -4.63467037680568173E-003
 -5.62190734039367396E-003
 -6.48681783097631269E-003
 -7.20986708056185754E-003
 -7.78148520043005134E-003
 -8.20651918528093882E-003
 -8.49651194379797900E-003
 -8.67011019332575815E-003
 -8.75580384085931571E-003
 -8.78065791880076711E-003
 -8.75580384085947877E-003
 -8.67011019332581366E-003
 -8.49651194379814033E-003
 -8.20651918528102209E-003
 -7.78148520043018491E-003
 -7.20986708056187316E-003
 -6.48681783097628320E-003
 -5.62190734039370605E-003
 -4.63467037680568954E-003
 -3.54847980829316005E-003
 -2.38814745249640078E-003
 -1.17455944194719492E-003
  8.05211073589074734E-005
  1.37988653789344732E-003
  2.73327889415780857E-003
  4.14150084142371217E-003
  5.58869264768566219E-003
  7.04298675347459543E-003
  8.46699792628025430E-003
  9.82990948317563791E-003
  1.11120267345434492E-002
  1.22998586839664255E-002
  1.33837602021698691E-002
  1.43644060120023901E-002
  1.52576610028396561E-002
  1.60949941827316610E-002
  1.69118333817994022E-002
  1.77240646874659118E-002
  1.85185425567505162E-002
  1.92635498461489751E-002
  1.99206826434748380E-002
  2.04560117912716312E-002
  2.08450679080985496E-002
  2.10750046373698353E-002
  2.11469640616442946E-002
  2.10732385011848933E-002
  2.08742505076367317E-002
  2.05680667477850347E-002
  2.01646556082088306E-002
  1.96677460745943757E-002
  1.90801940213150174E-002
  1.84124631597411825E-002
  1.76805626682341385E-002
  1.69042925472312235E-002
  1.61075265622055638E-002
  1.53095605022682962E-002
  1.45109976619651280E-002
  1.36855752033300231E-002
  1.27859737222022294E-002
  1.17649789782415387E-002
  1.05926627189244036E-002
  9.25625731991223943E-003
  7.75757413500774082E-003
  6.11209652332635016E-003
  4.34285562565965046E-003
  2.47453772959034231E-003
  5.28416230984644474E-004
 -1.47738376775009362E-003
 -3.51462469138173750E-003
 -5.53685292336207786E-003
 -7.48331066857665407E-003
 -9.28390619736857090E-003
 -1.08696762953814849E-002
 -1.21910404936457026E-002
 -1.32306819648026139E-002
 -1.39962432056917052E-002
 -1.45027482175530183E-002
 -1.47646602464252298E-002
 -1.47975328160565162E-002
 -1.46192047057175228E-002
 -1.42431222803429645E-002
 -1.36679224605508985E-002
 -1.28726495494540863E-002
 -1.18199091899634651E-002
 -1.04715648263300209E-002
 -8.80464262659658159E-003
 -6.81085277636276493E-003
 -4.48852243042082658E-003
 -1.82802340120865529E-003
  1.20290271292524320E-003
  4.66369615672218574E-003
  8.63889738137226491E-003
  1.32291989276658896E-002
  1.85428189184602098E-002
  2.46845384481772234E-002
  3.17456273914269796E-002
  3.98064797722210914E-002
  4.89421533850274634E-002
  5.92291946687220489E-002
  7.07505078093612350E-002
  8.35995471587972494E-002
  9.78891486500707564E-002
  0.11375732965591558     
  0.13136871353653171     
  0.15091574554580728     
  0.17261806514270686     
  0.19671961810788557     
  0.22349134315495689     
  0.25323403509385622     
  0.28628311339062379     
  0.32301592407276397     
  0.36384248865708435     
  0.40919760646786568     
  0.45954823676071072     
  0.51540288604640760     
  0.57732694556959019     
  0.64595023453556721     
  0.72197398997696627     
  0.80617656000644411     
  0.89941845233530826     
   1.0026443634738402     
   1.1168882807560030     
   1.2433109534007576     
   1.3832095460799956     
   1.5380824248208771     
   1.7095882431153848     
   1.8996253535830465     
   2.1103615454945786     
   2.3441899782352409     
   2.6041382650656009     
   2.8932467432614311     
   3.2150680059526162     
   3.5713101195943335     
   3.9581187262889332     
   4.3600031509287245     
   4.7344242835971500     
   5.0130245146556831     
