   1988.4141693656745     
   1873.8725710711619     
   1580.8719351176544     
   1196.5919726722532     
   800.76944368035458     
   450.28449149463694     
   167.77049530507435     
  -41.271582141487606     
  -183.09331368923486     
  -268.82512316048690     
  -310.47151683952364     
  -319.42269162173807     
  -305.59651429775585     
  -276.91846330648502     
  -239.73169840861860     
  -198.79305994803727     
  -157.63383285437777     
  -118.75304159377512     
  -83.749130516674342     
  -53.582939099307282     
  -28.703666282879777     
  -9.2348269628249220     
   4.9756293940479388     
   14.285830911269157     
   19.231435910554058     
   20.453450897815518     
   18.647968531359609     
   14.511561961571864     
   8.7022891575464616     
   1.8199762706747571     
  -5.6068440741532513     
  -13.105718668347416     
  -20.266349676122193     
  -26.759091555491928     
  -32.343450945886794     
  -36.857273097519737     
  -40.224018401915416     
  -42.445327702942954     
  -43.592622128801274     
  -43.790983215356228     
  -43.198397928192882     
  -41.976127149676707     
  -40.269387888410186     
  -38.156779936550677     
  -35.631503218648639     
  -32.627159282351492     
  -29.092493802394277     
  -25.072659332625530     
  -20.739572052900819     
  -16.333347964485526     
  -12.102510899958281     
  -8.2516702764674257     
  -4.9378832480017110     
  -2.2640531981835612     
 -0.27923849115342947     
   1.0072192206780128     
   1.6047919676988058     
   1.5524002553256862     
  0.91809739434758508     
 -0.19984378306206352     
  -1.7103085361507542     
  -3.5462903310099354     
  -5.6720443762772028     
  -8.0499960063358333     
  -10.603194750091756     
  -13.194688883734772     
  -15.662759628641558     
  -17.840969721383665     
  -19.579359759796183     
  -20.753568904303926     
  -21.278754434452303     
  -21.113407184166547     
  -20.269765829757134     
  -18.797177634392327     
  -16.782346040752259     
  -14.332574626773795     
  -11.554317360379221     
  -8.5332290092036231     
  -5.3453250136354953     
  -2.0799657764069930     
   1.1166445254205271     
   4.0490525216450557     
   6.4942377669898228     
   8.2389076596829813     
   9.1103916986416955     
   9.0346673532463768     
   8.0627853532278753     
   6.3701394466955774     
   4.2167308313998708     
   1.8970912850332962     
 -0.31142141970272402     
  -2.1784804669729536     
  -3.5506192612806586     
  -4.3540473933168204     
  -4.5945128798079260     
  -4.3136863570254427     
  -3.5544717140191682     
  -2.3492476895939638     
 -0.74015539024261801     
   1.1961998763818493     
   3.3132571828663173     
   5.3988455343139217     
   7.1933811685984832     
   8.4494705464119946     
   8.9834935246971330     
   8.7200607952091360     
   7.7134256180254637     
   6.1338864958309474     
   4.2244051794911091     
   2.2610273224803259     
  0.48657955237787082     
 -0.92027242928012709     
  -1.8754664305771769     
  -2.3802751321368762     
  -2.5279386022974628     
  -2.4820928470561077     
  -2.4406268182404816     
  -2.5713248365584227     
  -2.9646033454851377     
  -3.6261170870487516     
  -4.5097739508036261     
  -5.5335960226667753     
  -6.6025103289504159     
  -7.6187196380505142     
  -8.4989986698678148     
  -9.1840259978113394     
  -9.6585836862676082     
  -9.9315709369494733     
  -10.020273287417472     
  -9.9315709369495444     
  -9.6585836862676384     
  -9.1840259978113661     
  -8.4989986698678184     
  -7.6187196380505267     
  -6.6025103289504257     
  -5.5335960226667886     
  -4.5097739508036261     
  -3.6261170870487534     
  -2.9646033454851208     
  -2.5713248365584143     
  -2.4406268182404576     
  -2.4820928470560890     
  -2.5279386022974801     
  -2.3802751321368998     
  -1.8754664305771769     
 -0.92027242928014064     
  0.48657955237787137     
   2.2610273224803006     
   4.2244051794911091     
   6.1338864958309314     
   7.7134256180254797     
   8.7200607952091396     
   8.9834935246971277     
   8.4494705464119946     
   7.1933811685984734     
   5.3988455343139119     
   3.3132571828663138     
   1.1961998763818333     
 -0.74015539024257981     
  -2.3492476895939212     
  -3.5544717140191682     
  -4.3136863570254462     
  -4.5945128798079304     
  -4.3540473933168089     
  -3.5506192612806675     
  -2.1784804669729501     
 -0.31142141970272691     
   1.8970912850332984     
   4.2167308313998708     
   6.3701394466955730     
   8.0627853532278753     
   9.0346673532463733     
   9.1103916986417239     
   8.2389076596830186     
   6.4942377669897873     
   4.0490525216449917     
   1.1166445254205271     
  -2.0799657764070116     
  -5.3453250136354873     
  -8.5332290092035912     
  -11.554317360379203     
  -14.332574626773793     
  -16.782346040752252     
  -18.797177634392316     
  -20.269765829757134     
  -21.113407184166547     
  -21.278754434452299     
  -20.753568904303947     
  -19.579359759796230     
  -17.840969721383729     
  -15.662759628641583     
  -13.194688883734811     
  -10.603194750091756     
  -8.0499960063358387     
  -5.6720443762772135     
  -3.5462903310099136     
  -1.7103085361507564     
 -0.19984378306205897     
  0.91809739434758642     
   1.5524002553256848     
   1.6047919676987996     
   1.0072192206780075     
 -0.27923849115343868     
  -2.2640531981835550     
  -4.9378832480016923     
  -8.2516702764674488     
  -12.102510899958270     
  -16.333347964485561     
  -20.739572052900819     
  -25.072659332625516     
  -29.092493802394284     
  -32.627159282351478     
  -35.631503218648653     
  -38.156779936550677     
  -40.269387888410208     
  -41.976127149676707     
  -43.198397928192875     
  -43.790983215356221     
  -43.592622128801274     
  -42.445327702942954     
  -40.224018401915458     
  -36.857273097519773     
  -32.343450945886765     
  -26.759091555491906     
  -20.266349676122193     
  -13.105718668347404     
  -5.6068440741531651     
   1.8199762706747504     
   8.7022891575464705     
   14.511561961571877     
   18.647968531359595     
   20.453450897815518     
   19.231435910554065     
   14.285830911269167     
   4.9756293940479468     
  -9.2348269628249344     
  -28.703666282879773     
  -53.582939099307211     
  -83.749130516674327     
  -118.75304159377508     
  -157.63383285437777     
  -198.79305994803741     
  -239.73169840861860     
  -276.91846330648502     
  -305.59651429775585     
  -319.42269162173807     
  -310.47151683952364     
  -268.82512316048690     
  -183.09331368923489     
  -41.271582141487599     
   167.77049530507435     
   450.28449149463705     
   800.76944368035436     
   1196.5919726722530     
   1580.8719351176544     
   1873.8725710711619     
