  2.13808311592459006E-002
  2.13152164633281863E-002
  2.11196226469069562E-002
  2.07977611058697380E-002
  2.03556878703944621E-002
  1.98016152274701311E-002
  1.91456597489056933E-002
  1.83995376316838967E-002
  1.75762202366198904E-002
  1.66895639627235998E-002
  1.57539290794979185E-002
  1.47838018719859444E-002
  1.37934334964708270E-002
  1.27965074009074101E-002
  1.18058451644020585E-002
  1.08331583018525055E-002
  9.88885111476066336E-003
  8.98187719222821868E-003
  8.11964980672105416E-003
  7.30800431491745225E-003
  6.55120884668003098E-003
  5.85201809953010341E-003
  5.21176398000066255E-003
  4.63047615061422304E-003
  4.10702523478917361E-003
  3.63928146772191834E-003
  3.22428191280260462E-003
  2.85839993591842367E-003
  2.53751138552758479E-003
  2.25715280561309501E-003
  2.01266795501405839E-003
  1.79933986846411080E-003
  1.61250662684827390E-003
  1.44765986935109763E-003
  1.30052584931689011E-003
  1.16712948831927568E-003
  1.04384240695110748E-003
  9.27416301728287238E-004
  8.15003297659538418E-004
  7.04165043742453539E-004
  5.92872346912570649E-004
  4.79497075330604446E-004
  3.62797923224544492E-004
  2.41901436860405774E-004
  1.16279474777368234E-004
 -1.42759654701060838E-005
 -1.49679859466583164E-004
 -2.89582731390921060E-004
 -4.33400404934866418E-004
 -5.80344788912318067E-004
 -7.29455657045235224E-004
 -8.79633432127946814E-004
 -1.02967298649353153E-003
 -1.17829842703552580E-003
 -1.32419875028883796E-003
 -1.46606413982173340E-003
 -1.60262254473948502E-003
 -1.73267603588203199E-003
 -1.85513629723447039E-003
 -1.96905848591267347E-003
 -2.07367259578065651E-003
 -2.16841139683469561E-003
 -2.25293400253916186E-003
 -2.32714414553210954E-003
 -2.39120232103557555E-003
 -2.44553108652510341E-003
 -2.49081298242249775E-003
 -2.52798075565747321E-003
 -2.55819981724303251E-003
 -2.58284313577377246E-003
 -2.60345904866854600E-003
 -2.62173274883565482E-003
 -2.63944246286457228E-003
 -2.65841156503359181E-003
 -2.68045805786878326E-003
 -2.70734298511139410E-003
 -2.74071941964972032E-003
 -2.78208368295599978E-003
 -2.83273040259255423E-003
 -2.89371290217713953E-003
 -2.96581024845125711E-003
 -3.04950205993483698E-003
 -3.14495192029337926E-003
 -3.25199994775305680E-003
 -3.37016476140568171E-003
 -3.49865476817448314E-003
 -3.63638838255578040E-003
 -3.78202249640730492E-003
 -3.93398824844871670E-003
 -4.09053291189900078E-003
 -4.24976653143689740E-003
 -4.40971180339132154E-003
 -4.56835560992360518E-003
 -4.72370059125394072E-003
 -4.87381517010507075E-003
 -5.01688052788579631E-003
 -5.15123316920464060E-003
 -5.27540189460185688E-003
 -5.38813822367476426E-003
 -5.48843956313964376E-003
 -5.57556468664945244E-003
 -5.64904137419721102E-003
 -5.70866633714972507E-003
 -5.75449781889333760E-003
 -5.78684150001001606E-003
 -5.80623054139113321E-003
 -5.81340076111179667E-003
 -5.80926205582280898E-003
 -5.79486724194960574E-003
 -5.77137950577811653E-003
 -5.74003961666736100E-003
 -5.70213397854945226E-003
 -5.65896447771693442E-003
 -5.61182093723850122E-003
 -5.56195681853692472E-003
 -5.51056862742500733E-003
 -5.45877929376172282E-003
 -5.40762560888898968E-003
 -5.35804963035860053E-003
 -5.31089380536093648E-003
 -5.26689942788808197E-003
 -5.22670793398739928E-003
 -5.19086445741491920E-003
 -5.15982301639512052E-003
 -5.13395268178894193E-003
 -5.11354408748600046E-003
 -5.09881568394383086E-003
 -5.08991920316217376E-003
 -5.08694389467669993E-003
 -5.08991920316217376E-003
 -5.09881568394383086E-003
 -5.11354408748600046E-003
 -5.13395268178894366E-003
 -5.15982301639512225E-003
 -5.19086445741491920E-003
 -5.22670793398739841E-003
 -5.26689942788808197E-003
 -5.31089380536093648E-003
 -5.35804963035860053E-003
 -5.40762560888899142E-003
 -5.45877929376172195E-003
 -5.51056862742500733E-003
 -5.56195681853692558E-003
 -5.61182093723850209E-003
 -5.65896447771693442E-003
 -5.70213397854945226E-003
 -5.74003961666736014E-003
 -5.77137950577811566E-003
 -5.79486724194960574E-003
 -5.80926205582280898E-003
 -5.81340076111179580E-003
 -5.80623054139113061E-003
 -5.78684150001001520E-003
 -5.75449781889333760E-003
 -5.70866633714972246E-003
 -5.64904137419721102E-003
 -5.57556468664945157E-003
 -5.48843956313964376E-003
 -5.38813822367476426E-003
 -5.27540189460185601E-003
 -5.15123316920464060E-003
 -5.01688052788579631E-003
 -4.87381517010506988E-003
 -4.72370059125394072E-003
 -4.56835560992360518E-003
 -4.40971180339132327E-003
 -4.24976653143689827E-003
 -4.09053291189899991E-003
 -3.93398824844871584E-003
 -3.78202249640730492E-003
 -3.63638838255578040E-003
 -3.49865476817448401E-003
 -3.37016476140568084E-003
 -3.25199994775305593E-003
 -3.14495192029337883E-003
 -3.04950205993483742E-003
 -2.96581024845125711E-003
 -2.89371290217714039E-003
 -2.83273040259255423E-003
 -2.78208368295599848E-003
 -2.74071941964972076E-003
 -2.70734298511139410E-003
 -2.68045805786878413E-003
 -2.65841156503359181E-003
 -2.63944246286457228E-003
 -2.62173274883565613E-003
 -2.60345904866854556E-003
 -2.58284313577377507E-003
 -2.55819981724303295E-003
 -2.52798075565747451E-003
 -2.49081298242249862E-003
 -2.44553108652510471E-003
 -2.39120232103557555E-003
 -2.32714414553210954E-003
 -2.25293400253916100E-003
 -2.16841139683469518E-003
 -2.07367259578065651E-003
 -1.96905848591267304E-003
 -1.85513629723447018E-003
 -1.73267603588203199E-003
 -1.60262254473948502E-003
 -1.46606413982173318E-003
 -1.32419875028883774E-003
 -1.17829842703552623E-003
 -1.02967298649353153E-003
 -8.79633432127947682E-004
 -7.29455657045234465E-004
 -5.80344788912318284E-004
 -4.33400404934866418E-004
 -2.89582731390921277E-004
 -1.49679859466582811E-004
 -1.42759654701062176E-005
  1.16279474777368166E-004
  2.41901436860405341E-004
  3.62797923224545359E-004
  4.79497075330603253E-004
  5.92872346912569998E-004
  7.04165043742452671E-004
  8.15003297659538202E-004
  9.27416301728286913E-004
  1.04384240695110683E-003
  1.16712948831927546E-003
  1.30052584931689076E-003
  1.44765986935109763E-003
  1.61250662684827390E-003
  1.79933986846411102E-003
  2.01266795501405926E-003
  2.25715280561309501E-003
  2.53751138552758522E-003
  2.85839993591842367E-003
  3.22428191280260549E-003
  3.63928146772191747E-003
  4.10702523478917361E-003
  4.63047615061422304E-003
  5.21176398000066255E-003
  5.85201809953010427E-003
  6.55120884668003011E-003
  7.30800431491745311E-003
  8.11964980672105589E-003
  8.98187719222821868E-003
  9.88885111476066336E-003
  1.08331583018525055E-002
  1.18058451644020585E-002
  1.27965074009074101E-002
  1.37934334964708270E-002
  1.47838018719859444E-002
  1.57539290794979185E-002
  1.66895639627235998E-002
  1.75762202366198904E-002
  1.83995376316838967E-002
  1.91456597489056968E-002
  1.98016152274701346E-002
  2.03556878703944587E-002
  2.07977611058697380E-002
  2.11196226469069562E-002
  2.13152164633281863E-002
