 0.977618510406816354E-01
 0.870466612723551775E-01
 0.602751099040789023E-01
 0.286997619335521183E-01
 0.221682888821378866E-02
 -0.152907587933544201E-01
 -0.245835374190239778E-01
 -0.279286130120037536E-01
 -0.276520635859765392E-01
 -0.253754356521005177E-01
 -0.221304142852945598E-01
 -0.185166719525976207E-01
 -0.148639698251702129E-01
 -0.113713777903778970E-01
 -0.817000515823799491E-02
 -0.536429914951646290E-02
 -0.302105319321149639E-02
 -0.116449767170265272E-02
 0.220409536908722719E-03
 0.117453377825116941E-02
 0.175170797124453003E-02
 0.201704293922470032E-02
 0.204398600824968460E-02
 0.191085684456555427E-02
 0.168609464164225318E-02
 0.142020188506598779E-02
 0.114478081484086815E-02
 0.880595754487888149E-03
 0.633383520311557461E-03
 0.394235877269548288E-03
 0.144478221829103881E-03
 -0.122804609038461304E-03
 -0.395734727595650250E-03
 -0.651286336577000264E-03
 -0.871929143739478998E-03
 -0.105112645355015738E-02
 -0.119279639546832289E-02
 -0.129548416659943841E-02
 -0.134600700214162735E-02
 -0.132206785568746827E-02
 -0.121019666258817896E-02
 -0.102173431781292664E-02
 -0.795859156556209400E-03
 -0.579360119095724069E-03
 -0.405300220352391972E-03
 -0.282463528815722598E-03
 -0.207995630521227775E-03
 -0.170875581359831525E-03
 -0.148349520538976762E-03
 -0.111833402027032485E-03
 -0.528863773034034335E-04
 0.480141322790563673E-05
 0.235239240938046426E-04
 -0.219922460391170641E-04
 -0.139741384959056876E-03
 -0.315557765861434547E-03
 -0.507084132710518992E-03
 -0.654663319940889635E-03
 -0.713129941852939887E-03
 -0.671420149375123211E-03
 -0.546377189010327589E-03
 -0.361753111424317883E-03
 -0.142370500002836451E-03
 0.802831661212294876E-04
 0.265766903367077503E-03
 0.376887119942015912E-03
 0.394145883806251262E-03
 0.327971415548722095E-03
 0.213380001196923874E-03
 0.929494871127980760E-04
 -0.269004016922479280E-05
 -0.652287703421888077E-04
 -0.105841949634330256E-03
 -0.144126464906747928E-03
 -0.199386097049184679E-03
 -0.280655081024407766E-03
 -0.380765659999018685E-03
 -0.479027887038728202E-03
 -0.553017348659391988E-03
 -0.580338539466703851E-03
 -0.540978576546986270E-03
 -0.428713824859336867E-03
 -0.262232017644258930E-03
 -0.786788945339989790E-04
 0.806953855272317334E-04
 0.182657701259827764E-03
 0.212771160626298530E-03
 0.184084530175989341E-03
 0.129438424490041292E-03
 0.818831788539504100E-04
 0.557613535919452170E-04
 0.478174250400023124E-04
 0.485744402232544354E-04
 0.507125207119854912E-04
 0.499024364693258148E-04
 0.451054116886833093E-04
 0.341007633842293128E-04
 0.107639724924692371E-04
 -0.287704897254532820E-04
 -0.800804499036161717E-04
 -0.131966349042259847E-03
 -0.169693423198665676E-03
 -0.185532004400379473E-03
 -0.185409198667798697E-03
 -0.179585255836436111E-03
 -0.166831905858775160E-03
 -0.137092684669261967E-03
 -0.883644084748796765E-04
 -0.350558687126311091E-04
 0.526142334124309168E-05
 0.209511059931369357E-04
 0.873600080521335081E-05
 -0.284025156635418590E-04
 -0.856996473668739409E-04
 -0.159316526868248252E-03
 -0.244790047032029956E-03
 -0.335188300385224659E-03
 -0.417959229191459459E-03
 -0.477455073331240984E-03
 -0.497260251455832521E-03
 -0.462966751315300649E-03
 -0.372020337045124319E-03
 -0.243653783036082216E-03
 -0.105479924724024754E-03
 0.234358255598840062E-04
 0.133794272276154951E-03
 0.223457807499681120E-03
 0.297382750397643715E-03
 0.362729878250992116E-03
 0.422202310990736846E-03
 0.467242817275317988E-03
 0.484862566445025997E-03
 0.466758794371632498E-03
 0.408884997006109545E-03
 0.311077425810209510E-03
 0.187632138530565812E-03
 0.689217619746576051E-04
 -0.152995625875189330E-04
 -0.531849351342250916E-04
 -0.503250306450609214E-04
 -0.220422611167082930E-04
 0.155816587515280126E-04
 0.499768622495622814E-04
 0.730624727261801809E-04
 0.768966044129183051E-04
 0.479413304630839813E-04
 -0.281593636653802220E-04
 -0.152417837284224037E-03
 -0.312312642719053245E-03
 -0.489183327619482889E-03
 -0.663036192220060601E-03
 -0.811957392887372787E-03
 -0.914920798689312659E-03
 -0.956096823659794586E-03
 -0.930670508344939255E-03
 -0.849473146886282004E-03
 -0.733856548049856218E-03
 -0.596318335674112508E-03
 -0.432655393130271335E-03
 -0.235236390173894355E-03
 -0.118682276317552189E-04
 0.210911749971747669E-03
 0.399285115066325808E-03
 0.528521482515330212E-03
 0.586782331005906597E-03
 0.572307584023550096E-03
 0.494845304940546606E-03
 0.378483682941630644E-03
 0.252292815723058209E-03
 0.136176465505430567E-03
 0.348039070579953563E-04
 -0.559861240090161861E-04
 -0.141870509015294319E-03
 -0.220680231493082117E-03
 -0.280386028442687748E-03
 -0.308633440492687950E-03
 -0.304772396301377215E-03
 -0.279145151277353015E-03
 -0.246877573762701089E-03
 -0.219531933918696768E-03
 -0.200383556180630003E-03
 -0.180007230835814425E-03
 -0.136532417886196594E-03
 -0.467579836715650802E-04
 0.949853195032253762E-04
 0.270010814142345823E-03
 0.442028978584424991E-03
 0.575068182221797632E-03
 0.643810694282639169E-03
 0.636193827246074877E-03
 0.552551341214762583E-03
 0.405715957812012172E-03
 0.217311902956920531E-03
 0.122989686370285102E-04
 -0.183208903152884265E-03
 -0.338375442510731967E-03
 -0.426361348668126698E-03
 -0.436468675076866664E-03
 -0.379767450340980908E-03
 -0.285240547246036708E-03
 -0.192709319140007011E-03
 -0.134585579371684742E-03
 -0.121485144485906956E-03
 -0.140750007080953370E-03
 -0.169179738420812412E-03
 -0.186887748172640894E-03
 -0.189430346664717258E-03
 -0.189517766295862263E-03
 -0.209000357701800022E-03
 -0.261881985893271639E-03
 -0.347153797073182957E-03
 -0.446248955719389534E-03
 -0.532020979822687306E-03
 -0.585025085317774306E-03
 -0.609515962752719704E-03
 -0.623256776662862262E-03
 -0.639289789099071158E-03
 -0.661012915189587410E-03
 -0.691981150740338222E-03
 -0.729839411116824316E-03
 -0.755476073387504341E-03
 -0.734690009493640440E-03
 -0.641447491595267707E-03
 -0.468360930059098877E-03
 -0.224320718363806774E-03
 0.771815829123370434E-04
 0.420104793356964679E-03
 0.791759827920833080E-03
 0.118303560231559457E-02
 0.158709408115915605E-02
 0.198656205403306132E-02
 0.234911406420417650E-02
 0.262914257086008674E-02
 0.277934154918193545E-02
 0.275258962697318924E-02
 0.250568681494191476E-02
 0.199992545737271571E-02
 0.120351649724497606E-02
 0.760973590169767921E-04
 -0.144080195344770297E-02
 -0.341474617126027741E-02
 -0.589244986523539994E-02
 -0.887380954693191282E-02
 -0.122968286108236877E-01
 -0.160265648100271531E-01
 -0.198696652565322797E-01
 -0.235599997586046772E-01
 -0.267353904673822418E-01
 -0.288075115490713830E-01
 -0.287805766091923168E-01
 -0.250733519776152082E-01
 -0.154035942745084364E-01
 0.242500230792634924E-02
 0.291024685876828254E-01
 0.607009032325887266E-01
 0.873193320231707704E-01
