 328.488286918219217
 313.892057170187798
 273.223807930820669
 215.345037417793890
 150.622129245482284
 87.7362047865222507
 32.4162440198299251
 -12.4338284415742049
 -46.0477897659445148
 -69.0195502139290227
 -82.6886033381597088
 -88.7090986275545959
 -88.7811054572647720
 -84.4989179267434452
 -77.2673010634539423
 -68.2660920993744327
 -58.4441031023510149
 -48.5308657266783570
 -39.0561712831167966
 -30.3756305964546911
 -22.7024984334789224
 -16.1415256337667046
 -10.7192614358301519
 -6.40734572131542190
 -3.13944653726432676
 -0.824060629127411182
 0.645616234183161497
 1.38643729526548620
 1.52491121563807952
 1.19456536549531256
 0.526590455364021937
 -0.361913818418688027
 -1.37680187301615087
 -2.44943349369574825
 -3.53222554408606948
 -4.59094984516845805
 -5.59669875595997812
 -6.51909656459367159
 -7.32520912678679004
 -7.98382416524233385
 -8.46997692492449694
 -8.76801936554986305
 -8.87381036014624236
 -8.79632324089757489
 -8.55720824785518452
 -8.18646279719274439
 -7.71754443822073721
 -7.18518551389044369
 -6.62297515970076667
 -6.05981660523629184
 -5.51794474770522569
 -5.01231276766631684
 -4.54862026399396324
 -4.12035021598302720
 -3.70876646636604024
 -3.28727475386990342
 -2.82833807462308418
 -2.31121843144522909
 -1.72800744524493277
 -1.08514617550580250
 -0.402719973366846618
 0.286883289264394770
 0.943245237361041378
 1.52481838287167282
 1.99577218051292382
 2.33038275630039848
 2.51396269183188759
 2.54380660817912707
 2.43169211633252935
 2.20327315378236888
 1.89297246376140782
 1.53772504589582426
 1.17273889624537131
 0.829442860808444316
 0.533212483537587434
 0.299244784130840435
 0.127565920237527053
 0.182543788925870168E-02
 -0.104302273190753844
 -0.216856515392204047
 -0.354329915885845004
 -0.526769837146794151
 -0.737562547013114300
 -0.982494617700890083
 -1.24878892795552932
 -1.51761552414434253
 -1.76897684274971367
 -1.98819421760112114
 -2.16922954117237010
 -2.31130456997957490
 -2.41402339664529642
 -2.47526094013802611
 -2.49214368868591407
 -2.46553866210329309
 -2.40569873181353300
 -2.33384901380482335
 -2.27543924562897448
 -2.24740283017070341
 -2.25076278446586420
 -2.27442939156751756
 -2.30248854379606493
 -2.31775707305830991
 -2.30311329972858880
 -2.24366385660763523
 -2.12930789671505893
 -1.95365636471105431
 -1.70852749075057941
 -1.38143140603586589
 -0.962500038091532284
 -0.455163760807032525
 0.119674877164383339
 0.725838419331292672
 1.31500723511472906
 1.83140246410630114
 2.22109608900353184
 2.44277743615024434
 2.47473192410424714
 2.31740980000276986
 1.99215783397440749
 1.53497399801503320
 0.987028905676948232
 0.388132605736309810
 -0.224268071847042311
 -0.814688853209858621
 -1.35073414946988968
 -1.80453505973303718
 -2.15453238088612720
 -2.38855020569420784
 -2.50516823938337119
 -2.51082035297835882
 -2.41581540601000544
 -2.23264525897021748
 -1.97649580353997711
 -1.66409481095042033
 -1.30857586710352902
 -0.915898231532399132
 -0.488264141886210090
 -0.309738597731218715E-01
 0.443483518120129316
 0.914610690501009627
 1.35392396665543457
 1.72695311177574085
 1.99901096269703493
 2.14367775066640709
 2.14917296632498811
 2.01770668713397061
 1.75965630437802756
 1.38842485711031460
 0.919184149767231062
 0.370602396215809315
 -0.232332572034509965
 -0.857669356813648975
 -1.47007008965904551
 -2.03515986966020979
 -2.52259744013534259
 -2.90897881565721361
 -3.18213951178223686
 -3.34736668450757913
 -3.43114094570940864
 -3.47586827966840950
 -3.52635043625880451
 -3.61660667289117654
 -3.76214698370178402
 -3.95662594861487626
 -4.17122296351084465
 -4.35739432743329758
 -4.45651503223826939
 -4.41585492794837275
 -4.20335099563432291
 -3.81426188737414540
 -3.26937949792365634
 -2.61043749054478225
 -1.89562367989349556
 -1.19290416998847260
 -0.568928613585707565
 -0.745816554621933359E-01
 0.268721273565212582
 0.474921438385012162
 0.585400709989694512
 0.650179106885518165
 0.708957586266277806
 0.782819528471805581
 0.877514838626890614
 0.990810542252610560
 1.11800698970965184
 1.25239277632825607
 1.38189939934456563
 1.48759905203352205
 1.54870769724116775
 1.55168825321305293
 1.49455464388615011
 1.38228543415175920
 1.21903624022143986
 1.00492494625096662
 0.737976709969298206
 0.417985150820486429
 0.493792991763223887E-01
 -0.362209573632157833
 -0.818246795510060188
 -1.32839414070788431
 -1.89963750695745937
 -2.52408474736965527
 -3.17708201882953256
 -3.82597130932974672
 -4.44341877991617640
 -5.01957239774759234
 -5.56552629362248830
 -6.10349852747640753
 -6.65057574036137389
 -7.20657331404640367
 -7.75178895170639937
 -8.25247994569073740
 -8.66774118545705363
 -8.95636161917131446
 -9.08526810862213807
 -9.03625473802958723
 -8.80640600732954937
 -8.40512475964988326
 -7.85118150046272500
 -7.16822659258415218
 -6.37892158448104496
 -5.50208033368404692
 -4.55528079942881092
 -3.56044483461605754
 -2.54898753939224720
 -1.56504641692617197
 -0.667661459032200089
 0.652844128231363230E-01
 0.532836532911573180
 0.610607781359288837
 0.156334672271545461
 -0.979611127026037587
 -2.94350929003361861
 -5.87024500762388257
 -9.87600628615922282
 -15.0486236606971460
 -21.4334145674009626
 -29.0138669494725043
 -37.6863240017172814
 -47.2308640704514602
 -57.2838500517734275
 -67.3119883008446607
 -76.5859201774223521
 -84.1552058785998867
 -88.8307512493886833
 -89.1871917796958513
 -83.5973075594468185
 -70.3191256086692817
 -47.6562333659990642
 -14.2350612292915493
 30.5591940166631026
 85.9666191171970695
 149.073231649362242
 214.121830407393588
 272.390109349841339
 313.472951573554212
