 15.7283357489010704
 15.0231663303966592
 13.1343076385575621
 10.5561986454068801
 7.77897285962530649
 5.15905053232107580
 2.89556777484045380
 1.06938318773771202
 -0.315088303546342763
 -1.29637324899977502
 -1.93236804237114512
 -2.28710221747452191
 -2.42252694895086806
 -2.39448424358985124
 -2.25101011218332214
 -2.03194528418087961
 -1.76948013006601812
 -1.48890929190851895
 -1.20949266718342963
 -0.945254586503971317
 -0.705767236369242656
 -0.496955888838664595
 -0.321803271310715067
 -0.180971240521354937
 -0.733508377167438330E-01
 0.339509968718018553E-02
 0.523378157368297597E-01
 0.769269249191861931E-01
 0.807708674675365196E-01
 0.675363827400331379E-01
 0.409540034876631764E-01
 0.480638777131107454E-02
 -0.372057828892464193E-01
 -0.817214606355722850E-01
 -0.125981123611684981
 -0.167949878439402955
 -0.206258039884464950
 -0.239984082715192837
 -0.268405350424754108
 -0.290840660457085731
 -0.306593984929635577
 -0.315012359650123364
 -0.315619432688681811
 -0.308235710744627800
 -0.293035114801029006
 -0.270553378857988525
 -0.241729600860004834
 -0.208017239807430615
 -0.171491081868119899
 -0.134819390724513932
 -0.100988691116207924
 -0.727989086703118154E-01
 -0.523074720623026568E-01
 -0.404671886387773030E-01
 -0.370952320148382961E-01
 -0.410962264744264838E-01
 -0.507949325910892202E-01
 -0.642699359434017042E-01
 -0.796215273169069843E-01
 -0.951753936845299714E-01
 -0.109631409028906016
 -0.122163175813126065
 -0.132421888059839621
 -0.140417180990939860
 -0.146366330738346595
 -0.150602365404190502
 -0.153577406387620408
 -0.155898607425007191
 -0.158278126448852002
 -0.161401351935448273
 -0.165769244070283761
 -0.171533625570628401
 -0.178315105997950474
 -0.185043658210842316
 -0.189997359964608009
 -0.191135852992564553
 -0.186633269619035175
 -0.175404286777638030
 -0.157385067393358502
 -0.133499675192948752
 -0.105449427949867044
 -0.754581061582653839E-01
 -0.460016705580910540E-01
 -0.195131172985280980E-01
 0.195579306880743061E-02
 0.170668938585658465E-01
 0.253620650590742312E-01
 0.271988854083206576E-01
 0.235339457063953178E-01
 0.156455420763676155E-01
 0.485864369399490511E-02
 -0.773134825939973593E-02
 -0.215013649101272290E-01
 -0.363841479400798043E-01
 -0.527659188900705470E-01
 -0.712362017224151267E-01
 -0.922503770539881141E-01
 -0.115833507418536596
 -0.141431536137994113
 -0.167939623152003781
 -0.193854970442327773
 -0.217522933587069034
 -0.237437320831334647
 -0.252493955245892354
 -0.262158962022823239
 -0.266528275302284512
 -0.266282843609121300
 -0.262529559581163752
 -0.256516565630618698
 -0.249356656912827046
 -0.241872774739440077
 -0.234555148005964720
 -0.227572653082925985
 -0.220786162860278468
 -0.213792928031297791
 -0.206058063732502877
 -0.197115565333887161
 -0.186747869577776310
 -0.175092256775452482
 -0.162668506435255766
 -0.150300315145759034
 -0.138901676438253296
 -0.129183815485029579
 -0.121448840058231436
 -0.115610576182355332
 -0.111391728907131587
 -0.108527919701667877
 -0.106855575400550226
 -0.106303500003309875
 -0.106855575400550171
 -0.108527919701667905
 -0.111391728907131615
 -0.115610576182355387
 -0.121448840058231464
 -0.129183815485029579
 -0.138901676438253269
 -0.150300315145759061
 -0.162668506435255766
 -0.175092256775452565
 -0.186747869577776282
 -0.197115565333887161
 -0.206058063732502877
 -0.213792928031297791
 -0.220786162860278468
 -0.227572653082926041
 -0.234555148005964748
 -0.241872774739440022
 -0.249356656912827102
 -0.256516565630618698
 -0.262529559581163807
 -0.266282843609121300
 -0.266528275302284567
 -0.262158962022823183
 -0.252493955245892299
 -0.237437320831334592
 -0.217522933587069062
 -0.193854970442327829
 -0.167939623152003809
 -0.141431536137994113
 -0.115833507418536610
 -0.922503770539880585E-01
 -0.712362017224151128E-01
 -0.527659188900705678E-01
 -0.363841479400797974E-01
 -0.215013649101272256E-01
 -0.773134825939971512E-02
 0.485864369399493286E-02
 0.156455420763676016E-01
 0.235339457063952935E-01
 0.271988854083206645E-01
 0.253620650590742173E-01
 0.170668938585657910E-01
 0.195579306880742368E-02
 -0.195131172985280911E-01
 -0.460016705580910679E-01
 -0.754581061582653839E-01
 -0.105449427949867044
 -0.133499675192948752
 -0.157385067393358641
 -0.175404286777638085
 -0.186633269619035175
 -0.191135852992564553
 -0.189997359964608009
 -0.185043658210842288
 -0.178315105997950529
 -0.171533625570628429
 -0.165769244070283761
 -0.161401351935448301
 -0.158278126448851947
 -0.155898607425007218
 -0.153577406387620463
 -0.150602365404190558
 -0.146366330738346567
 -0.140417180990939888
 -0.132421888059839621
 -0.122163175813126010
 -0.109631409028905988
 -0.951753936845299714E-01
 -0.796215273169069426E-01
 -0.642699359434017042E-01
 -0.507949325910892133E-01
 -0.410962264744264977E-01
 -0.370952320148383030E-01
 -0.404671886387772892E-01
 -0.523074720623026498E-01
 -0.727989086703118154E-01
 -0.100988691116207924
 -0.134819390724513932
 -0.171491081868119899
 -0.208017239807430615
 -0.241729600860004862
 -0.270553378857988525
 -0.293035114801029006
 -0.308235710744627800
 -0.315619432688681811
 -0.315012359650123419
 -0.306593984929635466
 -0.290840660457085731
 -0.268405350424754052
 -0.239984082715192837
 -0.206258039884464950
 -0.167949878439402983
 -0.125981123611684981
 -0.817214606355722573E-01
 -0.372057828892464124E-01
 0.480638777131111271E-02
 0.409540034876631903E-01
 0.675363827400331518E-01
 0.807708674675364641E-01
 0.769269249191861793E-01
 0.523378157368297250E-01
 0.339509968718016862E-02
 -0.733508377167437914E-01
 -0.180971240521354881
 -0.321803271310715067
 -0.496955888838664595
 -0.705767236369242656
 -0.945254586503971317
 -1.20949266718342963
 -1.48890929190851873
 -1.76948013006601812
 -2.03194528418087961
 -2.25101011218332214
 -2.39448424358985079
 -2.42252694895086806
 -2.28710221747452191
 -1.93236804237114512
 -1.29637324899977502
 -0.315088303546342874
 1.06938318773771202
 2.89556777484045380
 5.15905053232107580
 7.77897285962530649
 10.5561986454068801
 13.1343076385575621
 15.0231663303966592
