  6.15838510330418004E-002
  6.14414968726036126E-002
  6.10166728704476455E-002
  6.03160291120744818E-002
  5.93504340859552088E-002
  5.81346620112854831E-002
  5.66869740981902973E-002
  5.50286113567737198E-002
  5.31832197556690242E-002
  5.11762305395041597E-002
  4.90342192919497322E-002
  4.67842669086918905E-002
  4.44533441321987785E-002
  4.20677388695125387E-002
  3.96525423800826241E-002
  3.72312068192852466E-002
  3.48251827934263763E-002
  3.24536417469399666E-002
  3.01332843572272059E-002
  2.78782328147903179E-002
  2.57000020319254480E-002
  2.36075425261262142E-002
  2.16073459985066108E-002
  1.97036034724939399E-002
  1.78984052446009186E-002
  1.61919717765385725E-002
  1.45829049604235764E-002
  1.30684498419115346E-002
  1.16447578116474042E-002
  1.03071433965041016E-002
  9.05032802587227465E-003
  7.86866544885673515E-003
  6.75634477801500058E-003
  5.70756838595433587E-003
  4.71670304401952765E-003
  3.77840373830567967E-003
  2.88771050723528018E-003
  2.04011940527163782E-003
  1.23162930478427825E-003
  4.58766704952693271E-004
 -2.81408969378851143E-004
 -9.91316912749673484E-004
 -1.67288059419333805E-003
 -2.32756481902057994E-003
 -2.95642160397517183E-003
 -3.56014244349160854E-003
 -4.13911475868186055E-003
 -4.69348056067450149E-003
 -5.22319561113476251E-003
 -5.72808761255550348E-003
 -6.20791219912518021E-003
 -6.66240571814425211E-003
 -7.09133398722728431E-003
 -7.49453638150647267E-003
 -7.87196474760441627E-003
 -8.22371675908042249E-003
 -8.55006342472549793E-003
 -8.85147054091473852E-003
 -9.12861394740516023E-003
 -9.38238850774045056E-003
 -9.61391079592203296E-003
 -9.82451553462804217E-003
 -1.00157459004415507E-002
 -1.01893378905024336E-002
 -1.03471990335126784E-002
 -1.04913818254833459E-002
 -1.06240523750259792E-002
 -1.07474548512128069E-002
 -1.08638724349781821E-002
 -1.09755855780697756E-002
 -1.10848284667629370E-002
 -1.11937446661692815E-002
 -1.13043429806133980E-002
 -1.14184546024918079E-002
 -1.15376926334516908E-002
 -1.16634150456380904E-002
 -1.17966921062813389E-002
 -1.19382792160161004E-002
 -1.20885960109606960E-002
 -1.22477124525102871E-002
 -1.24153424794518300E-002
 -1.25908456275092787E-002
 -1.27732368354575524E-002
 -1.29612044585883362E-002
 -1.31531363041553825E-002
 -1.33471532942974185E-002
 -1.35411501549264242E-002
 -1.37328423294570210E-002
 -1.39198181293425198E-002
 -1.40995949644440177E-002
 -1.42696783504705372E-002
 -1.44276222729470324E-002
 -1.45710894019977534E-002
 -1.46979096037613884E-002
 -1.48061351860769002E-002
 -1.48940913510530338E-002
 -1.49604204073696540E-002
 -1.50041184216744786E-002
 -1.50245631611703803E-002
 -1.50215323967972762E-002
 -1.49952118951752200E-002
 -1.49461927225189896E-002
 -1.48754578080183518E-002
 -1.47843580584470172E-002
 -1.46745786688222083E-002
 -1.45480966226764971E-002
 -1.44071307055182955E-002
 -1.42540856509691272E-002
 -1.40914922855317568E-002
 -1.39219457203285830E-002
 -1.37480437436391066E-002
 -1.35723275865942926E-002
 -1.33972271595674021E-002
 -1.32250126867001251E-002
 -1.30577544037295649E-002
 -1.28972916381681763E-002
 -1.27452121744916092E-002
 -1.26028423385745950E-002
 -1.24712477373704177E-002
 -1.23512440867628703E-002
 -1.22434170790164578E-002
 -1.21481498075764350E-002
 -1.20656559056243392E-002
 -1.19960162869218352E-002
 -1.19392172195093675E-002
 -1.18951874252531450E-002
 -1.18638319848973755E-002
 -1.18450610358492407E-002
 -1.18388115681269928E-002
 -1.18450610358492425E-002
 -1.18638319848973755E-002
 -1.18951874252531484E-002
 -1.19392172195093710E-002
 -1.19960162869218387E-002
 -1.20656559056243427E-002
 -1.21481498075764315E-002
 -1.22434170790164595E-002
 -1.23512440867628703E-002
 -1.24712477373704195E-002
 -1.26028423385745950E-002
 -1.27452121744916092E-002
 -1.28972916381681745E-002
 -1.30577544037295649E-002
 -1.32250126867001268E-002
 -1.33972271595674021E-002
 -1.35723275865942891E-002
 -1.37480437436391066E-002
 -1.39219457203285830E-002
 -1.40914922855317551E-002
 -1.42540856509691255E-002
 -1.44071307055182920E-002
 -1.45480966226764919E-002
 -1.46745786688222118E-002
 -1.47843580584470172E-002
 -1.48754578080183483E-002
 -1.49461927225189896E-002
 -1.49952118951752165E-002
 -1.50215323967972745E-002
 -1.50245631611703803E-002
 -1.50041184216744804E-002
 -1.49604204073696540E-002
 -1.48940913510530373E-002
 -1.48061351860769002E-002
 -1.46979096037613884E-002
 -1.45710894019977534E-002
 -1.44276222729470324E-002
 -1.42696783504705389E-002
 -1.40995949644440195E-002
 -1.39198181293425163E-002
 -1.37328423294570175E-002
 -1.35411501549264224E-002
 -1.33471532942974220E-002
 -1.31531363041553790E-002
 -1.29612044585883344E-002
 -1.27732368354575489E-002
 -1.25908456275092822E-002
 -1.24153424794518300E-002
 -1.22477124525102905E-002
 -1.20885960109606977E-002
 -1.19382792160161004E-002
 -1.17966921062813406E-002
 -1.16634150456380904E-002
 -1.15376926334516926E-002
 -1.14184546024918097E-002
 -1.13043429806133997E-002
 -1.11937446661692815E-002
 -1.10848284667629353E-002
 -1.09755855780697773E-002
 -1.08638724349781838E-002
 -1.07474548512128103E-002
 -1.06240523750259774E-002
 -1.04913818254833511E-002
 -1.03471990335126784E-002
 -1.01893378905024371E-002
 -1.00157459004415507E-002
 -9.82451553462804043E-003
 -9.61391079592203296E-003
 -9.38238850774044883E-003
 -9.12861394740515850E-003
 -8.85147054091473852E-003
 -8.55006342472549793E-003
 -8.22371675908042249E-003
 -7.87196474760441280E-003
 -7.49453638150647528E-003
 -7.09133398722728431E-003
 -6.66240571814425472E-003
 -6.20791219912517761E-003
 -5.72808761255550348E-003
 -5.22319561113476251E-003
 -4.69348056067450236E-003
 -4.13911475868185968E-003
 -3.56014244349160940E-003
 -2.95642160397517400E-003
 -2.32756481902057950E-003
 -1.67288059419333675E-003
 -9.91316912749676520E-004
 -2.81408969378854179E-004
  4.58766704952690018E-004
  1.23162930478427912E-003
  2.04011940527163566E-003
  2.88771050723527758E-003
  3.77840373830567707E-003
  4.71670304401952938E-003
  5.70756838595433500E-003
  6.75634477801500058E-003
  7.86866544885673515E-003
  9.05032802587228159E-003
  1.03071433965040964E-002
  1.16447578116474042E-002
  1.30684498419115346E-002
  1.45829049604235782E-002
  1.61919717765385725E-002
  1.78984052446009151E-002
  1.97036034724939399E-002
  2.16073459985066142E-002
  2.36075425261262142E-002
  2.57000020319254480E-002
  2.78782328147903179E-002
  3.01332843572272059E-002
  3.24536417469399666E-002
  3.48251827934263763E-002
  3.72312068192852397E-002
  3.96525423800826310E-002
  4.20677388695125318E-002
  4.44533441321987785E-002
  4.67842669086918905E-002
  4.90342192919497322E-002
  5.11762305395041597E-002
  5.31832197556690242E-002
  5.50286113567737198E-002
  5.66869740981902834E-002
  5.81346620112854831E-002
  5.93504340859552157E-002
  6.03160291120744818E-002
  6.10166728704476455E-002
  6.14414968726036126E-002
