   2.3448375353912576     
   2.3124722251001226     
   2.2178963688525326     
   2.0682828979317938     
   1.8744025428407938     
   1.6491732602587255     
   1.4061399816908156     
   1.1581553523579549     
  0.91641811784716165     
  0.68990939292737874     
  0.48518375783559547     
  0.30643089643563759     
  0.15571578111757553     
  3.33171955899049521E-002
 -6.18963941448594790E-002
 -0.13209544154589223     
 -0.18014839624489251     
 -0.20932547192340886     
 -0.22305305016959390     
 -0.22471908778072691     
 -0.21752630891865202     
 -0.20438787135232650     
 -0.18785924762206049     
 -0.17009996564769636     
 -0.15285932091435628     
 -0.13748092522537106     
 -0.12492176867674029     
 -0.11578219869264159     
 -0.11034379723470682     
 -0.10861255726192000     
 -0.11036506378399293     
 -0.11519565478433896     
 -0.12256286057310069     
 -0.13183383692837641     
 -0.14232596956702437     
 -0.15334520980093783     
 -0.16422087380794018     
 -0.17433655466319459     
 -0.18315653317478381     
 -0.19024679551537119     
 -0.19528965152600389     
 -0.19809111672823285     
 -0.19858068897565326     
 -0.19680382395065027     
 -0.19290812394195175     
 -0.18712481853687932     
 -0.17974739842964985     
 -0.17110921740913060     
 -0.16156155810923037     
 -0.15145320640309301     
 -0.14111217782537988     
 -0.13083003356774156     
 -0.12084925462122685     
 -0.11135431154315530     
 -0.10246717018855120     
 -9.42478083856215787E-002
 -8.66998076165084591E-002
 -7.97803354686059257E-002
 -7.34131000865380495E-002
 -6.75024083262202590E-002
 -6.19464513016863491E-002
 -5.66483480729794292E-002
 -5.15241283884308662E-002
 -4.65075183233562631E-002
 -4.15519546481266516E-002
 -3.66306232289819594E-002
 -3.17354684053547248E-002
 -2.68760352748869218E-002
 -2.20786790757362926E-002
 -1.73861609066054343E-002
 -1.28571026873527689E-002
 -8.56442411743824593E-003
 -4.59192620268591110E-003
 -1.02866631575238596E-003
  2.03846009145597059E-003
  4.53274145505397699E-003
  6.39460596933181646E-003
  7.58585126544751749E-003
  8.09001346007450287E-003
  7.90863778406153579E-003
  7.05421954361853520E-003
  5.54141299985089295E-003
  3.37853447622518070E-003
  5.61320915882548540E-004
 -2.92960279674188157E-003
 -7.12688251376446865E-003
 -1.20704122569046859E-002
 -1.77980579173566203E-002
 -2.43345321666626029E-002
 -3.16799911874301315E-002
 -3.97998109748267104E-002
 -4.86167140517898763E-002
 -5.80060808284580259E-002
 -6.77949789120538548E-002
 -7.77651988664030958E-002
 -8.76603660217047664E-002
 -9.71969587059298007E-002
 -0.10607877568580371     
 -0.11401406749180687     
 -0.12073421487755269     
 -0.12601254986721294     
 -0.12968171408887288     
 -0.13164787800241837     
 -0.13190025352912654     
 -0.13051467072188869     
 -0.12765057047832779     
 -0.12354153172747506     
 -0.11848026493675226     
 -0.11279968212014906     
 -0.10685203795526958     
 -0.10098815465112937     
 -9.55384327046340798E-002
 -9.07968324910668201E-002
 -8.70084304802180297E-002
 -8.43606119955305489E-002
 -8.29775153834751561E-002
 -8.29170422923898170E-002
 -8.41696752715248991E-002
 -8.66585698240407709E-002
 -9.02409001366872576E-002
 -9.47110826566079644E-002
 -9.98070125724888624E-002
 -0.10522055402045513     
 -0.11061308485042202     
 -0.11563597996621400     
 -0.11995478104692607     
 -0.12327478576780750     
 -0.12536518652176393     
 -0.12607883629907427     
 -0.12536518652176404     
 -0.12327478576780752     
 -0.11995478104692608     
 -0.11563597996621398     
 -0.11061308485042204     
 -0.10522055402045512     
 -9.98070125724888763E-002
 -9.47110826566079644E-002
 -9.02409001366872576E-002
 -8.66585698240407432E-002
 -8.41696752715248991E-002
 -8.29170422923898032E-002
 -8.29775153834751561E-002
 -8.43606119955305905E-002
 -8.70084304802180575E-002
 -9.07968324910668201E-002
 -9.55384327046340659E-002
 -0.10098815465112937     
 -0.10685203795526965     
 -0.11279968212014908     
 -0.11848026493675229     
 -0.12354153172747506     
 -0.12765057047832776     
 -0.13051467072188869     
 -0.13190025352912654     
 -0.13164787800241834     
 -0.12968171408887291     
 -0.12601254986721294     
 -0.12073421487755276     
 -0.11401406749180687     
 -0.10607877568580359     
 -9.71969587059298007E-002
 -8.76603660217047387E-002
 -7.77651988664031235E-002
 -6.77949789120538132E-002
 -5.80060808284580398E-002
 -4.86167140517898763E-002
 -3.97998109748267243E-002
 -3.16799911874301662E-002
 -2.43345321666625959E-002
 -1.77980579173565856E-002
 -1.20704122569047084E-002
 -7.12688251376449814E-003
 -2.92960279674181869E-003
  5.61320915882633107E-004
  3.37853447622513993E-003
  5.54141299985079928E-003
  7.05421954361853520E-003
  7.90863778406150457E-003
  8.09001346007449246E-003
  7.58585126544756693E-003
  6.39460596933180345E-003
  4.53274145505398306E-003
  2.03846009145593936E-003
 -1.02866631575238574E-003
 -4.59192620268594667E-003
 -8.56442411743827021E-003
 -1.28571026873527672E-002
 -1.73861609066055176E-002
 -2.20786790757363620E-002
 -2.68760352748870154E-002
 -3.17354684053547942E-002
 -3.66306232289820149E-002
 -4.15519546481266516E-002
 -4.65075183233562631E-002
 -5.15241283884308801E-002
 -5.66483480729794153E-002
 -6.19464513016863630E-002
 -6.75024083262202174E-002
 -7.34131000865380495E-002
 -7.97803354686059119E-002
 -8.66998076165084453E-002
 -9.42478083856215787E-002
 -0.10246717018855118     
 -0.11135431154315528     
 -0.12084925462122680     
 -0.13083003356774159     
 -0.14111217782537985     
 -0.15145320640309304     
 -0.16156155810923037     
 -0.17110921740913054     
 -0.17974739842964985     
 -0.18712481853687932     
 -0.19290812394195167     
 -0.19680382395065027     
 -0.19858068897565326     
 -0.19809111672823290     
 -0.19528965152600392     
 -0.19024679551537124     
 -0.18315653317478381     
 -0.17433655466319450     
 -0.16422087380794029     
 -0.15334520980093785     
 -0.14232596956702429     
 -0.13183383692837641     
 -0.12256286057310069     
 -0.11519565478433902     
 -0.11036506378399283     
 -0.10861255726192001     
 -0.11034379723470680     
 -0.11578219869264157     
 -0.12492176867674021     
 -0.13748092522537109     
 -0.15285932091435631     
 -0.17009996564769639     
 -0.18785924762206049     
 -0.20438787135232656     
 -0.21752630891865204     
 -0.22471908778072680     
 -0.22305305016959392     
 -0.20932547192340881     
 -0.18014839624489251     
 -0.13209544154589234     
 -6.18963941448595414E-002
  3.33171955899049105E-002
  0.15571578111757556     
  0.30643089643563753     
  0.48518375783559570     
  0.68990939292737874     
  0.91641811784716176     
   1.1581553523579549     
   1.4061399816908156     
   1.6491732602587257     
   1.8744025428407938     
   2.0682828979317938     
   2.2178963688525322     
   2.3124722251001226     
