   234.51646195434361     
   222.76148653217965     
   194.07032764028133     
   159.70403886691517     
   127.55928397265528     
   101.00063356748174     
   79.961413284305664     
   63.701331752801558     
   51.127823757396193     
   41.298976391207297     
   33.555971692678234     
   27.350754972954039     
   22.334907199019547     
   18.226862901462226     
   14.833210938221391     
   12.008147757836015     
   9.6386955677056356     
   7.6399944332617915     
   5.9438799800037270     
   4.5006606365395481     
   3.2708904323745842     
   2.2237522060864108     
   1.3346655632456295     
  0.58310719439933456     
 -4.96927461289338387E-002
 -0.58193010123776467     
  -1.0299866527856165     
  -1.4074205726185960     
  -1.7248257120440675     
  -1.9891060300431223     
  -2.2049821437155539     
  -2.3776964521038715     
  -2.5131494419402451     
  -2.6175738086931539     
  -2.6968910827223360     
  -2.7548046203097498     
  -2.7923389040040654     
  -2.8095828553780007     
  -2.8068222628649955     
  -2.7865892629984939     
  -2.7547700672080953     
  -2.7175896106766291     
  -2.6787057263301013     
  -2.6383801499942643     
  -2.5956142322210254     
  -2.5493951332531855     
  -2.4975984596657295     
  -2.4378495072692123     
  -2.3694823522940918     
  -2.2945575948295844     
  -2.2167000806882755     
  -2.1389879679513268     
  -2.0627235376009638     
  -1.9869849733215641     
  -1.9093649927011020     
  -1.8280827975175689     
  -1.7430455841566836     
  -1.6558755161808791     
  -1.5693284961677652     
  -1.4859736079833612     
  -1.4062487714409047     
  -1.3279267696132437     
  -1.2489686541696037     
  -1.1698271271181959     
  -1.0936244308071752     
  -1.0247655491834871     
 -0.96630497976782936     
 -0.91850590987880487     
 -0.87891499875060297     
 -0.84351678801572672     
 -0.80793867818244547     
 -0.76822193858032817     
 -0.72235840814500285     
 -0.67076315923887653     
 -0.61627908063258952     
 -0.56261900363389972     
 -0.51275001906940831     
 -0.46867795800215478     
 -0.43059045692991532     
 -0.39727720589237409     
 -0.36765694680347710     
 -0.34193665423211683     
 -0.32066502363157628     
 -0.30291424414601792     
 -0.28647728151228447     
 -0.26956190322856804     
 -0.25149055015354621     
 -0.23230004813194302     
 -0.21188071668815903     
 -0.19013724442840929     
 -0.16778289189823797     
 -0.14634883120137587     
 -0.12809635746581854     
 -0.11446712540409312     
 -0.10485626845954638     
 -9.80216076049583301E-002
 -9.35036368110280930E-002
 -9.18350032822674300E-002
 -9.29989659056762036E-002
 -9.61628206839593019E-002
 -0.10034385359046197     
 -0.10499139894643000     
 -0.10984509177811841     
 -0.11277722098235431     
 -0.11082532018461697     
 -0.10297607302199963     
 -9.06713835624627651E-002
 -7.62367183864176290E-002
 -6.11761473530894676E-002
 -4.69156909735727046E-002
 -3.54104398777201901E-002
 -2.76298957161313433E-002
 -2.28120141381418229E-002
 -1.94759739072340246E-002
 -1.70153017727910742E-002
 -1.64540336449620871E-002
 -1.98437826069440097E-002
 -2.83906149006719483E-002
 -4.08950488623553918E-002
 -5.41910704057568179E-002
 -6.38082453151391782E-002
 -6.55843712008944008E-002
 -5.82042049701336148E-002
 -4.38064830776811187E-002
 -2.76404083039812204E-002
 -1.49865216035914520E-002
 -7.59113291238888103E-003
 -4.44731517857019625E-003
 -3.72205072072870433E-003
 -4.44731517857762867E-003
 -7.59113291239156811E-003
 -1.49865216035959085E-002
 -2.76404083039828684E-002
 -4.38064830776846090E-002
 -5.82042049701340727E-002
 -6.55843712008939705E-002
 -6.38082453151396500E-002
 -5.41910704057563461E-002
 -4.08950488623542607E-002
 -2.83906149006713966E-002
 -1.98437826069424346E-002
 -1.64540336449612024E-002
 -1.70153017727942245E-002
 -1.94759739072371645E-002
 -2.28120141381418229E-002
 -2.76298957161320129E-002
 -3.54104398777190174E-002
 -4.69156909735753760E-002
 -6.11761473530902170E-002
 -7.62367183864188225E-002
 -9.06713835624626402E-002
 -0.10297607302199624     
 -0.11082532018461577     
 -0.11277722098235278     
 -0.10984509177811774     
 -0.10499139894643066     
 -0.10034385359046122     
 -9.61628206839609950E-002
 -9.29989659056723733E-002
 -9.18350032822640716E-002
 -9.35036368110280930E-002
 -9.80216076049590102E-002
 -0.10485626845954620     
 -0.11446712540408970     
 -0.12809635746581949     
 -0.14634883120137535     
 -0.16778289189824019     
 -0.19013724442841015     
 -0.21188071668815839     
 -0.23230004813194235     
 -0.25149055015354710     
 -0.26956190322857027     
 -0.28647728151228108     
 -0.30291424414601398     
 -0.32066502363157912     
 -0.34193665423212199     
 -0.36765694680347710     
 -0.39727720589237808     
 -0.43059045692991615     
 -0.46867795800215134     
 -0.51275001906940942     
 -0.56261900363389983     
 -0.61627908063259063     
 -0.67076315923887786     
 -0.72235840814500352     
 -0.76822193858032894     
 -0.80793867818244491     
 -0.84351678801573471     
 -0.87891499875060708     
 -0.91850590987881076     
 -0.96630497976783425     
  -1.0247655491834946     
  -1.0936244308071752     
  -1.1698271271181964     
  -1.2489686541696046     
  -1.3279267696132393     
  -1.4062487714409060     
  -1.4859736079833592     
  -1.5693284961677638     
  -1.6558755161808785     
  -1.7430455841566834     
  -1.8280827975175689     
  -1.9093649927011012     
  -1.9869849733215648     
  -2.0627235376009629     
  -2.1389879679513304     
  -2.2167000806882733     
  -2.2945575948295871     
  -2.3694823522940918     
  -2.4378495072692106     
  -2.4975984596657286     
  -2.5493951332531859     
  -2.5956142322210267     
  -2.6383801499942630     
  -2.6787057263301008     
  -2.7175896106766304     
  -2.7547700672080979     
  -2.7865892629984974     
  -2.8068222628649968     
  -2.8095828553779993     
  -2.7923389040040716     
  -2.7548046203097538     
  -2.6968910827223329     
  -2.6175738086931526     
  -2.5131494419402451     
  -2.3776964521038728     
  -2.2049821437155450     
  -1.9891060300431258     
  -1.7248257120440669     
  -1.4074205726185962     
  -1.0299866527856150     
 -0.58193010123776667     
 -4.96927461289358094E-002
  0.58310719439933179     
   1.3346655632456295     
   2.2237522060864108     
   3.2708904323745820     
   4.5006606365395561     
   5.9438799800037287     
   7.6399944332617951     
   9.6386955677056356     
   12.008147757836008     
   14.833210938221388     
   18.226862901462219     
   22.334907199019547     
   27.350754972954043     
   33.555971692678234     
   41.298976391207297     
   51.127823757396193     
   63.701331752801558     
   79.961413284305664     
   101.00063356748174     
   127.55928397265528     
   159.70403886691517     
   194.07032764028131     
   222.76148653217959     
