   2719.8013828036646     
   2568.7071489122277     
   2178.9323942521410     
   1663.2889991409140     
   1126.6144981409191     
   645.59757275584161     
   253.69852669394265     
  -39.576843409993579     
  -240.99911481431332     
  -364.72018151155760     
  -426.65400025811812     
  -442.23914252806378     
  -425.16288811113299     
  -386.67265271458137     
  -335.92818976431585     
  -279.95576207994139     
  -223.96807108650037     
  -171.59619706635854     
  -125.06066450041853     
  -85.509189800544547     
  -53.209591844509127     
  -27.897762873075131     
  -8.9668981466718876     
   4.3747598114781727     
   13.021472605754457     
   17.871119468944642     
   19.731732027558451     
   19.255201534135715     
   16.926875858617496     
   13.098199137191504     
   8.0359711518004904     
   1.9676671788193045     
  -4.8862948135700126     
  -12.272924128864114     
  -19.892898845502945     
  -27.421080835724648     
  -34.545507227479995     
  -40.971426138075955     
  -46.444347841779077     
  -50.744656467646763     
  -53.693311211287408     
  -55.167985579975657     
  -55.142740457026612     
  -53.720642619762316     
  -51.125989496567136     
  -47.642698204528152     
  -43.559166314843807     
  -39.117520249223809     
  -34.510647690612110     
  -29.897825798678451     
  -25.427296935198243     
  -21.221356220555915     
  -17.365365406287527     
  -13.890011223525025     
  -10.789864473853049     
  -8.0622504881416379     
  -5.7301466297591004     
  -3.8245295352079718     
  -2.3664298417138707     
  -1.3361374139168996     
 -0.66870390580151384     
 -0.26212912609557565     
 -2.72908063866714977E-002
  7.57517235487025209E-002
  5.05249351266931282E-002
 -8.70147769204289712E-002
 -0.29837762905277188     
 -0.51696333930513749     
 -0.70354607015381720     
 -0.88439049994143792     
  -1.1423286881409027     
  -1.5680041744278055     
  -2.2351689813220643     
  -3.1850332625852604     
  -4.4275857270609986     
  -5.9339179690756465     
  -7.6471179104902554     
  -9.4808245167679406     
  -11.323408162779561     
  -13.038818412212120     
  -14.504612654460983     
  -15.620357659507325     
  -16.302344326462524     
  -16.457620886415945     
  -15.971534448943110     
  -14.728291729089428     
  -12.677602447501719     
  -9.8988540229411655     
  -6.6343483199405933     
  -3.2493242486946223     
 -0.14800155892986763     
   2.3614401436346943     
   4.1359782622138992     
   5.2099706778590082     
   5.7375210751473515     
   5.8999842478453788     
   5.8260305493859637     
   5.5765518383082453     
   5.1377937321160321     
   4.4509383096608257     
   3.4547779837940280     
   2.1255907761468134     
  0.46774842998891442     
  -1.4902096779656158     
  -3.7200939395848662     
  -6.1919891734161387     
  -8.8589490083225666     
  -11.639395209006143     
  -14.434723561044043     
  -17.149109519083314     
  -19.702187278298084     
  -21.995626547221882     
  -23.890615595401666     
  -25.190761103377852     
  -25.674610094217911     
  -25.164967988997404     
  -23.604202854798185     
  -21.081528113213775     
  -17.828592613871148     
  -14.148270730337908     
  -10.350273212573187     
  -6.6865674121515370     
  -3.3213841138118911     
 -0.35219621446818500     
   2.1532567126487496     
   4.1554548442429162     
   5.6252763390225828     
   6.5321479355589291     
   6.8394592041571336     
   6.5321479355588368     
   5.6252763390225518     
   4.1554548442428922     
   2.1532567126487381     
 -0.35219621446819632     
  -3.3213841138118934     
  -6.6865674121515619     
  -10.350273212573185     
  -14.148270730337906     
  -17.828592613871123     
  -21.081528113213761     
  -23.604202854798146     
  -25.164967988997390     
  -25.674610094217925     
  -25.190761103377877     
  -23.890615595401666     
  -21.995626547221892     
  -19.702187278298076     
  -17.149109519083350     
  -14.434723561044057     
  -11.639395209006151     
  -8.8589490083225453     
  -6.1919891734161343     
  -3.7200939395848676     
  -1.4902096779656133     
  0.46774842998890387     
   2.1255907761468054     
   3.4547779837940165     
   4.4509383096608053     
   5.1377937321160818     
   5.5765518383083013     
   5.8260305493859637     
   5.8999842478453726     
   5.7375210751473524     
   5.2099706778590340     
   4.1359782622138974     
   2.3614401436346997     
 -0.14800155892987565     
  -3.2493242486946214     
  -6.6343483199405915     
  -9.8988540229411690     
  -12.677602447501716     
  -14.728291729089426     
  -15.971534448943075     
  -16.457620886415889     
  -16.302344326462567     
  -15.620357659507404     
  -14.504612654460983     
  -13.038818412212141     
  -11.323408162779554     
  -9.4808245167678891     
  -7.6471179104902394     
  -5.9339179690756421     
  -4.4275857270609862     
  -3.1850332625852538     
  -2.2351689813220519     
  -1.5680041744277997     
  -1.1423286881408923     
 -0.88439049994146612     
 -0.70354607015387338     
 -0.51696333930522265     
 -0.29837762905282361     
 -8.70147769204829835E-002
  5.05249351266931282E-002
  7.57517235486919877E-002
 -2.72908063866883835E-002
 -0.26212912609553896     
 -0.66870390580151329     
  -1.3361374139168889     
  -2.3664298417138667     
  -3.8245295352079611     
  -5.7301466297591075     
  -8.0622504881416521     
  -10.789864473853067     
  -13.890011223525018     
  -17.365365406287502     
  -21.221356220555951     
  -25.427296935198228     
  -29.897825798678507     
  -34.510647690612110     
  -39.117520249223780     
  -43.559166314843814     
  -47.642698204528159     
  -51.125989496567151     
  -53.720642619762316     
  -55.142740457026619     
  -55.167985579975628     
  -53.693311211287401     
  -50.744656467646756     
  -46.444347841779091     
  -40.971426138075941     
  -34.545507227480044     
  -27.421080835724695     
  -19.892898845502916     
  -12.272924128864096     
  -4.8862948135700126     
   1.9676671788192996     
   8.0359711518006041     
   13.098199137191493     
   16.926875858617500     
   19.255201534135725     
   19.731732027558440     
   17.871119468944642     
   13.021472605754466     
   4.3747598114781834     
  -8.9668981466718822     
  -27.897762873075145     
  -53.209591844509106     
  -85.509189800544419     
  -125.06066450041855     
  -171.59619706635849     
  -223.96807108650037     
  -279.95576207994151     
  -335.92818976431585     
  -386.67265271458149     
  -425.16288811113299     
  -442.23914252806378     
  -426.65400025811812     
  -364.72018151155760     
  -240.99911481431332     
  -39.576843409993579     
   253.69852669394265     
   645.59757275584161     
   1126.6144981409191     
   1663.2889991409140     
   2178.9323942521410     
   2568.7071489122277     
