 0.000000000000000000E+00 0.317200257450657845E-07
 0.331012037474653908E-02 -0.414899666506321095E-03
 0.662183483406764140E-02 -0.884666485364938660E-03
 0.993674036189995391E-02 -0.140966388241353028E-02
 0.132564397513506016E-01 -0.198156036820322165E-02
 0.165825445354421674E-01 -0.259310313706154205E-02
 0.199166779494195367E-01 -0.323650971433766046E-02
 0.232604779354139701E-01 -0.390483772340648530E-02
 0.266156002004951375E-01 -0.459254484300624342E-02
 0.299837213394578139E-01 -0.529420168666146305E-02
 0.333665420340474306E-01 -0.600494262396455199E-02
 0.367657903407625497E-01 -0.671984243912314948E-02
 0.401832250798950241E-01 -0.743409544323688724E-02
 0.436206393390381475E-01 -0.814292594102679519E-02
 0.470798641049610112E-01 -0.884170238166216184E-02
 0.505627720384977941E-01 -0.952601266207970393E-02
 0.540712814079340465E-01 -0.101917679402866914E-01
 0.576073601973068339E-01 -0.108352881271189475E-01
 0.611730304070841058E-01 -0.114533701103612523E-01
 0.647703725658153040E-01 -0.120433318495219727E-01
 0.684015304726404150E-01 -0.126030308498861852E-01
 0.720687161919215669E-01 -0.131308594698216451E-01
 0.757742153228098125E-01 -0.136257223931582107E-01
 0.795203925682432811E-01 -0.140870025042402515E-01
 0.833096976297200698E-01 -0.145145191731686756E-01
 0.871446714562229552E-01 -0.149084817465071542E-01
 0.910279528778730196E-01 -0.152694404526060867E-01
 0.949622856573255625E-01 -0.155982360554360027E-01
 0.989505259945437921E-01 -0.158959480835482551E-01
 0.102995650523479032 -0.161638416813591201E-01
 0.107100764842301688 -0.164033152344600502E-01
 0.111269112622238708 -0.166158520995716534E-01
 0.115504085343779872 -0.168029776073270257E-01
 0.119809232712986713 -0.169662202921783550E-01
 0.124188273815018180 -0.171070775633771210E-01
 0.128645109066618080 -0.172269869829069153E-01
 0.133183833034375976 -0.173273013182879861E-01
 0.137808748190964891 -0.174092638114204182E-01
 0.142524379687345437 -0.174739843185719064E-01
 0.147335491225083715 -0.175224226523370899E-01
 0.152247102119448030 -0.175553837093937216E-01
 0.157264505650830833 -0.175735203545510123E-01
 0.162393288809196790 -0.175773364841623793E-01
 0.167639353543673986 -0.175671881555234041E-01
 0.173008939636976056 -0.175432878433047432E-01
 0.178508649331902358 -0.175057104740180894E-01
 0.184145473844603558 -0.174543832467630097E-01
 0.189926821906297949 -0.173890615925871780E-01
 0.195860550481423701 -0.173093362251208506E-01
 0.201954997815341208 -0.172146909142340751E-01
 0.208219018968123892 -0.171045568830008043E-01
 0.214662023991960105 -0.169783081870860247E-01
 0.221294018907312928 -0.168352251910663317E-01
 0.228125649626040428 -0.166744902689578249E-01
 0.235168248956668657 -0.164952262608597383E-01
 0.242433886805965448 -0.162965433581294707E-01
 0.249935423659531253 -0.160775843711154706E-01
 0.257686567379129539 -0.158376140826188838E-01
 0.265701933292239012 -0.155761729873261350E-01
 0.273997107464953427 -0.152931924392523452E-01
 0.282588712937073661 -0.149889764536792203E-01
 0.291494478550786251 -0.146641283983969875E-01
 0.300733309812837302 -0.143194381068030095E-01
 0.310325360983985998 -0.139556809834037992E-01
 0.320292107275887084 -0.135734736083760483E-01
 0.330656415639321022 -0.131732493001737033E-01
 0.341442612131250156 -0.127554672098541457E-01
 0.352676543231464024 -0.123209919609390400E-01
 0.364385627720396954 -0.118713635677552727E-01
 0.376598894804481832 -0.114087669741129525E-01
 0.389347003060644958 -0.109357113035141850E-01
 0.402662233446409612 -0.104543305214329883E-01
 0.416578448072201457 -0.996582838390046126E-02
 0.431131004656285288 -0.947090886545255348E-02
 0.446356614599918045 -0.897106225945161831E-02
 0.462293130484153547 -0.846927857365037742E-02
 0.478979246603053799 -0.796917782112364047E-02
 0.496454094083784270 -0.747405755883245090E-02
 0.514756710468977419 -0.698656210194337213E-02
 0.533925362737153852 -0.650841337502379783E-02
 0.553996703141117930 -0.604089931527276251E-02
 0.575004739633996120 -0.558616948030025116E-02
 0.596979607850977034 -0.514685070152414402E-02
 0.619946140532487755 -0.472498956167805018E-02
 0.643922243792862670 -0.432255604161893743E-02
 0.668917108408850547 -0.394141798809463824E-02
 0.694929308450184635 -0.358332321656020273E-02
 0.721944868322298650 -0.325028342237082416E-02
 0.749935410556105575 -0.294414688929998686E-02
 0.778856526762241597 -0.266605282985582720E-02
 0.808646537709191593 -0.241876068542560803E-02
 0.839225818902016085 -0.220486517851815368E-02
 0.870496858588253319 -0.202684279537078101E-02
 0.902345180596794139 -0.188621957199061456E-02
 0.934641203204055193 -0.178408235122022932E-02
 0.967243021066621855 -0.172215119624452790E-02
 0.999999999999999556 -0.170207740661719692E-02
 1.03275697893337726 -0.172382318659473682E-02
 1.06535879679594414 -0.178708119804733270E-02
 1.09765481940320497 -0.189196819595850653E-02
 1.12950314141174601 -0.203725994693585138E-02
 1.16077418109798325 -0.222019913036650531E-02
 1.19135346229080774 -0.243750097024534630E-02
 1.22114347323775752 -0.268648304716512069E-02
 1.25006458944389376 -0.296429491800104207E-02
 1.27805513167770068 -0.326867912303154115E-02
 1.30507069154981470 -0.359809109063569457E-02
 1.33108289159114879 -0.395133844070964715E-02
 1.35607775620713644 -0.432668011903048801E-02
 1.38005385946751158 -0.472343388019059833E-02
 1.40302039214902230 -0.514108695039799685E-02
 1.42499526036600299 -0.557737300401705063E-02
 1.44600329685888118 -0.602895031221657458E-02
 1.46607463726284526 -0.649280393349173368E-02
 1.48524328953102192 -0.696619463345962871E-02
 1.50354590591621506 -0.744719548993055640E-02
 1.52102075339694531 -0.793463609525672103E-02
 1.53770686951584601 -0.842729610013421421E-02
 1.55364338540008129 -0.892285796378980076E-02
 1.56886899534371382 -0.941840814015566970E-02
 1.58342155192779788 -0.991123703377626807E-02
 1.59733776655359017 -0.103990057494028950E-01
 1.61065299693935415 -0.108796414976087778E-01
 1.62340110519551750 -0.113509950959816992E-01
 1.63561437227960260 -0.118107636294678634E-01
 1.64732345676853553 -0.122566849361270946E-01
 1.65855738786874918 -0.126869117987592223E-01
 1.66934358436067853 -0.131003556038926886E-01
 1.67970789272411247 -0.134963808651635455E-01
 1.68967463901601400 -0.138742529160210282E-01
 1.69926669018716248 -0.142331026107213564E-01
 1.70850552144921330 -0.145721480182302299E-01
 1.71741128706292590 -0.148908971038222964E-01
 1.72600289253504613 -0.151891768938149530E-01
 1.73429806670776032 -0.154670551449061170E-01
 1.74231343262087002 -0.157247449099964867E-01
 1.75006457634046853 -0.159625193347204923E-01
 1.75756611319403411 -0.161806612433443367E-01
 1.76483175104333090 -0.163794398144709863E-01
 1.77187435037395868 -0.165591301880276334E-01
 1.77870598109268663 -0.167200931685989249E-01
 1.78533797600803945 -0.168628605897597240E-01
 1.79178098103187544 -0.169881508383828636E-01
 1.79804500218465790 -0.170967995269815688E-01
 1.80413944951857586 -0.171896673972443473E-01
 1.81007317809370161 -0.172675917382087082E-01
 1.81585452615539600 -0.173313613901727864E-01
 1.82149135066809720 -0.173816532901804807E-01
 1.82699106036302350 -0.174189341468099605E-01
 1.83236064645632535 -0.174433895228727452E-01
 1.83760671119080277 -0.174549166154119965E-01
 1.84273549434916850 -0.174531653358188342E-01
 1.84775289788055153 -0.174375954300797081E-01
 1.85266450877491584 -0.174075251605609570E-01
 1.85747562031265367 -0.173621581228026213E-01
 1.86219125180903466 -0.173005867335134199E-01
 1.86681616696562358 -0.172217821915975899E-01
 1.87135489093338148 -0.171245861277552550E-01
 1.87581172618498138 -0.170077141568062175E-01
 1.88019076728701284 -0.168697723432677804E-01
 1.88449591465621968 -0.167092841773849900E-01
 1.88873088737776040 -0.165247256913373074E-01
 1.89289923515769787 -0.163145643808271755E-01
 1.89700434947652008 -0.160772969830731798E-01
 1.90104947400545554 -0.158114836310587828E-01
 1.90503771434267422 -0.155157799299513247E-01
 1.90897204712212654 -0.151889715537831885E-01
 1.91285532854377660 -0.148300146836284983E-01
 1.91669030237027949 -0.144380830524513046E-01
 1.92047960743175627 -0.140126218486444475E-01
 1.92422578467718974 -0.135534075554549719E-01
 1.92793128380807777 -0.130606099766606854E-01
 1.93159846952735892 -0.125348504008801834E-01
 1.93522962743418470 -0.119772500951559214E-01
 1.93882696959291567 -0.113894645263434256E-01
 1.94239263980269272 -0.107736994730115825E-01
 1.94592871859206551 -0.101327047219405292E-01
 1.94943722796150132 -0.946974284668159090E-02
 1.95292013589503810 -0.878853335564219740E-02
 1.95637936066096163 -0.809317656228263939E-02
 1.95981677492010453 -0.738806728200334852E-02
 1.96323420965923701 -0.667779815414299566E-02
 1.96663345796595213 -0.596709439083375603E-02
 1.97001627866054196 -0.526070493908561629E-02
 1.97338439979950442 -0.456348975296686811E-02
 1.97673952206458559 -0.388023768074688804E-02
 1.98008332205058002 -0.321628985515525498E-02
 1.98341745546455739 -0.257710143691408178E-02
 1.98674356024864895 -0.196953174893611718E-02
 1.99006325963809938 -0.140128788581069257E-02
 1.99337816516593191 -0.879552511959258974E-03
 1.99668987962525302 -0.412582529723708137E-03
 2.00000000000000000 0.314821490719524791E-07
