 0.000000000000000000E+00 0.000000000000000000E+00
 0.331012037474653908E-02 0.408001865432285842E-08
 0.662183483406764140E-02 0.785801129961907133E-07
 0.993674036189995391E-02 0.294608478343917241E-06
 0.132564397513506016E-01 0.557469946246226328E-06
 0.165825445354421674E-01 0.544636652912380709E-06
 0.199166779494195367E-01 -0.197602094402168512E-06
 0.232604779354139701E-01 -0.208598792944430326E-05
 0.266156002004951375E-01 -0.531975400280647371E-05
 0.299837213394578139E-01 -0.981115847203265598E-05
 0.333665420340474306E-01 -0.151888496540466614E-04
 0.367657903407625497E-01 -0.209181194433385735E-04
 0.401832250798950241E-01 -0.264277340508328332E-04
 0.436206393390381475E-01 -0.312447196834354600E-04
 0.470798641049610112E-01 -0.350730051381722307E-04
 0.505627720384977941E-01 -0.378261647244115064E-04
 0.540712814079340465E-01 -0.396099309746751038E-04
 0.576073601973068339E-01 -0.406779951096603333E-04
 0.611730304070841058E-01 -0.413730103502280312E-04
 0.647703725658153040E-01 -0.420668709712634342E-04
 0.684015304726404150E-01 -0.431085539099034467E-04
 0.720687161919215669E-01 -0.447847383941604756E-04
 0.757742153228098125E-01 -0.472923921499063387E-04
 0.795203925682432811E-01 -0.507215024923067883E-04
 0.833096976297200698E-01 -0.550484600916499039E-04
 0.871446714562229552E-01 -0.601413747154778432E-04
 0.910279528778730196E-01 -0.657757133661502491E-04
 0.949622856573255625E-01 -0.716554481714589330E-04
 0.989505259945437921E-01 -0.774340849849869747E-04
 0.102995650523479032 -0.827320224607152471E-04
 0.107100764842301688 -0.871485516249537905E-04
 0.111269112622238708 -0.902678491749425569E-04
 0.115504085343779872 -0.916621643109545494E-04
 0.119809232712986713 -0.908994602238208025E-04
 0.124188273815018180 -0.875610835905896883E-04
 0.128645109066618080 -0.812670879641072774E-04
 0.133183833034375976 -0.716978643307692441E-04
 0.137808748190964891 -0.586035937682664217E-04
 0.142524379687345437 -0.418039111621509643E-04
 0.147335491225083715 -0.211813153594353829E-04
 0.152247102119448030 0.333009923928342399E-05
 0.157264505650830833 0.317519831437145458E-04
 0.162393288809196790 0.640550822522238265E-04
 0.167639353543673986 0.100142731061127085E-03
 0.173008939636976056 0.139838633764604529E-03
 0.178508649331902358 0.182890698503533232E-03
 0.184145473844603558 0.228999148220116811E-03
 0.189926821906297949 0.277857610394274086E-03
 0.195860550481423701 0.329186618024789415E-03
 0.201954997815341208 0.382763163832190864E-03
 0.208219018968123892 0.438428405252864019E-03
 0.214662023991960105 0.496024418811410539E-03
 0.221294018907312928 0.555274121063941664E-03
 0.228125649626040428 0.615695331786937096E-03
 0.235168248956668657 0.676623556707787403E-03
 0.242433886805965448 0.737324418897536589E-03
 0.249935423659531253 0.797091682388137413E-03
 0.257686567379129539 0.855288065728516652E-03
 0.265701933292239012 0.911387493471057576E-03
 0.273997107464953427 0.964940378438454796E-03
 0.282588712937073661 0.101546346186912289E-02
 0.291494478550786251 0.106247165449517328E-02
 0.300733309812837302 0.110563711810359290E-02
 0.310325360983985998 0.114485490154092552E-02
 0.320292107275887084 0.118008391336330010E-02
 0.330656415639321022 0.121111580570668390E-02
 0.341442612131250156 0.123760410216790153E-02
 0.352676543231464024 0.125924725991730254E-02
 0.364385627720396954 0.127568471159788220E-02
 0.376598894804481832 0.128640200572210949E-02
 0.389347003060644958 0.129099029635957826E-02
 0.402662233446409612 0.128949976441954388E-02
 0.416578448072201457 0.128209574363956770E-02
 0.431131004656285288 0.126852965519957104E-02
 0.446356614599918045 0.124862407430619210E-02
 0.462293130484153547 0.122230766039498561E-02
 0.478979246603053799 0.118931803130604323E-02
 0.496454094083784270 0.114963409417762172E-02
 0.514756710468977419 0.110415931064755473E-02
 0.533925362737153852 0.105428161201979748E-02
 0.553996703141117930 0.100042876838948923E-02
 0.575004739633996120 0.942416391861731714E-03
 0.596979607850977034 0.880432739642691498E-03
 0.619946140532487755 0.815145785782355392E-03
 0.643922243792862670 0.747234569720786113E-03
 0.668917108408850547 0.677654787636183462E-03
 0.694929308450184635 0.608380839097868065E-03
 0.721944868322298650 0.540484789968134131E-03
 0.749935410556105575 0.474121003516701236E-03
 0.778856526762241597 0.409550335345485329E-03
 0.808646537709191593 0.346283525842541946E-03
 0.839225818902016085 0.284233828873211929E-03
 0.870496858588253319 0.223664813325513077E-03
 0.902345180596794139 0.165140200649255546E-03
 0.934641203204055193 0.108423241319290439E-03
 0.967243021066621855 0.529117316630254089E-04
 0.999999999999999556 -0.191425049410594796E-05
 1.03275697893337726 -0.559483820278638115E-04
 1.06535879679594414 -0.110061123368053893E-03
 1.09765481940320497 -0.165221418371476090E-03
 1.12950314141174601 -0.222375539668105313E-03
 1.16077418109798325 -0.282342623610386788E-03
 1.19135346229080774 -0.344956575290873257E-03
 1.22114347323775752 -0.409804437771533483E-03
 1.25006458944389376 -0.475897457730860784E-03
 1.27805513167770068 -0.542056789457810934E-03
 1.30507069154981470 -0.608237166195431411E-03
 1.33108289159114879 -0.674733135178048503E-03
 1.35607775620713644 -0.740179692707316843E-03
 1.38005385946751158 -0.803349903870377168E-03
 1.40302039214902230 -0.864048952650179193E-03
 1.42499526036600299 -0.922078637040491217E-03
 1.44600329685888118 -0.976813726073468263E-03
 1.46607463726284526 -0.102782706774676050E-02
 1.48524328953102192 -0.107495523561849222E-02
 1.50354590591621506 -0.111786240241072200E-02
 1.52102075339694531 -0.115625318664381725E-02
 1.53770686951584601 -0.118993585663017200E-02
 1.55364338540008129 -0.121863678090739056E-02
 1.56886899534371382 -0.124182899504115271E-02
 1.58342155192779788 -0.125885300230551677E-02
 1.59733776655359017 -0.126917772748826843E-02
 1.61065299693935415 -0.127259543489068429E-02
 1.62340110519551750 -0.126906830998129642E-02
 1.63561437227960260 -0.125880483743067372E-02
 1.64732345676853553 -0.124236625254429468E-02
 1.65855738786874918 -0.122026456517708741E-02
 1.66934358436067853 -0.119279465581467975E-02
 1.67970789272411247 -0.116010297921222355E-02
 1.68967463901601400 -0.112225887695921456E-02
 1.69926669018716248 -0.107951815033479671E-02
 1.70850552144921330 -0.103254683325701229E-02
 1.71741128706292590 -0.982289905052673770E-03
 1.72600289253504613 -0.929647012820227327E-03
 1.73429806670776032 -0.875252635241492412E-03
 1.74231343262087002 -0.819496981182026756E-03
 1.75006457634046853 -0.762643477179764692E-03
 1.75756611319403411 -0.704912762401903466E-03
 1.76483175104333090 -0.646549083085963842E-03
 1.77187435037395868 -0.587886634988419839E-03
 1.77870598109268663 -0.529389391136821292E-03
 1.78533797600803945 -0.471631949097311726E-03
 1.79178098103187544 -0.415217208292028976E-03
 1.79804500218465790 -0.360704384368519375E-03
 1.80413944951857586 -0.308587069733916373E-03
 1.81007317809370161 -0.259271092972324600E-03
 1.81585452615539600 -0.213046838565074604E-03
 1.82149135066809720 -0.170090882608466232E-03
 1.82699106036302350 -0.130491449179310413E-03
 1.83236064645632535 -0.942868138378866335E-04
 1.83760671119080277 -0.615084613726694609E-04
 1.84273549434916850 -0.322061323937249195E-04
 1.84775289788055153 -0.644199848331385790E-05
 1.85266450877491584 0.157401260639416801E-04
 1.85747562031265367 0.343547132290361577E-04
 1.86219125180903466 0.494987437566742831E-04
 1.86681616696562358 0.613453529541900478E-04
 1.87135489093338148 0.701193762704893728E-04
 1.87581172618498138 0.760748515605834044E-04
 1.88019076728701284 0.794832595749719070E-04
 1.88449591465621968 0.806325898401457437E-04
 1.88873088737776040 0.798334018264102460E-04
 1.89289923515769787 0.774247116795560625E-04
 1.89700434947652008 0.737744850291581830E-04
 1.90104947400545554 0.692716607476123264E-04
 1.90503771434267422 0.643098733751947807E-04
 1.90897204712212654 0.592683385621477476E-04
 1.91285532854377660 0.544920543659755744E-04
 1.91669030237027949 0.502697875702587540E-04
 1.92047960743175627 0.468110980558429554E-04
 1.92422578467718974 0.442271748639866822E-04
 1.92793128380807777 0.425200206659769180E-04
 1.93159846952735892 0.415815382732050956E-04
 1.93522962743418470 0.412012508633421377E-04
 1.93882696959291567 0.410814061433797259E-04
 1.94239263980269272 0.408619558033854272E-04
 1.94592871859206551 0.401599363424603740E-04
 1.94943722796150132 0.386245050325297544E-04
 1.95292013589503810 0.360011540221781594E-04
 1.95637936066096163 0.321941827711613211E-04
 1.95981677492010453 0.273104906891311911E-04
 1.96323420965923701 0.216725531220232119E-04
 1.96663345796595213 0.157808745115702060E-04
 1.97001627866054196 0.102331849063968601E-04
 1.97338439979950442 0.558866962284407477E-05
 1.97673952206458559 0.223702196073198975E-05
 1.98008332205058002 0.272957691927916460E-06
 1.98341745546455739 -0.508944361155657544E-06
 1.98674356024864895 -0.539109561275861806E-06
 1.99006325963809938 -0.284423893376253983E-06
 1.99337816516593191 -0.742056424239843481E-07
 1.99668987962525302 -0.343425406853631170E-08
 2.00000000000000000 0.000000000000000000E+00
