 0.000000000000000000E+00 1742.61988537350499
 0.331012037474653908E-02 532.599889699637288
 0.662183483406764140E-02 217.006392874325087
 0.993674036189995391E-02 216.601592895603318
 0.132564397513506016E-01 119.055672711205133
 0.165825445354421674E-01 110.113458517444315
 0.199166779494195367E-01 85.5807068595380116
 0.232604779354139701E-01 87.1710260896256131
 0.266156002004951375E-01 90.5861503915941455
 0.299837213394578139E-01 99.8313258161978041
 0.333665420340474306E-01 113.048331818975811
 0.367657903407625497E-01 125.527300507100961
 0.401832250798950241E-01 140.682195145684204
 0.436206393390381475E-01 153.507529822574952
 0.470798641049610112E-01 167.543279469537509
 0.505627720384977941E-01 179.323700646521161
 0.540712814079340465E-01 191.330088034358198
 0.576073601973068339E-01 201.527553569337414
 0.611730304070841058E-01 211.392239802905493
 0.647703725658153040E-01 219.838740337168446
 0.684015304726404150E-01 227.664411458632969
 0.720687161919215669E-01 234.332338116797644
 0.757742153228098125E-01 240.251783682300385
 0.795203925682432811E-01 245.180959273588428
 0.833096976297200698E-01 249.331202779114221
 0.871446714562229552E-01 252.611977708237134
 0.910279528778730196E-01 255.140862323645933
 0.949622856573255625E-01 256.901208997896674
 0.989505259945437921E-01 257.968575192087371
 0.102995650523479032 258.360264828797824
 0.107100764842301688 258.132255821494368
 0.111269112622238708 257.316323715645524
 0.115504085343779872 255.961504322777586
 0.119809232712986713 254.108037612273677
 0.124188273815018180 251.802614948836180
 0.128645109066618080 249.086956023737173
 0.133183833034375976 246.003634276851244
 0.137808748190964891 242.590362602792027
 0.142524379687345437 238.880143623056483
 0.147335491225083715 234.899163022258591
 0.152247102119448030 230.668966514625197
 0.157264505650830833 226.208447492137140
 0.162393288809196790 221.537146019702419
 0.167639353543673986 216.675733355697702
 0.173008939636976056 211.646547522400169
 0.178508649331902358 206.472606986863724
 0.184145473844603558 201.173404292502568
 0.189926821906297949 195.763790070595462
 0.195860550481423701 190.257508943269983
 0.201954997815341208 184.670376456918518
 0.208219018968123892 179.020611318817430
 0.214662023991960105 173.325589371826169
 0.221294018907312928 167.595664774754681
 0.228125649626040428 161.834462833349363
 0.235168248956668657 156.047054189753482
 0.242433886805965448 150.242523101848491
 0.249935423659531253 144.433773543051672
 0.257686567379129539 138.641322241138283
 0.265701933292239012 132.886404604879800
 0.273997107464953427 127.181454666714885
 0.282588712937073661 121.530261890231245
 0.291494478550786251 115.937314805889542
 0.300733309812837302 110.418535850012958
 0.310325360983985998 104.987668263912596
 0.320292107275887084 99.6483061479518710
 0.330656415639321022 94.4040757481465818
 0.341442612131250156 89.2626425697824288
 0.352676543231464024 84.2317560471566935
 0.364385627720396954 79.3229939822799963
 0.376598894804481832 74.5466174168914222
 0.389347003060644958 69.9016696059548224
 0.402662233446409612 65.3923138089902238
 0.416578448072201457 61.0327442994886553
 0.431131004656285288 56.8271350951904282
 0.446356614599918045 52.7813675693663669
 0.462293130484153547 48.9144054031525997
 0.478979246603053799 45.2203031665810968
 0.496454094083784270 41.6911459028948883
 0.514756710468977419 38.3340066950903804
 0.533925362737153852 35.1491381737592690
 0.553996703141117930 32.1397561596059802
 0.575004739633996120 29.3027564777872733
 0.596979607850977034 26.6483530144611720
 0.619946140532487755 24.1716755948255511
 0.643922243792862670 21.8686612759474670
 0.668917108408850547 19.7527567957203729
 0.694929308450184635 17.8155441471867100
 0.721944868322298650 16.0567893283065537
 0.749935410556105575 14.4787526010622454
 0.778856526762241597 13.0872863702961926
 0.808646537709191593 11.8774144051214350
 0.839225818902016085 10.8572245380716428
 0.870496858588253319 10.0238031276090407
 0.902345180596794139 9.37839602852166188
 0.934641203204055193 8.91797791059707734
 0.967243021066621855 8.64500320223543639
 0.999999999999999556 8.55447476872753931
 1.03275697893337726 8.65158631424706037
 1.06535879679594414 8.93850792534218286
 1.09765481940320497 9.41563369322990162
 1.12950314141174601 10.0784505782003855
 1.16077418109798325 10.9238902302398948
 1.19135346229080774 11.9388525926436806
 1.22114347323775752 13.1217562169160331
 1.25006458944389376 14.4783909207160768
 1.27805513167770068 16.0193602113985207
 1.30507069154981470 17.7425878195312983
 1.33108289159114879 19.6397603778941487
 1.35607775620713644 21.7183191428048552
 1.38005385946751158 23.9822610466924395
 1.40302039214902230 26.4185406438101502
 1.42499526036600299 29.0358187024102214
 1.44600329685888118 31.8261271770007355
 1.46607463726284526 34.7901437655096544
 1.48524328953102192 37.9277361320824156
 1.50354590591621506 41.2226771664670935
 1.52102075339694531 44.6789913712499427
 1.53770686951584601 48.3054489005932624
 1.55364338540008129 52.1101889651513517
 1.56886899534371382 56.0882598228448970
 1.58342155192779788 60.2138098808293663
 1.59733776655359017 64.4842961501730514
 1.61065299693935415 68.9110825694274780
 1.62340110519551750 73.4888657310201978
 1.63561437227960260 78.2000405116450992
 1.64732345676853553 83.0452882497171743
 1.65855738786874918 88.0333643820214888
 1.66934358436067853 93.1589027634900191
 1.67970789272411247 98.4049077353287061
 1.68967463901601400 103.746039145917635
 1.69926669018716248 109.159539574366320
 1.70850552144921330 114.641311442867007
 1.71741128706292590 120.198707433939973
 1.72600289253504613 125.833472010399234
 1.73429806670776032 131.532805823326697
 1.74231343262087002 137.273923825635109
 1.75006457634046853 143.037359661299888
 1.75756611319403411 148.811016436802873
 1.76483175104333090 154.585060104258446
 1.77187435037395868 160.345235784606729
 1.77870598109268663 166.075680318655401
 1.78533797600803945 171.766334296126701
 1.79178098103187544 177.411593618890834
 1.79804500218465790 183.005179356845360
 1.80413944951857586 188.536226980334106
 1.81007317809370161 193.987909917854438
 1.81585452615539600 199.340500791736929
 1.82149135066809720 204.577104592533800
 1.82699106036302350 209.685390217904313
 1.83236064645632535 214.654260774474267
 1.83760671119080277 219.469692906990957
 1.84273549434916850 224.112611293943502
 1.84775289788055153 228.559513367777953
 1.85266450877491584 232.784755770303008
 1.85747562031265367 236.761969029645741
 1.86219125180903466 240.462500106880611
 1.86681616696562358 243.855376976494171
 1.87135489093338148 246.907096595384928
 1.87581172618498138 249.582960317637344
 1.88019076728701284 251.844714301474966
 1.88449591465621968 253.654687703680622
 1.88873088737776040 254.969848979397170
 1.89289923515769787 255.752505377530952
 1.89700434947652008 255.955043055727344
 1.90104947400545554 255.545098829150930
 1.90503771434267422 254.466202017972989
 1.90897204712212654 252.699916367325528
 1.91285532854377660 250.171566554376398
 1.91669030237027949 246.896507946544602
 1.92047960743175627 242.759556274277713
 1.92422578467718974 237.850194176886163
 1.92793128380807777 231.963151239188704
 1.93159846952735892 225.337868778769348
 1.93522962743418470 217.574024201885067
 1.93882696959291567 209.201156472313528
 1.94239263980269272 199.434360255218991
 1.94592871859206551 189.343841210246865
 1.94943722796150132 177.471261005758890
 1.95292013589503810 165.825330187118254
 1.95637936066096163 151.947022485863130
 1.95981677492010453 139.263001852629884
 1.96323420965923701 124.254174390507700
 1.96663345796595213 111.885087750526807
 1.97001627866054196 98.7413550653944725
 1.97338439979950442 89.5359988062213290
 1.97673952206458559 86.0246254020545962
 1.98008332205058002 84.3766823609348364
 1.98341745546455739 108.430262943320045
 1.98674356024864895 117.230802678437485
 1.99006325963809938 213.354664135536439
 1.99337816516593191 213.848098269077525
 1.99668987962525302 525.247079569193602
 2.00000000000000000 1719.53206316725323
