 0.000000000000000000E+00 635.078392003846943
 0.331012037474653908E-02 452.076416881874309
 0.662183483406764140E-02 325.799024716884446
 0.993674036189995391E-02 237.268174001331687
 0.132564397513506016E-01 176.876937292876249
 0.165825445354421674E-01 137.679085289759968
 0.199166779494195367E-01 114.392797205566978
 0.232604779354139701E-01 102.740204239972613
 0.266156002004951375E-01 99.2573505654599160
 0.299837213394578139E-01 101.234856381871026
 0.333665420340474306E-01 106.623081340041963
 0.367657903407625497E-01 113.931382974678414
 0.401832250798950241E-01 122.113353819887436
 0.436206393390381475E-01 130.460537031357688
 0.470798641049610112E-01 138.511178170253885
 0.505627720384977941E-01 145.978041398255129
 0.540712814079340465E-01 152.694295014849388
 0.576073601973068339E-01 158.574732034973835
 0.611730304070841058E-01 163.588662659901104
 0.647703725658153040E-01 167.741385204484857
 0.684015304726404150E-01 171.061534711563695
 0.720687161919215669E-01 173.592412619744579
 0.757742153228098125E-01 175.386103679931068
 0.795203925682432811E-01 176.499659133359813
 0.833096976297200698E-01 176.992685424127330
 0.871446714562229552E-01 176.925533092810696
 0.910279528778730196E-01 176.357563549840847
 0.949622856573255625E-01 175.345534224129068
 0.989505259945437921E-01 173.942381387569355
 0.102995650523479032 172.196569136677113
 0.107100764842301688 170.152201375092801
 0.111269112622238708 167.849879454203659
 0.115504085343779872 165.327565214587281
 0.119809232712986713 162.620536738087623
 0.124188273815018180 159.760608200216865
 0.128645109066618080 156.775552938156665
 0.133183833034375976 153.689116748488459
 0.137808748190964891 150.521560145250334
 0.142524379687345437 147.290547426099863
 0.147335491225083715 144.011909560643062
 0.152247102119448030 140.699968381568482
 0.157264505650830833 137.367155665798975
 0.162393288809196790 134.022877475397109
 0.167639353543673986 130.673134280942890
 0.173008939636976056 127.322084109196908
 0.178508649331902358 123.973444840052991
 0.184145473844603558 120.629851890762907
 0.189926821906297949 117.292499367925927
 0.195860550481423701 113.962549873000441
 0.201954997815341208 110.642069516374988
 0.208219018968123892 107.334108749924610
 0.214662023991960105 104.042533140526871
 0.221294018907312928 100.769941171964547
 0.228125649626040428 97.5156598134569066
 0.235168248956668657 94.2758817137984977
 0.242433886805965448 91.0457692737153366
 0.249935423659531253 87.8251703086892377
 0.257686567379129539 84.6211947121862380
 0.265701933292239012 81.4422528959604364
 0.273997107464953427 78.2907756291880332
 0.282588712937073661 75.1613631988576714
 0.291494478550786251 72.0496815193107238
 0.300733309812837302 68.9595175815946391
 0.310325360983985998 65.8967966140478012
 0.320292107275887084 62.8658526481344211
 0.330656415639321022 59.8718168966807909
 0.341442612131250156 56.9188668859513598
 0.352676543231464024 54.0102360750670556
 0.364385627720396954 51.1463291770808794
 0.376598894804481832 48.3276595179883017
 0.389347003060644958 45.5560663058893951
 0.402662233446409612 42.8415631604430658
 0.416578448072201457 40.1973885980630925
 0.431131004656285288 37.6184171375926724
 0.446356614599918045 35.1034994212850293
 0.462293130484153547 32.6707919312177850
 0.478979246603053799 30.3203093485873225
 0.496454094083784270 28.0442144746212811
 0.514756710468977419 25.8555204704918324
 0.533925362737153852 23.7610049544770945
 0.553996703141117930 21.7644839724159986
 0.575004739633996120 19.8676685283275170
 0.596979607850977034 18.0779280546483250
 0.619946140532487755 16.3958928816140244
 0.643922243792862670 14.8182284247732223
 0.668917108408850547 13.3481162432567118
 0.694929308450184635 11.9900491265644931
 0.721944868322298650 10.7520107901132480
 0.749935410556105575 9.63170379331878657
 0.778856526762241597 8.64058997543536655
 0.808646537709191593 7.77901403337034569
 0.839225818902016085 7.04341578138944779
 0.870496858588253319 6.43625702409325662
 0.902345180596794139 5.96258789772260922
 0.934641203204055193 5.62396860184078839
 0.967243021066621855 5.41882035775686610
 0.999999999999999556 5.34890075245680308
 1.03275697893337726 5.41928798830107183
 1.06535879679594414 5.62966639044564054
 1.09765481940320497 5.97921285173099637
 1.12950314141174601 6.46769494794692434
 1.16077418109798325 7.08635883641285513
 1.19135346229080774 7.82587821665111250
 1.22114347323775752 8.68327541101602485
 1.25006458944389376 9.65790483480066797
 1.27805513167770068 10.7548697052499236
 1.30507069154981470 11.9676743921829924
 1.33108289159114879 13.2914598259286105
 1.35607775620713644 14.7285057106408122
 1.38005385946751158 16.2770882993153485
 1.40302039214902230 17.9253623167693625
 1.42499526036600299 19.6792515794136591
 1.44600329685888118 21.5379427882223702
 1.46607463726284526 23.4953036741570429
 1.48524328953102192 25.5505894715945203
 1.50354590591621506 27.6979757212979862
 1.52102075339694531 29.9314133612444202
 1.53770686951584601 32.2429139909851230
 1.55364338540008129 34.6340066837894298
 1.56886899534371382 37.1065070670035766
 1.58342155192779788 39.6476502043449415
 1.59733776655359017 42.2496361878501432
 1.61065299693935415 44.9162017816233075
 1.62340110519551750 47.6409075527283719
 1.63561437227960260 50.4157551964981892
 1.64732345676853553 53.2445256952071020
 1.65855738786874918 56.1283243409747001
 1.66934358436067853 59.0596662361166906
 1.67970789272411247 62.0314548038536273
 1.68967463901601400 65.0347919817195788
 1.69926669018716248 68.0638146741842007
 1.70850552144921330 71.1201685979529259
 1.71741128706292590 74.2096791106557703
 1.72600289253504613 77.3355412734511418
 1.73429806670776032 80.4919706982142458
 1.74231343262087002 83.6665981124173612
 1.75006457634046853 86.8530003233391596
 1.75756611319403411 90.0519881350487168
 1.76483175104333090 93.2663642795666021
 1.77187435037395868 96.4967812618192653
 1.77870598109268663 99.7396332289954017
 1.78533797600803945 102.992058595723890
 1.79178098103187544 106.255347785211384
 1.79804500218465790 109.532328135750035
 1.80413944951857586 112.823820363069629
 1.81007317809370161 116.126590805207172
 1.81585452615539600 119.435238621138041
 1.82149135066809720 122.746951192096091
 1.82699106036302350 126.063773712060197
 1.83236064645632535 129.389036252861558
 1.83760671119080277 132.721512018928337
 1.84273549434916850 136.053306649315090
 1.84775289788055153 139.372341008561364
 1.85266450877491584 142.666045151770192
 1.85747562031265367 145.922121602344077
 1.86219125180903466 149.127068273430382
 1.86681616696562358 152.265657787311909
 1.87135489093338148 155.320977415759046
 1.87581172618498138 158.273827125032597
 1.88019076728701284 161.101883164860396
 1.88449591465621968 163.779100899725762
 1.88873088737776040 166.275653730740117
 1.89289923515769787 168.558027043402632
 1.89700434947652008 170.588933216883021
 1.90104947400545554 172.326937978103160
 1.90503771434267422 173.726028274340564
 1.90897204712212654 174.735746765181830
 1.91285532854377660 175.302026302035756
 1.91669030237027949 175.368430368874840
 1.92047960743175627 174.877422516152478
 1.92422578467718974 173.771318678876185
 1.92793128380807777 171.992992795011844
 1.93159846952735892 169.487002462297482
 1.93522962743418470 166.201857550472454
 1.93882696959291567 162.093909155663368
 1.94239263980269272 157.133248207085870
 1.94592871859206551 151.312317134211384
 1.94943722796150132 144.658604808319154
 1.95292013589503810 137.253466977252515
 1.95637936066096163 129.259619976131319
 1.95981677492010453 120.960054992582087
 1.96323420965923701 112.811708622724410
 1.96663345796595213 105.516391707293025
 1.97001627866054196 100.110095498918824
 1.97338439979950442 98.0671444142647601
 1.97673952206458559 101.413155982702790
 1.98008332205058002 112.824724096798036
 1.98341745546455739 135.722537102425889
 1.98674356024864895 174.326646234677753
 1.99006325963809938 233.837910400318094
 1.99337816516593191 321.089481594337826
 1.99668987962525302 445.535739016881962
 2.00000000000000000 625.881311498002333
