 0.000000000000000000E+00 -0.000000000000000000E+00
 0.331012037474653908E-02 -0.887981947969031894E-04
 0.662183483406764140E-02 -0.465012905955054410E-03
 0.993674036189995391E-02 -0.109836755398633472E-02
 0.132564397513506016E-01 -0.197870313154473914E-02
 0.165825445354421674E-01 -0.303795845944429066E-02
 0.199166779494195367E-01 -0.418731401042889226E-02
 0.232604779354139701E-01 -0.532179350099280107E-02
 0.266156002004951375E-01 -0.633966674992547229E-02
 0.299837213394578139E-01 -0.715324711766155991E-02
 0.333665420340474306E-01 -0.769750723711647416E-02
 0.367657903407625497E-01 -0.793315890379371440E-02
 0.401832250798950241E-01 -0.784592959309379258E-02
 0.436206393390381475E-01 -0.744352550680803336E-02
 0.470798641049610112E-01 -0.675088786471193282E-02
 0.505627720384977941E-01 -0.580532407716339346E-02
 0.540712814079340465E-01 -0.465167192224726512E-02
 0.576073601973068339E-01 -0.333822460205468116E-02
 0.611730304070841058E-01 -0.191336957645241407E-02
 0.647703725658153040E-01 -0.423103526823711044E-03
 0.684015304726404150E-01 0.109070827600827843E-02
 0.720687161919215669E-01 0.259138972125731682E-02
 0.757742153228098125E-01 0.404796921093069761E-02
 0.795203925682432811E-01 0.543526628084706285E-02
 0.833096976297200698E-01 0.673367251502143566E-02
 0.871446714562229552E-01 0.792872782201895984E-02
 0.910279528778730196E-01 0.901057760487298555E-02
 0.949622856573255625E-01 0.997337395675454257E-02
 0.989505259945437921E-01 0.108146657120029473E-01
 0.102995650523479032 0.115348082605765453E-01
 0.107100764842301688 0.121364128864184517E-01
 0.111269112622238708 0.126238458005301663E-01
 0.115504085343779872 0.130027833188773416E-01
 0.119809232712986713 0.132798272795376024E-01
 0.124188273815018180 0.134621771851136610E-01
 0.128645109066618080 0.135573512571366822E-01
 0.133183833034375976 0.135729560761618795E-01
 0.137808748190964891 0.135165159237006175E-01
 0.142524379687345437 0.133953716471094872E-01
 0.147335491225083715 0.132166405208665703E-01
 0.152247102119448030 0.129872128948320328E-01
 0.157264505650830833 0.127137552236909340E-01
 0.162393288809196790 0.124026863600173540E-01
 0.167639353543673986 0.120601172596560037E-01
 0.173008939636976056 0.116917725868099700E-01
 0.178508649331902358 0.113029111277784342E-01
 0.184145473844603558 0.108982797677905294E-01
 0.189926821906297949 0.104821416185602451E-01
 0.195860550481423701 0.100583510872222677E-01
 0.201954997815341208 0.963040704512831483E-02
 0.208219018968123892 0.920145216382605401E-02
 0.214662023991960105 0.877425188645980687E-02
 0.221294018907312928 0.835121387167599670E-02
 0.228125649626040428 0.793446419629265445E-02
 0.235168248956668657 0.752593955297458858E-02
 0.242433886805965448 0.712745119638099126E-02
 0.249935423659531253 0.674073109623727663E-02
 0.257686567379129539 0.636744552780768667E-02
 0.265701933292239012 0.600913475215340311E-02
 0.273997107464953427 0.566711706615713809E-02
 0.282588712937073661 0.534240040466683712E-02
 0.291494478550786251 0.503564335249415997E-02
 0.300733309812837302 0.474716810584076276E-02
 0.310325360983985998 0.447699598408829186E-02
 0.320292107275887084 0.422491195537672264E-02
 0.330656415639321022 0.399067860499127246E-02
 0.341442612131250156 0.377442214890056065E-02
 0.352676543231464024 0.357660619945758106E-02
 0.364385627720396954 0.339763148317183059E-02
 0.376598894804481832 0.323751624211501702E-02
 0.389347003060644958 0.309562338425639974E-02
 0.402662233446409612 0.297102477336375114E-02
 0.416578448072201457 0.286274615520889066E-02
 0.431131004656285288 0.276972826545572506E-02
 0.446356614599918045 0.269130016698686161E-02
 0.462293130484153547 0.262676066917958122E-02
 0.478979246603053799 0.257499127303034226E-02
 0.496454094083784270 0.253479085664467781E-02
 0.514756710468977419 0.250494610485501321E-02
 0.533925362737153852 0.248446784518183616E-02
 0.553996703141117930 0.247264076612114560E-02
 0.575004739633996120 0.246910783955816508E-02
 0.596979607850977034 0.247308763681151943E-02
 0.619946140532487755 0.248336694501980751E-02
 0.643922243792862670 0.249894188102317864E-02
 0.668917108408850547 0.251958593027227801E-02
 0.694929308450184635 0.254407179518018100E-02
 0.721944868322298650 0.257084953167656871E-02
 0.749935410556105575 0.260037362403533773E-02
 0.778856526762241597 0.263174105317230287E-02
 0.808646537709191593 0.266326616073488858E-02
 0.839225818902016085 0.269396680220453317E-02
 0.870496858588253319 0.272270724513463827E-02
 0.902345180596794139 0.274752000530756151E-02
 0.934641203204055193 0.276706864278283187E-02
 0.967243021066621855 0.277942045913884489E-02
 0.999999999999999556 0.278336136993186014E-02
 1.03275697893337726 0.277900142478966017E-02
 1.06535879679594414 0.276636996050807918E-02
 1.09765481940320497 0.274669023854209795E-02
 1.12950314141174601 0.272119387191186455E-02
 1.16077418109798325 0.269140226002072746E-02
 1.19135346229080774 0.265886232417209900E-02
 1.22114347323775752 0.262546861793239465E-02
 1.25006458944389376 0.259227443324549188E-02
 1.27805513167770068 0.256064078556362488E-02
 1.30507069154981470 0.253289012992450506E-02
 1.33108289159114879 0.250983907799813642E-02
 1.35607775620713644 0.249131405725706943E-02
 1.38005385946751158 0.247729234430123842E-02
 1.40302039214902230 0.246894241450861928E-02
 1.42499526036600299 0.246767081412142255E-02
 1.44600329685888118 0.247410526710631741E-02
 1.46607463726284526 0.248881702274203042E-02
 1.48524328953102192 0.251283082016780322E-02
 1.50354590591621506 0.254631133037014432E-02
 1.52102075339694531 0.258952125703794910E-02
 1.53770686951584601 0.264393115896575373E-02
 1.55364338540008129 0.271139055607716927E-02
 1.56886899534371382 0.279320045607589712E-02
 1.58342155192779788 0.289002379840354057E-02
 1.59733776655359017 0.300270137523115602E-02
 1.61065299693935415 0.313207424995768854E-02
 1.62340110519551750 0.327850697946880081E-02
 1.63561437227960260 0.344187232175597940E-02
 1.64732345676853553 0.362213147468509441E-02
 1.65855738786874918 0.381976737486778651E-02
 1.66934358436067853 0.403548532983633718E-02
 1.67970789272411247 0.426993626836298743E-02
 1.68967463901601400 0.452337855100656827E-02
 1.69926669018716248 0.479539746825308200E-02
 1.70850552144921330 0.508516383839690243E-02
 1.71741128706292590 0.539186294568964192E-02
 1.72600289253504613 0.571484750330888795E-02
 1.73429806670776032 0.605356596414063225E-02
 1.74231343262087002 0.640742024685383472E-02
 1.75006457634046853 0.677559451311020387E-02
 1.75756611319403411 0.715693128266118792E-02
 1.76483175104333090 0.754993216961573257E-02
 1.77187435037395868 0.795282385028453324E-02
 1.77870598109268663 0.836363426869164359E-02
 1.78533797600803945 0.878023410907148930E-02
 1.79178098103187544 0.920029324453926038E-02
 1.79804500218465790 0.962122390035110783E-02
 1.80413944951857586 0.100401562263120192E-01
 1.81007317809370161 0.104538900007562861E-01
 1.81585452615539600 0.108588510664031843E-01
 1.82149135066809720 0.112511120524347932E-01
 1.82699106036302350 0.116264171781743347E-01
 1.83236064645632535 0.119801556566559615E-01
 1.83760671119080277 0.123073251132992233E-01
 1.84273549434916850 0.126025164150818138E-01
 1.84775289788055153 0.128599199338923359E-01
 1.85266450877491584 0.130733560149632368E-01
 1.85747562031265367 0.132363149498419402E-01
 1.86219125180903466 0.133419899985005082E-01
 1.86681616696562358 0.133833133638677632E-01
 1.87135489093338148 0.133530109402116206E-01
 1.87581172618498138 0.132436855250917182E-01
 1.88019076728701284 0.130479405266358626E-01
 1.88449591465621968 0.127585491328996627E-01
 1.88873088737776040 0.123686650139353312E-01
 1.89289923515769787 0.118720774507654631E-01
 1.89700434947652008 0.112635205901370564E-01
 1.90104947400545554 0.105390424447540584E-01
 1.90503771434267422 0.969643302822958096E-02
 1.90897204712212654 0.873570698250094972E-02
 1.91285532854377660 0.765963316921909696E-02
 1.91669030237027949 0.647430141548806411E-02
 1.92047960743175627 0.518971063811228452E-02
 1.92422578467718974 0.382034914625162128E-02
 1.92793128380807777 0.238571997567737582E-02
 1.93159846952735892 0.910746285391844201E-03
 1.93522962743418470 -0.574028686935868187E-03
 1.93882696959291567 -0.203254672185244250E-02
 1.94239263980269272 -0.342376380815800647E-02
 1.94592871859206551 -0.470271302166703608E-02
 1.94943722796150132 -0.582223715190324700E-02
 1.95292013589503810 -0.673544488076337558E-02
 1.95637936066096163 -0.739900705591977834E-02
 1.95981677492010453 -0.777712274647092590E-02
 1.96323420965923701 -0.784619731623830557E-02
 1.96663345796595213 -0.759952502782124638E-02
 1.97001627866054196 -0.705183741720292676E-02
 1.97338439979950442 -0.624219202119837349E-02
 1.97673952206458559 -0.523462948465894945E-02
 1.98008332205058002 -0.411515669851688845E-02
 1.98341745546455739 -0.298334269524214244E-02
 1.98674356024864895 -0.194179737567777371E-02
 1.99006325963809938 -0.107717413686493667E-02
 1.99337816516593191 -0.455729591391626520E-03
 1.99668987962525302 -0.869485822510168048E-04
 2.00000000000000000 0.000000000000000000E+00
