 0.000000000000000000E+00 0.000000000000000000E+00
 0.331012037474653908E-02 0.547148076044470948E-11
 0.662183483406764140E-02 0.463152930661673013E-09
 0.993674036189995391E-02 0.333601442645991682E-08
 0.132564397513506016E-01 0.100286825392631085E-07
 0.165825445354421674E-01 0.139190422916160305E-07
 0.199166779494195367E-01 -0.832665927702637334E-08
 0.232604779354139701E-01 -0.103951315598895751E-06
 0.266156002004951375E-01 -0.347707893903493902E-06
 0.299837213394578139E-01 -0.842047457390437547E-06
 0.333665420340474306E-01 -0.171454303502779644E-05
 0.367657903407625497E-01 -0.311315031591188050E-05
 0.401832250798950241E-01 -0.520002347615043835E-05
 0.436206393390381475E-01 -0.814416157895542442E-05
 0.470798641049610112E-01 -0.121134044366039806E-04
 0.505627720384977941E-01 -0.172661141500255834E-04
 0.540712814079340465E-01 -0.237430841073741139E-04
 0.576073601973068339E-01 -0.316601259004598964E-04
 0.611730304070841058E-01 -0.411018543923410748E-04
 0.647703725658153040E-01 -0.521170531561292066E-04
 0.684015304726404150E-01 -0.647158726422162928E-04
 0.720687161919215669E-01 -0.788689009917079091E-04
 0.757742153228098125E-01 -0.945079669737651198E-04
 0.795203925682432811E-01 -0.111528353557758991E-03
 0.833096976297200698E-01 -0.129791987777608302E-03
 0.871446714562229552E-01 -0.149131164041820701E-03
 0.910279528778730196E-01 -0.169352458784871856E-03
 0.949622856573255625E-01 -0.190240643704271413E-03
 0.989505259945437921E-01 -0.211562533589816176E-03
 0.102995650523479032 -0.233070770388363958E-03
 0.107100764842301688 -0.254507547104377760E-03
 0.111269112622238708 -0.275608239153520874E-03
 0.115504085343779872 -0.296104861973587501E-03
 0.119809232712986713 -0.315729255293671618E-03
 0.124188273815018180 -0.334215940192685598E-03
 0.128645109066618080 -0.351304649066819534E-03
 0.133183833034375976 -0.366742503335766329E-03
 0.137808748190964891 -0.380285739698514309E-03
 0.142524379687345437 -0.391700929674025460E-03
 0.147335491225083715 -0.400765830680519138E-03
 0.152247102119448030 -0.407270068072628259E-03
 0.157264505650830833 -0.411015679849965692E-03
 0.162393288809196790 -0.411817478214673296E-03
 0.167639353543673986 -0.409503271434353807E-03
 0.173008939636976056 -0.403914200547424976E-03
 0.178508649331902358 -0.394905802085924941E-03
 0.184145473844603558 -0.382350451246899977E-03
 0.189926821906297949 -0.366141358828535573E-03
 0.195860550481423701 -0.346197884801394443E-03
 0.201954997815341208 -0.322471535808342908E-03
 0.208219018968123892 -0.294951048385042394E-03
 0.214662023991960105 -0.263663989161723965E-03
 0.221294018907312928 -0.228673083854152420E-03
 0.228125649626040428 -0.190069092621809351E-03
 0.235168248956668657 -0.147964676850018085E-03
 0.242433886805965448 -0.102491371910670289E-03
 0.249935423659531253 -0.537990026316004271E-04
 0.257686567379129539 -0.205768217816830433E-05
 0.265701933292239012 0.525376354719058115E-04
 0.273997107464953427 0.109762008723483616E-03
 0.282588712937073661 0.169353382146328406E-03
 0.291494478550786251 0.230998322248883502E-03
 0.300733309812837302 0.294314046747904431E-03
 0.310325360983985998 0.358841895479024525E-03
 0.320292107275887084 0.424060030576093499E-03
 0.330656415639321022 0.489404439419948594E-03
 0.341442612131250156 0.554286229650250177E-03
 0.352676543231464024 0.618104378478687589E-03
 0.364385627720396954 0.680253748921587635E-03
 0.376598894804481832 0.740119796905303593E-03
 0.389347003060644958 0.797073853668082218E-03
 0.402662233446409612 0.850490103181278921E-03
 0.416578448072201457 0.899783653619650294E-03
 0.431131004656285288 0.944429994206561038E-03
 0.446356614599918045 0.983914646159134241E-03
 0.462293130484153547 0.101766517653537926E-02
 0.478979246603053799 0.104510120390955601E-02
 0.496454094083784270 0.106574826741862743E-02
 0.514756710468977419 0.107919806734513551E-02
 0.533925362737153852 0.108497940171470883E-02
 0.553996703141117930 0.108259161695132482E-02
 0.575004739633996120 0.107169181128574957E-02
 0.596979607850977034 0.105211295027222789E-02
 0.619946140532487755 0.102376066799153564E-02
 0.643922243792862670 0.986620335701214341E-03
 0.668917108408850547 0.940711240601152282E-03
 0.694929308450184635 0.886075948302736524E-03
 0.721944868322298650 0.823006842605787593E-03
 0.749935410556105575 0.752214251316077830E-03
 0.778856526762241597 0.674496357870111272E-03
 0.808646537709191593 0.590577215427696414E-03
 0.839225818902016085 0.501216840981908644E-03
 0.870496858588253319 0.407216275841157111E-03
 0.902345180596794139 0.309567880171915291E-03
 0.934641203204055193 0.209475448885912283E-03
 0.967243021066621855 0.107901809417910961E-03
 0.999999999999999556 0.544065889282419675E-05
 1.03275697893337726 -0.971916780541457609E-04
 1.06535879679594414 -0.199132095401983788E-03
 1.09765481940320497 -0.299467542958641085E-03
 1.12950314141174601 -0.397047364708400831E-03
 1.16077418109798325 -0.490646516864096517E-03
 1.19135346229080774 -0.579101987473600228E-03
 1.22114347323775752 -0.661496413314705076E-03
 1.25006458944389376 -0.737295035767337342E-03
 1.27805513167770068 -0.806043265348976726E-03
 1.30507069154981470 -0.867248939429045556E-03
 1.33108289159114879 -0.920555984444705534E-03
 1.35607775620713644 -0.965701401775179765E-03
 1.38005385946751158 -0.100243306084351973E-02
 1.40302039214902230 -0.103061504563388634E-02
 1.42499526036600299 -0.105022447175570979E-02
 1.44600329685888118 -0.106124965269571389E-02
 1.46607463726284526 -0.106373583055235682E-02
 1.48524328953102192 -0.105795097930975698E-02
 1.50354590591621506 -0.104433830162502174E-02
 1.52102075339694531 -0.102341852412410014E-02
 1.53770686951584601 -0.995806229469214585E-03
 1.55364338540008129 -0.962176310200272178E-03
 1.56886899534371382 -0.923170047779199175E-03
 1.58342155192779788 -0.879337802813943904E-03
 1.59733776655359017 -0.831172081054585708E-03
 1.61065299693935415 -0.779149493767349087E-03
 1.62340110519551750 -0.723741510227069872E-03
 1.63561437227960260 -0.665441903351671909E-03
 1.64732345676853553 -0.604801840000824403E-03
 1.65855738786874918 -0.542422004000219513E-03
 1.66934358436067853 -0.478919648023130775E-03
 1.67970789272411247 -0.414910856911362828E-03
 1.68967463901601400 -0.350994012228077580E-03
 1.69926669018716248 -0.287718727516476924E-03
 1.70850552144921330 -0.225567758827647369E-03
 1.71741128706292590 -0.164964295783859484E-03
 1.72600289253504613 -0.106284938113898522E-03
 1.73429806670776032 -0.498670994935224656E-04
 1.74231343262087002 0.398822385293820663E-05
 1.75006457634046853 0.550157879839699657E-04
 1.75756611319403411 0.102985497049830064E-03
 1.76483175104333090 0.147701750941379257E-03
 1.77187435037395868 0.189004159717480393E-03
 1.77870598109268663 0.226769084172297831E-03
 1.78533797600803945 0.260910107013258329E-03
 1.79178098103187544 0.291375512881634807E-03
 1.79804500218465790 0.318143075768967550E-03
 1.80413944951857586 0.341215254202656231E-03
 1.81007317809370161 0.360617459719165059E-03
 1.81585452615539600 0.376398636488485571E-03
 1.82149135066809720 0.388631390256826109E-03
 1.82699106036302350 0.397410449643992129E-03
 1.83236064645632535 0.402850411280551506E-03
 1.83760671119080277 0.405083882839161785E-03
 1.84273549434916850 0.404260207573884495E-03
 1.84775289788055153 0.400544407976387122E-03
 1.85266450877491584 0.394116134515834526E-03
 1.85747562031265367 0.385168758352736967E-03
 1.86219125180903466 0.373908787692886176E-03
 1.86681616696562358 0.360555421425821248E-03
 1.87135489093338148 0.345339736511152313E-03
 1.87581172618498138 0.328503205041602196E-03
 1.88019076728701284 0.310295686954825201E-03
 1.88449591465621968 0.290973247613722692E-03
 1.88873088737776040 0.270796038429822706E-03
 1.89289923515769787 0.250026248647469077E-03
 1.89700434947652008 0.228925948608268238E-03
 1.90104947400545554 0.207754573317735398E-03
 1.90503771434267422 0.186765864965716082E-03
 1.90897204712212654 0.166204252149052245E-03
 1.91285532854377660 0.146300808730796665E-03
 1.91669030237027949 0.127269026217900034E-03
 1.92047960743175627 0.109300609043432509E-03
 1.92422578467718974 0.925614056606994460E-04
 1.92793128380807777 0.771875257286112708E-04
 1.93159846952735892 0.632817461667829355E-04
 1.93522962743418470 0.509104684785013657E-04
 1.93882696959291567 0.401016428246387351E-04
 1.94239263980269272 0.308440984525412091E-04
 1.94592871859206551 0.230885986879114476E-04
 1.94943722796150132 0.167507323872883523E-04
 1.95292013589503810 0.117155576596954318E-04
 1.95637936066096163 0.784372587763585379E-05
 1.95981677492010453 0.497873564452560638E-05
 1.96323420965923701 0.295485432973815332E-05
 1.96663345796595213 0.160527941223800183E-05
 1.97001627866054196 0.769993628277024885E-06
 1.97338439979950442 0.302989888346082845E-06
 1.97673952206458559 0.784075468264995358E-07
 1.98008332205058002 -0.467317289077175843E-08
 1.98341745546455739 -0.195283976254532927E-07
 1.98674356024864895 -0.119243566694929199E-07
 1.99006325963809938 -0.376564509298366525E-08
 1.99337816516593191 -0.510404677218197264E-09
 1.99668987962525302 -0.596841316699606047E-11
 2.00000000000000000 0.000000000000000000E+00
