 0.000000000000000000E+00 -0.681836156535540690E-09
 0.331012037474653908E-02 0.581589226470265446E-06
 0.662183483406764140E-02 0.106034149242097664E-05
 0.993674036189995391E-02 0.139019855455134909E-05
 0.132564397513506016E-01 0.156647931432663463E-05
 0.165825445354421674E-01 0.160729914082144144E-05
 0.199166779494195367E-01 0.153934522937463916E-05
 0.232604779354139701E-01 0.139235223970244280E-05
 0.266156002004951375E-01 0.119365276021977694E-05
 0.299837213394578139E-01 0.967602375184852760E-06
 0.333665420340474306E-01 0.733778550145315362E-06
 0.367657903407625497E-01 0.507849697185770628E-06
 0.401832250798950241E-01 0.301178321805812987E-06
 0.436206393390381475E-01 0.121874668031345127E-06
 0.470798641049610112E-01 -0.251506246600880482E-07
 0.505627720384977941E-01 -0.137292859135418627E-06
 0.540712814079340465E-01 -0.214083157820473103E-06
 0.576073601973068339E-01 -0.256487522151059485E-06
 0.611730304070841058E-01 -0.266717913891436792E-06
 0.647703725658153040E-01 -0.247702651913003270E-06
 0.684015304726404150E-01 -0.202919683150518239E-06
 0.720687161919215669E-01 -0.136018257752624270E-06
 0.757742153228098125E-01 -0.506952091866337991E-07
 0.795203925682432811E-01 0.495504589162685641E-07
 0.833096976297200698E-01 0.161485444968238639E-06
 0.871446714562229552E-01 0.282272418863904026E-06
 0.910279528778730196E-01 0.409479283550043216E-06
 0.949622856573255625E-01 0.541116523250273041E-06
 0.989505259945437921E-01 0.675596840987084352E-06
 0.102995650523479032 0.811711277790588717E-06
 0.107100764842301688 0.948566814397619619E-06
 0.111269112622238708 0.108554280419568099E-05
 0.115504085343779872 0.122223575160845628E-05
 0.119809232712986713 0.135842357476457234E-05
 0.124188273815018180 0.149403143718194227E-05
 0.128645109066618080 0.162911398358853967E-05
 0.133183833034375976 0.176384125466994090E-05
 0.137808748190964891 0.189849129973353795E-05
 0.142524379687345437 0.203343651121397013E-05
 0.147335491225083715 0.216912052090447662E-05
 0.152247102119448030 0.230601866134699749E-05
 0.157264505650830833 0.244458527314933541E-05
 0.162393288809196790 0.258519371866893889E-05
 0.167639353543673986 0.272807958852677767E-05
 0.173008939636976056 0.287329342113465435E-05
 0.178508649331902358 0.302067206051680108E-05
 0.184145473844603558 0.316984036016990676E-05
 0.189926821906297949 0.332024153180186617E-05
 0.195860550481423701 0.347116699261513568E-05
 0.201954997815341208 0.362175884397305248E-05
 0.208219018968123892 0.377099260868023591E-05
 0.214662023991960105 0.391767277267819779E-05
 0.221294018907312928 0.406047185810852663E-05
 0.228125649626040428 0.419802194494136389E-05
 0.235168248956668657 0.432903030788555040E-05
 0.242433886805965448 0.445235285353860358E-05
 0.249935423659531253 0.456695596652951439E-05
 0.257686567379129539 0.467175932119651930E-05
 0.265701933292239012 0.476543701911747571E-05
 0.273997107464953427 0.484633080623492948E-05
 0.282588712937073661 0.491263113522996707E-05
 0.291494478550786251 0.496277525703005662E-05
 0.300733309812837302 0.499576583341263097E-05
 0.310325360983985998 0.501113989675445146E-05
 0.320292107275887084 0.500867616741057937E-05
 0.330656415639321022 0.498815927584660151E-05
 0.341442612131250156 0.494939759925660426E-05
 0.352676543231464024 0.489254473728461337E-05
 0.364385627720396954 0.481826901058840935E-05
 0.376598894804481832 0.472731698062619008E-05
 0.389347003060644958 0.462006533945673941E-05
 0.402662233446409612 0.449679643711788112E-05
 0.416578448072201457 0.435848379681917568E-05
 0.431131004656285288 0.420692273620290400E-05
 0.446356614599918045 0.404380875887083705E-05
 0.462293130484153547 0.387016552906024736E-05
 0.478979246603053799 0.368674890363346782E-05
 0.496454094083784270 0.349532647999182077E-05
 0.514756710468977419 0.329936884348453490E-05
 0.533925362737153852 0.310203462166063808E-05
 0.553996703141117930 0.290372504117941506E-05
 0.575004739633996120 0.270320043042866631E-05
 0.596979607850977034 0.250011697350083624E-05
 0.619946140532487755 0.229527381435615740E-05
 0.643922243792862670 0.209028750430769712E-05
 0.668917108408850547 0.188700013732173622E-05
 0.694929308450184635 0.168702961796826017E-05
 0.721944868322298650 0.149184689958130752E-05
 0.749935410556105575 0.130369929222115171E-05
 0.778856526762241597 0.112412574848283607E-05
 0.808646537709191593 0.954728354916132292E-06
 0.839225818902016085 0.799310147069033376E-06
 0.870496858588253319 0.663019692684431114E-06
 0.902345180596794139 0.550422423424612087E-06
 0.934641203204055193 0.466408170675682137E-06
 0.967243021066621855 0.415633780374626815E-06
 0.999999999999999556 0.399815847530970821E-06
 1.03275697893337726 0.418402173922946299E-06
 1.06535879679594414 0.469148478698161428E-06
 1.09765481940320497 0.548838936691199255E-06
 1.12950314141174601 0.655852596203894310E-06
 1.16077418109798325 0.789382713193713457E-06
 1.19135346229080774 0.945943004134019515E-06
 1.22114347323775752 0.111958510366895179E-05
 1.25006458944389376 0.130463422610419885E-05
 1.27805513167770068 0.149744902564154012E-05
 1.30507069154981470 0.169521177260210111E-05
 1.33108289159114879 0.189481298283790037E-05
 1.35607775620713644 0.209467828163756839E-05
 1.38005385946751158 0.229483283197969039E-05
 1.40302039214902230 0.249568199999510502E-05
 1.42499526036600299 0.269773640552728674E-05
 1.44600329685888118 0.290056910380469661E-05
 1.46607463726284526 0.310263446330128657E-05
 1.48524328953102192 0.330269013478423154E-05
 1.50354590591621506 0.349933986409935641E-05
 1.52102075339694531 0.369016544690271611E-05
 1.53770686951584601 0.387265788413920087E-05
 1.55364338540008129 0.404491430922736835E-05
 1.56886899534371382 0.420560058693596318E-05
 1.58342155192779788 0.435391958257549031E-05
 1.59733776655359017 0.448914077803570015E-05
 1.61065299693935415 0.461003567448421606E-05
 1.62340110519551750 0.471512573610976800E-05
 1.63561437227960260 0.480336065933635864E-05
 1.64732345676853553 0.487448455550816012E-05
 1.65855738786874918 0.492888557803446612E-05
 1.66934358436067853 0.496698488817567492E-05
 1.67970789272411247 0.498866569348720842E-05
 1.68967463901601400 0.499339456242035438E-05
 1.69926669018716248 0.498082449504256451E-05
 1.70850552144921330 0.495122333643493456E-05
 1.71741128706292590 0.490540343262658355E-05
 1.72600289253504613 0.484437586655751884E-05
 1.73429806670776032 0.476912094545953810E-05
 1.74231343262087002 0.468060861605585551E-05
 1.75006457634046853 0.457990524497559809E-05
 1.75756611319403411 0.446819058768582532E-05
 1.76483175104333090 0.434670195553655199E-05
 1.77187435037395868 0.421668818476839030E-05
 1.77870598109268663 0.407938641562292647E-05
 1.78533797600803945 0.393601495029944426E-05
 1.79178098103187544 0.378778287948132077E-05
 1.79804500218465790 0.363588835350894164E-05
 1.80413944951857586 0.348149458851798679E-05
 1.81007317809370161 0.332571116805889467E-05
 1.81585452615539600 0.316959177729142913E-05
 1.82149135066809720 0.301413012893589273E-05
 1.82699106036302350 0.286023024145705904E-05
 1.83236064645632535 0.270864447378615506E-05
 1.83760671119080277 0.255989729602948964E-05
 1.84273549434916850 0.241422759851122764E-05
 1.84775289788055153 0.227157773790302099E-05
 1.85266450877491584 0.213163630800596486E-05
 1.85747562031265367 0.199391926716325776E-05
 1.86219125180903466 0.185786696182593075E-05
 1.86681616696562358 0.172293197110580488E-05
 1.87135489093338148 0.158864029342825294E-05
 1.87581172618498138 0.145461935532269353E-05
 1.88019076728701284 0.132060716061105977E-05
 1.88449591465621968 0.118645495302030947E-05
 1.88873088737776040 0.105214053241610379E-05
 1.89289923515769787 0.917790039767623288E-06
 1.89700434947652008 0.783719861007189461E-06
 1.90104947400545554 0.650480544038327076E-06
 1.90503771434267422 0.518916050855786300E-06
 1.90897204712212654 0.390205431237183195E-06
 1.91285532854377660 0.265918570164503317E-06
 1.91669030237027949 0.148032536272639865E-06
 1.92047960743175627 0.389652915276494157E-07
 1.92422578467718974 -0.584663444573653588E-07
 1.92793128380807777 -0.141061739489882169E-06
 1.93159846952735892 -0.205372617237453652E-06
 1.93522962743418470 -0.247777860284426919E-06
 1.93882696959291567 -0.264730608873513842E-06
 1.94239263980269272 -0.252879996678235120E-06
 1.94592871859206551 -0.209437040569591101E-06
 1.94943722796150132 -0.132324382145389788E-06
 1.95292013589503810 -0.206767684329370906E-07
 1.95637936066096163 0.124997412531577234E-06
 1.95981677492010453 0.302144432738618091E-06
 1.96323420965923701 0.506002826583900666E-06
 1.96663345796595213 0.728705166049654242E-06
 1.97001627866054196 0.959191160451719045E-06
 1.97338439979950442 0.118212001024775251E-05
 1.97673952206458559 0.137822279096052083E-05
 1.98008332205058002 0.152342225247691844E-05
 1.98341745546455739 0.159062074801626319E-05
 1.98674356024864895 0.155029979513164036E-05
 1.99006325963809938 0.137594567582189303E-05
 1.99337816516593191 0.104955113991883612E-05
 1.99668987962525302 0.575703865433320448E-06
 2.00000000000000000 -0.676071671914331599E-09
