 0.000000000000000000E+00 0.573395363319318835E-07
 0.331012037474653908E-02 6.44178399926323131
 0.662183483406764140E-02 26.1437158543245189
 0.993674036189995391E-02 59.5943601507289316
 0.132564397513506016E-01 106.735557895232532
 0.165825445354421674E-01 166.817853101431723
 0.199166779494195367E-01 238.622287991933746
 0.232604779354139701E-01 320.656304798413146
 0.266156002004951375E-01 411.242656261835293
 0.299837213394578139E-01 508.562335906453598
 0.333665420340474306E-01 610.729027887992743
 0.367657903407625497E-01 715.892847151035198
 0.401832250798950241E-01 822.332977170892036
 0.436206393390381475E-01 928.516120677268304
 0.470798641049610112E-01 1033.11948636487250
 0.505627720384977941E-01 1135.02857909337877
 0.540712814079340465E-01 1233.32287658570272
 0.576073601973068339E-01 1327.25785647195380
 0.611730304070841058E-01 1416.24668035515447
 0.647703725658153040E-01 1499.84170685919344
 0.684015304726404150E-01 1577.71572520142968
 0.720687161919215669E-01 1649.64295260933704
 0.757742153228098125E-01 1715.48115846626433
 0.795203925682432811E-01 1775.15751463187394
 0.833096976297200698E-01 1828.65842383577137
 0.871446714562229552E-01 1876.01961751647241
 0.910279528778730196E-01 1917.31396634286557
 0.949622856573255625E-01 1952.63897651672119
 0.989505259945437921E-01 1982.10718548589693
 0.102995650523479032 2005.84031913258718
 0.107100764842301688 2023.96587794280777
 0.111269112622238708 2036.61493645960877
 0.115504085343779872 2043.92145142685081
 0.119809232712986713 2046.02255344748028
 0.124188273815018180 2043.05697808803461
 0.128645109066618080 2035.16351755919914
 0.133183833034375976 2022.48721943320106
 0.137808748190964891 2005.18962091335129
 0.142524379687345437 1983.44613217046094
 0.147335491225083715 1957.42766968147612
 0.152247102119448030 1927.29049010127073
 0.157264505650830833 1893.19574146600621
 0.162393288809196790 1855.33957935162698
 0.167639353543673986 1813.95519472897649
 0.173008939636976056 1769.28801714155793
 0.178508649331902358 1721.57870212497392
 0.184145473844603558 1671.06700398810176
 0.189926821906297949 1618.00250476863334
 0.195860550481423701 1562.64795041764751
 0.201954997815341208 1505.28094212471683
 0.208219018968123892 1446.20656881927812
 0.214662023991960105 1385.75990168331236
 0.221294018907312928 1324.27857689776761
 0.228125649626040428 1262.08326622949858
 0.235168248956668657 1199.48007915582821
 0.242433886805965448 1136.75954294429584
 0.249935423659531253 1074.21344919155149
 0.257686567379129539 1012.16188987874625
 0.265701933292239012 950.944195214260958
 0.273997107464953427 890.851658128898293
 0.282588712937073661 832.122729805140693
 0.291494478550786251 775.004112000363421
 0.300733309812837302 719.728131857713834
 0.310325360983985998 666.497620970081925
 0.320292107275887084 615.461352528563452
 0.330656415639321022 566.695978493504185
 0.341442612131250156 520.308268907198112
 0.352676543231464024 476.399297892508002
 0.364385627720396954 434.962470677642443
 0.376598894804481832 396.001676980071750
 0.389347003060644958 359.551591829501945
 0.402662233446409612 325.571907295730171
 0.416578448072201457 293.994256657124481
 0.431131004656285288 264.785922616299331
 0.446356614599918045 237.864000499277665
 0.462293130484153547 213.175523360421522
 0.478979246603053799 190.602572202564488
 0.496454094083784270 170.026981456554068
 0.514756710468977419 151.309573861646925
 0.533925362737153852 134.337525143820045
 0.553996703141117930 118.980895106966130
 0.575004739633996120 105.156842990171072
 0.596979607850977034 92.7480430713953297
 0.619946140532487755 81.6697947037964695
 0.643922243792862670 71.8017170521444541
 0.668917108408850547 63.0635785248755028
 0.694929308450184635 55.3742237977668097
 0.721944868322298650 48.6646746184357042
 0.749935410556105575 42.8612788866373222
 0.778856526762241597 37.9031413196623603
 0.808646537709191593 33.7227148172220410
 0.839225818902016085 30.2731158876607118
 0.870496858588253319 27.5134900134263596
 0.902345180596794139 25.4055157182536320
 0.934641203204055193 23.9172117514863523
 0.967243021066621855 23.0289840768629723
 0.999999999999999556 22.7332101170686052
 1.03275697893337726 23.0223807429353080
 1.06535879679594414 23.9025343386133997
 1.09765481940320497 25.3988136423243134
 1.12950314141174601 27.5346845383314687
 1.16077418109798325 30.3319982605759328
 1.19135346229080774 33.8230688980900140
 1.22114347323775752 38.0440841855406546
 1.25006458944389376 43.0435655138463247
 1.27805513167770068 48.8829081419244105
 1.30507069154981470 55.6093338967299999
 1.33108289159114879 63.2967864095203296
 1.35607775620713644 72.0226726526234984
 1.38005385946751158 81.8823738164003885
 1.40302039214902230 92.9612197751306866
 1.42499526036600299 105.347916480832325
 1.44600329685888118 119.186536432840740
 1.46607463726284526 134.541095858454355
 1.48524328953102192 151.556830411971788
 1.50354590591621506 170.303585679021353
 1.52102075339694531 190.949122814373368
 1.53770686951584601 213.513508574054640
 1.55364338540008129 238.191228685941866
 1.56886899534371382 265.106143645037037
 1.58342155192779788 294.252508393279470
 1.59733776655359017 325.783190735539279
 1.61065299693935415 359.742883190504983
 1.62340110519551750 396.194093755530844
 1.63561437227960260 435.154527061253418
 1.64732345676853553 476.619966497699750
 1.65855738786874918 520.589182283065384
 1.66934358436067853 566.960913210876811
 1.67970789272411247 615.721125196415187
 1.68967463901601400 666.774542671052131
 1.69926669018716248 719.958741476502382
 1.70850552144921330 775.142798667712441
 1.71741128706292590 832.137366977794500
 1.72600289253504613 890.705939124420524
 1.73429806670776032 950.632674733414092
 1.74231343262087002 1011.65781878377175
 1.75006457634046853 1073.45024512421105
 1.75756611319403411 1135.73385385118490
 1.76483175104333090 1198.28261750094862
 1.77187435037395868 1260.80138447334184
 1.77870598109268663 1322.91518194192759
 1.78533797600803945 1384.24957374783230
 1.79178098103187544 1444.47487508469931
 1.79804500218465790 1503.30018059084045
 1.80413944951857586 1560.44562816684538
 1.81007317809370161 1615.61567992229197
 1.81585452615539600 1668.49843977806063
 1.82149135066809720 1718.78691911113083
 1.82699106036302350 1766.20363235253762
 1.83236064645632535 1810.51006564058298
 1.83760671119080277 1851.49422232544975
 1.84273549434916850 1888.95562142519202
 1.84775289788055153 1922.69761684253695
 1.85266450877491584 1952.51895780362884
 1.85747562031265367 1978.21403589185638
 1.86219125180903466 1999.59071099061543
 1.86681616696562358 2016.48562868687918
 1.87135489093338148 2028.75937539860433
 1.87581172618498138 2036.28134674465628
 1.88019076728701284 2038.92107405261345
 1.88449591465621968 2036.54682800884939
 1.88873088737776040 2029.02218949555595
 1.89289923515769787 2016.19985674989130
 1.89700434947652008 1997.92246118705248
 1.90104947400545554 1974.03495006560570
 1.90503771434267422 1944.40031770431801
 1.90897204712212654 1908.90705299606611
 1.91285532854377660 1867.46591493326332
 1.91669030237027949 1820.00429935568309
 1.92047960743175627 1766.46741955421430
 1.92422578467718974 1706.82823289927228
 1.92793128380807777 1641.10216205145525
 1.93159846952735892 1569.36278073117091
 1.93522962743418470 1491.75612158059653
 1.93882696959291567 1408.51203767787251
 1.94239263980269272 1319.95419736986310
 1.94592871859206551 1226.51421059072845
 1.94943722796150132 1128.75415918338240
 1.95292013589503810 1027.39562216886156
 1.95637936066096163 923.347937129959178
 1.95981677492010453 817.727709350804275
 1.96323420965923701 711.863778887549302
 1.96663345796595213 607.285551008706420
 1.97001627866054196 505.693328339273933
 1.97338439979950442 408.907918114236338
 1.97673952206458559 318.796330111378893
 1.98008332205058002 237.180544470462166
 1.98341745546455739 165.755468914304743
 1.98674356024864895 106.022651547801871
 1.99006325963809938 59.1857680659881495
 1.99337816516593191 25.9645978425293933
 1.99668987962525302 6.39847181270989829
 2.00000000000000000 0.557302844255264047E-07
