 0.000000000000000000E+00 -0.174299151951560846E-11
 0.331012037474653908E-02 -0.102286470657650318E-05
 0.662183483406764140E-02 -0.337838562737286918E-05
 0.993674036189995391E-02 -0.620536953630065556E-05
 0.132564397513506016E-01 -0.932330482735654496E-05
 0.165825445354421674E-01 -0.121828325215752677E-04
 0.199166779494195367E-01 -0.147036319344030227E-04
 0.232604779354139701E-01 -0.165359877389471996E-04
 0.266156002004951375E-01 -0.174792797915052989E-04
 0.299837213394578139E-01 -0.172762703909351824E-04
 0.333665420340474306E-01 -0.157479128694854443E-04
 0.367657903407625497E-01 -0.127610958077036339E-04
 0.401832250798950241E-01 -0.826092690431318127E-05
 0.436206393390381475E-01 -0.226247487545216478E-05
 0.470798641049610112E-01 0.514448213098506778E-05
 0.505627720384977941E-01 0.137959110619099782E-04
 0.540712814079340465E-01 0.234551786312987905E-04
 0.576073601973068339E-01 0.338255357422583859E-04
 0.611730304070841058E-01 0.445766958209982674E-04
 0.647703725658153040E-01 0.553875103999009700E-04
 0.684015304726404150E-01 0.659989923787305562E-04
 0.720687161919215669E-01 0.762628391047075882E-04
 0.757742153228098125E-01 0.861674417880275241E-04
 0.795203925682432811E-01 0.958307041043807389E-04
 0.833096976297200698E-01 0.105459488681062394E-03
 0.871446714562229552E-01 0.115281159364576694E-03
 0.910279528778730196E-01 0.125456269738445148E-03
 0.949622856573255625E-01 0.135989979737444428E-03
 0.989505259945437921E-01 0.146669583525416153E-03
 0.102995650523479032 0.157056186301055781E-03
 0.107100764842301688 0.166545888270503768E-03
 0.111269112622238708 0.174491854208440290E-03
 0.115504085343779872 0.180349994362578799E-03
 0.119809232712986713 0.183793944920307114E-03
 0.124188273815018180 0.184758355812512546E-03
 0.128645109066618080 0.183407722184656058E-03
 0.133183833034375976 0.180061382075933605E-03
 0.137808748190964891 0.175117738178858748E-03
 0.142524379687345437 0.169010205392264323E-03
 0.147335491225083715 0.162191356086349757E-03
 0.152247102119448030 0.155110561866887757E-03
 0.157264505650830833 0.148168463111123054E-03
 0.162393288809196790 0.141672425035165831E-03
 0.167639353543673986 0.135825380001336748E-03
 0.173008939636976056 0.130770221660725822E-03
 0.178508649331902358 0.126694514331585436E-03
 0.184145473844603558 0.123926563320812257E-03
 0.189926821906297949 0.122893616247890557E-03
 0.195860550481423701 0.123910412348286644E-03
 0.201954997815341208 0.126905060196988011E-03
 0.208219018968123892 0.131220876305007623E-03
 0.214662023991960105 0.135633227413971031E-03
 0.221294018907312928 0.138696696171173201E-03
 0.228125649626040428 0.139386974298773926E-03
 0.235168248956668657 0.137673551485206048E-03
 0.242433886805965448 0.134503064659508904E-03
 0.249935423659531253 0.131124098045865955E-03
 0.257686567379129539 0.128184906119121025E-03
 0.265701933292239012 0.125135316296993466E-03
 0.273997107464953427 0.120451350080171452E-03
 0.282588712937073661 0.112726338923200544E-03
 0.291494478550786251 0.101599195501268333E-03
 0.300733309812837302 0.874958336785072792E-04
 0.310325360983985998 0.712651209414253073E-04
 0.320292107275887084 0.549039904680944022E-04
 0.330656415639321022 0.419631696607975481E-04
 0.341442612131250156 0.366544200927219937E-04
 0.352676543231464024 0.415991721114893596E-04
 0.364385627720396954 0.552651835669562728E-04
 0.376598894804481832 0.725881494391365247E-04
 0.389347003060644958 0.877929888938330609E-04
 0.402662233446409612 0.958431141139120965E-04
 0.416578448072201457 0.937666883054730525E-04
 0.431131004656285288 0.824854718209039144E-04
 0.446356614599918045 0.665639956628077685E-04
 0.462293130484153547 0.492192758813467430E-04
 0.478979246603053799 0.301186050333743317E-04
 0.496454094083784270 0.982560616810766882E-05
 0.514756710468977419 -0.108383874360994925E-04
 0.533925362737153852 -0.305855827784128480E-04
 0.553996703141117930 -0.465513075008134903E-04
 0.575004739633996120 -0.556261768006402146E-04
 0.596979607850977034 -0.555243563491125840E-04
 0.619946140532487755 -0.477179756593473913E-04
 0.643922243792862670 -0.363671564471430001E-04
 0.668917108408850547 -0.293210071898877429E-04
 0.694929308450184635 -0.346696327759033133E-04
 0.721944868322298650 -0.429111467711696160E-04
 0.749935410556105575 -0.409022696447225819E-04
 0.778856526762241597 -0.337283433822529430E-04
 0.808646537709191593 -0.293641197420915834E-04
 0.839225818902016085 -0.311288287378924563E-04
 0.870496858588253319 -0.285033034947360882E-04
 0.902345180596794139 -0.206011330927041463E-04
 0.934641203204055193 -0.206710051683299355E-04
 0.967243021066621855 -0.324013947049047978E-04
 0.999999999999999556 -0.446518201460966354E-04
 1.03275697893337726 -0.416089689785637334E-04
 1.06535879679594414 -0.232023164305667221E-04
 1.09765481940320497 -0.728816827036986058E-05
 1.12950314141174601 -0.713034863772294292E-05
 1.16077418109798325 -0.207638501707127069E-04
 1.19135346229080774 -0.321169751132419786E-04
 1.22114347323775752 -0.325863502110007727E-04
 1.25006458944389376 -0.266958876872019475E-04
 1.27805513167770068 -0.181426513527175679E-04
 1.30507069154981470 -0.880468842129016383E-05
 1.33108289159114879 0.423475179680409059E-07
 1.35607775620713644 0.835941264184922038E-05
 1.38005385946751158 0.150943056324735750E-04
 1.40302039214902230 0.183083392728139494E-04
 1.42499526036600299 0.169739428467067872E-04
 1.44600329685888118 0.849046453225438342E-05
 1.46607463726284526 -0.325896127335360626E-05
 1.48524328953102192 -0.103400373833961284E-04
 1.50354590591621506 -0.896271743199826982E-05
 1.52102075339694531 -0.316613394083769773E-05
 1.53770686951584601 -0.215610903665755819E-05
 1.55364338540008129 -0.975077819130949575E-05
 1.56886899534371382 -0.210633975649646577E-04
 1.58342155192779788 -0.301839825326039073E-04
 1.59733776655359017 -0.372705499801100521E-04
 1.61065299693935415 -0.455849941052915639E-04
 1.62340110519551750 -0.572959788894435022E-04
 1.63561437227960260 -0.729691782553229767E-04
 1.64732345676853553 -0.905709797492291021E-04
 1.65855738786874918 -0.107042357903541923E-03
 1.66934358436067853 -0.121191951247332950E-03
 1.67970789272411247 -0.133337639548846988E-03
 1.68967463901601400 -0.144056933651347388E-03
 1.69926669018716248 -0.153973089397047637E-03
 1.70850552144921330 -0.163620538487707775E-03
 1.71741128706292590 -0.172408169409834881E-03
 1.72600289253504613 -0.178269365199478782E-03
 1.73429806670776032 -0.178650471836827102E-03
 1.74231343262087002 -0.171956103949901900E-03
 1.75006457634046853 -0.158435777766790923E-03
 1.75756611319403411 -0.139899981135587458E-03
 1.76483175104333090 -0.118749545514579700E-03
 1.77187435037395868 -0.970989631739701712E-04
 1.77870598109268663 -0.762814526983465659E-04
 1.78533797600803945 -0.568767297398068395E-04
 1.79178098103187544 -0.391656161847944815E-04
 1.79804500218465790 -0.235450039794580212E-04
 1.80413944951857586 -0.105636365634836013E-04
 1.81007317809370161 -0.750525429525505673E-06
 1.81585452615539600 0.547585688096023278E-05
 1.82149135066809720 0.785463042524893523E-05
 1.82699106036302350 0.644124423450332603E-05
 1.83236064645632535 0.178887643796354604E-05
 1.83760671119080277 -0.507038324504567189E-05
 1.84273549434916850 -0.128686311918928313E-04
 1.84775289788055153 -0.203918108883599668E-04
 1.85266450877491584 -0.266741941469903027E-04
 1.85747562031265367 -0.310843396293057199E-04
 1.86219125180903466 -0.333397255574496929E-04
 1.86681616696562358 -0.334718692187533219E-04
 1.87135489093338148 -0.317591445479858977E-04
 1.87581172618498138 -0.286474805074048871E-04
 1.88019076728701284 -0.246662675636151143E-04
 1.88449591465621968 -0.203421565369850101E-04
 1.88873088737776040 -0.161228264026550977E-04
 1.89289923515769787 -0.123252590184974715E-04
 1.89700434947652008 -0.911771460465805482E-05
 1.90104947400545554 -0.653655271907990690E-05
 1.90503771434267422 -0.452948538229122191E-05
 1.90897204712212654 -0.301141315976314330E-05
 1.91285532854377660 -0.191963267972336431E-05
 1.91669030237027949 -0.125692651232164172E-05
 1.92047960743175627 -0.111189744596869657E-05
 1.92422578467718974 -0.164945381891332473E-05
 1.92793128380807777 -0.307270337925467391E-05
 1.93159846952735892 -0.556697855780917254E-05
 1.93522962743418470 -0.924124802904954738E-05
 1.93882696959291567 -0.140808604666311502E-04
 1.94239263980269272 -0.199217350268408936E-04
 1.94592871859206551 -0.264514967736510185E-04
 1.94943722796150132 -0.332369272307173421E-04
 1.95292013589503810 -0.397708905685473064E-04
 1.95637936066096163 -0.455281053434024668E-04
 1.95981677492010453 -0.500222335153924100E-04
 1.96323420965923701 -0.528551175648258500E-04
 1.96663345796595213 -0.537609290482357158E-04
 1.97001627866054196 -0.526217197299305982E-04
 1.97338439979950442 -0.494983429113546658E-04
 1.97673952206458559 -0.445667183536177806E-04
 1.98008332205058002 -0.382132066041275862E-04
 1.98341745546455739 -0.307495559386556183E-04
 1.98674356024864895 -0.229092108610420470E-04
 1.99006325963809938 -0.148713254987368494E-04
 1.99337816516593191 -0.790114062356933247E-05
 1.99668987962525302 -0.234740115194656928E-05
 2.00000000000000000 -0.245158806242801193E-09
