 0.000000000000000000E+00 -0.701415902938255814E-10
 0.331012037474653908E-02 0.310633499097256015E-08
 0.662183483406764140E-02 0.801216826173213001E-08
 0.993674036189995391E-02 0.142006464570602048E-07
 0.132564397513506016E-01 0.221236850931979059E-07
 0.165825445354421674E-01 0.316879752507585198E-07
 0.199166779494195367E-01 0.429157759881799530E-07
 0.232604779354139701E-01 0.558257799561175548E-07
 0.266156002004951375E-01 0.703033506234408165E-07
 0.299837213394578139E-01 0.862649264394099167E-07
 0.333665420340474306E-01 0.103528192679281692E-06
 0.367657903407625497E-01 0.121924777352728593E-06
 0.401832250798950241E-01 0.141238141702280832E-06
 0.436206393390381475E-01 0.161267162550687158E-06
 0.470798641049610112E-01 0.181796191965534313E-06
 0.505627720384977941E-01 0.202631447184372566E-06
 0.540712814079340465E-01 0.223583959759613941E-06
 0.576073601973068339E-01 0.244490204372626668E-06
 0.611730304070841058E-01 0.265200994428875146E-06
 0.647703725658153040E-01 0.285592346346027986E-06
 0.684015304726404150E-01 0.305557637985866619E-06
 0.720687161919215669E-01 0.325012400616074162E-06
 0.757742153228098125E-01 0.343888488118028177E-06
 0.795203925682432811E-01 0.362135481019541796E-06
 0.833096976297200698E-01 0.379716464566073494E-06
 0.871446714562229552E-01 0.396607905870235482E-06
 0.910279528778730196E-01 0.412796561586814218E-06
 0.949622856573255625E-01 0.428278509551952621E-06
 0.989505259945437921E-01 0.443056695728741752E-06
 0.102995650523479032 0.457139770964121212E-06
 0.107100764842301688 0.470540373963655097E-06
 0.111269112622238708 0.483274120328971108E-06
 0.115504085343779872 0.495358287111140930E-06
 0.119809232712986713 0.506810808415457898E-06
 0.124188273815018180 0.517649102852349619E-06
 0.128645109066618080 0.527889173738022098E-06
 0.133183833034375976 0.537544975554923076E-06
 0.137808748190964891 0.546628164329990883E-06
 0.142524379687345437 0.555147844888822064E-06
 0.147335491225083715 0.563110326542717762E-06
 0.152247102119448030 0.570519080904105869E-06
 0.157264505650830833 0.577374972566009674E-06
 0.162393288809196790 0.583676258333365567E-06
 0.167639353543673986 0.589418029366517182E-06
 0.173008939636976056 0.594591625935022622E-06
 0.178508649331902358 0.599184813463963764E-06
 0.184145473844603558 0.603182741642270431E-06
 0.189926821906297949 0.606569111593287515E-06
 0.195860550481423701 0.609326574545916418E-06
 0.201954997815341208 0.611435809579127827E-06
 0.208219018968123892 0.612874563685568288E-06
 0.214662023991960105 0.613618360507714134E-06
 0.221294018907312928 0.613642463197264043E-06
 0.228125649626040428 0.612923828358102794E-06
 0.235168248956668657 0.611442747365114015E-06
 0.242433886805965448 0.609183937066070787E-06
 0.249935423659531253 0.606136123785991801E-06
 0.257686567379129539 0.602289650392246746E-06
 0.265701933292239012 0.597634441343349254E-06
 0.273997107464953427 0.592159345193596404E-06
 0.282588712937073661 0.585852880129326512E-06
 0.291494478550786251 0.578707824880080751E-06
 0.300733309812837302 0.570725272094049963E-06
 0.310325360983985998 0.561914385908604571E-06
 0.320292107275887084 0.552290640245387479E-06
 0.330656415639321022 0.541871753776218955E-06
 0.341442612131250156 0.530670303519746524E-06
 0.352676543231464024 0.518691290941916587E-06
 0.364385627720396954 0.505940502691922538E-06
 0.376598894804481832 0.492433809311518147E-06
 0.389347003060644958 0.478201879131738896E-06
 0.402662233446409612 0.463285783165235340E-06
 0.416578448072201457 0.447727896365574329E-06
 0.431131004656285288 0.431568604328640642E-06
 0.446356614599918045 0.414837886202561135E-06
 0.462293130484153547 0.397547317553144508E-06
 0.478979246603053799 0.379712115757729998E-06
 0.496454094083784270 0.361387203552089988E-06
 0.514756710468977419 0.342659696322893706E-06
 0.533925362737153852 0.323606024433807236E-06
 0.553996703141117930 0.304282468445399386E-06
 0.575004739633996120 0.284762103418403487E-06
 0.596979607850977034 0.265151703629244258E-06
 0.619946140532487755 0.245579790937764984E-06
 0.643922243792862670 0.226179678952416261E-06
 0.668917108408850547 0.207104013905675785E-06
 0.694929308450184635 0.188545935435408580E-06
 0.721944868322298650 0.170695671113196351E-06
 0.749935410556105575 0.153707789842277510E-06
 0.778856526762241597 0.137783173250216182E-06
 0.808646537709191593 0.123195609696683485E-06
 0.839225818902016085 0.110224327109966942E-06
 0.870496858588253319 0.991309389140908544E-07
 0.902345180596794139 0.901852409198887461E-07
 0.934641203204055193 0.836432710207712797E-07
 0.967243021066621855 0.796734956972949364E-07
 0.999999999999999556 0.783472427895063848E-07
 1.03275697893337726 0.796914628287796424E-07
 1.06535879679594414 0.836830528135202201E-07
 1.09765481940320497 0.902097877681343495E-07
 1.12950314141174601 0.990904525674409051E-07
 1.16077418109798325 0.110125840089339111E-06
 1.19135346229080774 0.123084806384853024E-06
 1.22114347323775752 0.137687993269327555E-06
 1.25006458944389376 0.153651216664683529E-06
 1.27805513167770068 0.170718117166755040E-06
 1.30507069154981470 0.188648260953567457E-06
 1.33108289159114879 0.207200700377780216E-06
 1.35607775620713644 0.226163288470501574E-06
 1.38005385946751158 0.245384122317805347E-06
 1.40302039214902230 0.264741057796198685E-06
 1.42499526036600299 0.284119110685389818E-06
 1.44600329685888118 0.303424942710435736E-06
 1.46607463726284526 0.322576956200045032E-06
 1.48524328953102192 0.341497440965751668E-06
 1.50354590591621506 0.360106655772025429E-06
 1.52102075339694531 0.378328604212097413E-06
 1.53770686951584601 0.396120727633824662E-06
 1.55364338540008129 0.413455075962747521E-06
 1.56886899534371382 0.430280019228203727E-06
 1.58342155192779788 0.446535187522300511E-06
 1.59733776655359017 0.462176896334319924E-06
 1.61065299693935415 0.477172462418156569E-06
 1.62340110519551750 0.491490593344864643E-06
 1.63561437227960260 0.505101603420215515E-06
 1.64732345676853553 0.517976497658415050E-06
 1.65855738786874918 0.530089482507315644E-06
 1.66934358436067853 0.541422289039481984E-06
 1.67970789272411247 0.551960029676144606E-06
 1.68967463901601400 0.561687230685313082E-06
 1.69926669018716248 0.570589968241042620E-06
 1.70850552144921330 0.578658626290962395E-06
 1.71741128706292590 0.585890551863993089E-06
 1.72600289253504613 0.592289787292092893E-06
 1.73429806670776032 0.597864457520749453E-06
 1.74231343262087002 0.602624403377376752E-06
 1.75006457634046853 0.606578444933958105E-06
 1.75756611319403411 0.609732362671889231E-06
 1.76483175104333090 0.612090198673668756E-06
 1.77187435037395868 0.613657635446344754E-06
 1.77870598109268663 0.614444455393901134E-06
 1.78533797600803945 0.614465516811534494E-06
 1.79178098103187544 0.613740306904253980E-06
 1.79804500218465790 0.612291447447520163E-06
 1.80413944951857586 0.610142869513755513E-06
 1.81007317809370161 0.607318406288337588E-06
 1.81585452615539600 0.603841378669870933E-06
 1.82149135066809720 0.599734510048169373E-06
 1.82699106036302350 0.595019507890611365E-06
 1.83236064645632535 0.589716358809961160E-06
 1.83760671119080277 0.583842513579418369E-06
 1.84273549434916850 0.577412102656759842E-06
 1.84775289788055153 0.570435115408156252E-06
 1.85266450877491584 0.562916540084308799E-06
 1.85747562031265367 0.554855951235266958E-06
 1.86219125180903466 0.546248028366965806E-06
 1.86681616696562358 0.537083659604476831E-06
 1.87135489093338148 0.527350958024267707E-06
 1.87581172618498138 0.517035919592577205E-06
 1.88019076728701284 0.506122998513072742E-06
 1.88449591465621968 0.494595723745127834E-06
 1.88873088737776040 0.482437354057941296E-06
 1.89289923515769787 0.469631244093726118E-06
 1.89700434947652008 0.456161251329356547E-06
 1.90104947400545554 0.442012241972943179E-06
 1.90503771434267422 0.427171457317040062E-06
 1.90897204712212654 0.411630050872113868E-06
 1.91285532854377660 0.395385446002865876E-06
 1.91669030237027949 0.378442825955929326E-06
 1.92047960743175627 0.360817475076792718E-06
 1.92422578467718974 0.342535384130117211E-06
 1.92793128380807777 0.323635977113443304E-06
 1.93159846952735892 0.304171959533885835E-06
 1.93522962743418470 0.284213285722306161E-06
 1.93882696959291567 0.263845507961982601E-06
 1.94239263980269272 0.243175334604772894E-06
 1.94592871859206551 0.222325741100187522E-06
 1.94943722796150132 0.201443810925009304E-06
 1.95292013589503810 0.180690144373907876E-06
 1.95637936066096163 0.160250188594674425E-06
 1.95981677492010453 0.140314123302989156E-06
 1.96323420965923701 0.121094196873910767E-06
 1.96663345796595213 0.102788901799931145E-06
 1.97001627866054196 0.856128104383029154E-07
 1.97338439979950442 0.697333691631610135E-07
 1.97673952206458559 0.553322514969700849E-07
 1.98008332205058002 0.424933451365556238E-07
 1.98341745546455739 0.313311037661522601E-07
 1.98674356024864895 0.218275056498735314E-07
 1.99006325963809938 0.139600282527608697E-07
 1.99337816516593191 0.782069897250174640E-08
 1.99668987962525302 0.295880209420396241E-08
 2.00000000000000000 -0.184285850542235800E-09
