 0.000000000000000000E+00 0.000000000000000000E+00
 0.331012037474653908E-02 -0.588972318328410050E-08
 0.662183483406764140E-02 -0.368339674639533801E-07
 0.993674036189995391E-02 -0.103812021317238601E-06
 0.132564397513506016E-01 -0.226138479986508701E-06
 0.165825445354421674E-01 -0.425309163079779568E-06
 0.199166779494195367E-01 -0.731210776006420937E-06
 0.232604779354139701E-01 -0.118043036685920396E-05
 0.266156002004951375E-01 -0.181116196858420478E-05
 0.299837213394578139E-01 -0.265738390176276514E-05
 0.333665420340474306E-01 -0.374181098642899947E-05
 0.367657903407625497E-01 -0.507420266105657658E-05
 0.401832250798950241E-01 -0.665058777140176055E-05
 0.436206393390381475E-01 -0.845604907286930667E-05
 0.470798641049610112E-01 -0.104674465294825653E-04
 0.505627720384977941E-01 -0.126568166622310776E-04
 0.540712814079340465E-01 -0.149941072612702841E-04
 0.576073601973068339E-01 -0.174495565636494818E-04
 0.611730304070841058E-01 -0.199952412819652776E-04
 0.647703725658153040E-01 -0.226060134144974047E-04
 0.684015304726404150E-01 -0.252600170359861052E-04
 0.720687161919215669E-01 -0.279390670379669453E-04
 0.757742153228098125E-01 -0.306288173202567813E-04
 0.795203925682432811E-01 -0.333185753981980165E-04
 0.833096976297200698E-01 -0.360008807799206242E-04
 0.871446714562229552E-01 -0.386709902561694775E-04
 0.910279528778730196E-01 -0.413261633451755377E-04
 0.949622856573255625E-01 -0.439647942676365936E-04
 0.989505259945437921E-01 -0.465856912324589891E-04
 0.102995650523479032 -0.491876268161401523E-04
 0.107100764842301688 -0.517690177426836839E-04
 0.111269112622238708 -0.543274879669524793E-04
 0.115504085343779872 -0.568590868822201265E-04
 0.119809232712986713 -0.593573237470795270E-04
 0.124188273815018180 -0.618126274553564952E-04
 0.128645109066618080 -0.642125000510486383E-04
 0.133183833034375976 -0.665419447091408024E-04
 0.137808748190964891 -0.687837690616985834E-04
 0.142524379687345437 -0.709187817938562840E-04
 0.147335491225083715 -0.729260627552932709E-04
 0.152247102119448030 -0.747833067450095660E-04
 0.157264505650830833 -0.764670847368879961E-04
 0.162393288809196790 -0.779533213581188304E-04
 0.167639353543673986 -0.792182998438586310E-04
 0.173008939636976056 -0.802396960221378084E-04
 0.178508649331902358 -0.809972960127444512E-04
 0.184145473844603558 -0.814727500708204859E-04
 0.189926821906297949 -0.816481014367613630E-04
 0.195860550481423701 -0.815046955997591192E-04
 0.201954997815341208 -0.810237919865498823E-04
 0.208219018968123892 -0.801884216547374916E-04
 0.214662023991960105 -0.789862176842767651E-04
 0.221294018907312928 -0.774129841806100251E-04
 0.228125649626040428 -0.754738747255657169E-04
 0.235168248956668657 -0.731812347613456336E-04
 0.242433886805965448 -0.705504075692683539E-04
 0.249935423659531253 -0.675961452134049481E-04
 0.257686567379129539 -0.643323954814916510E-04
 0.265701933292239012 -0.607747853970735605E-04
 0.273997107464953427 -0.569452907119926845E-04
 0.282588712937073661 -0.528724931328752781E-04
 0.291494478550786251 -0.485857198898510218E-04
 0.300733309812837302 -0.441117197745691009E-04
 0.310325360983985998 -0.394757494454330577E-04
 0.320292107275887084 -0.347051645313408702E-04
 0.330656415639321022 -0.298330148900362463E-04
 0.341442612131250156 -0.249054291414588049E-04
 0.352676543231464024 -0.199802495062622850E-04
 0.364385627720396954 -0.151118741496262854E-04
 0.376598894804481832 -0.103319439005421847E-04
 0.389347003060644958 -0.565504425594550242E-05
 0.402662233446409612 -0.110426468640856419E-05
 0.416578448072201457 0.329742603931353230E-05
 0.431131004656285288 0.753296195871450531E-05
 0.446356614599918045 0.115530990547633179E-04
 0.462293130484153547 0.153089782995724990E-04
 0.478979246603053799 0.187883398372616508E-04
 0.496454094083784270 0.219888313991537529E-04
 0.514756710468977419 0.248787853782225645E-04
 0.533925362737153852 0.274174054265928632E-04
 0.553996703141117930 0.295798570122053079E-04
 0.575004739633996120 0.313406946638803208E-04
 0.596979607850977034 0.326810537005119541E-04
 0.619946140532487755 0.335903303532065705E-04
 0.643922243792862670 0.340251244923365042E-04
 0.668917108408850547 0.339600414673216217E-04
 0.694929308450184635 0.333763848430677733E-04
 0.721944868322298650 0.322576014635579067E-04
 0.749935410556105575 0.305905988957903992E-04
 0.778856526762241597 0.283645497125793925E-04
 0.808646537709191593 0.255884542281138076E-04
 0.839225818902016085 0.222626777506277500E-04
 0.870496858588253319 0.184287268675528554E-04
 0.902345180596794139 0.141699187475735074E-04
 0.934641203204055193 0.957653277744134008E-05
 0.967243021066621855 0.475831333383250953E-05
 0.999999999999999556 -0.166566133212235345E-06
 1.03275697893337726 -0.507953802603612840E-05
 1.06535879679594414 -0.987090981155018001E-05
 1.09765481940320497 -0.143995638210088821E-04
 1.12950314141174601 -0.185698605672817567E-04
 1.16077418109798325 -0.223383881844435825E-04
 1.19135346229080774 -0.256162744631023140E-04
 1.22114347323775752 -0.283567640586032933E-04
 1.25006458944389376 -0.305390748662961393E-04
 1.27805513167770068 -0.321629162498164169E-04
 1.30507069154981470 -0.332617694537362332E-04
 1.33108289159114879 -0.338478403761825522E-04
 1.35607775620713644 -0.338942936928105746E-04
 1.38005385946751158 -0.334135718315431698E-04
 1.40302039214902230 -0.324545371911879810E-04
 1.42499526036600299 -0.310649002361863296E-04
 1.44600329685888118 -0.292923165287278975E-04
 1.46607463726284526 -0.271351689691724350E-04
 1.48524328953102192 -0.246001939433925567E-04
 1.50354590591621506 -0.217223078932894770E-04
 1.52102075339694531 -0.185240539786268941E-04
 1.53770686951584601 -0.150237868602312911E-04
 1.55364338540008129 -0.112566287325903121E-04
 1.56886899534371382 -0.725314367998369304E-05
 1.58342155192779788 -0.301955288968051935E-05
 1.59733776655359017 0.142391209870619221E-05
 1.61065299693935415 0.604459282667225842E-05
 1.62340110519551750 0.108068112030437193E-04
 1.63561437227960260 0.156785490654305065E-04
 1.64732345676853553 0.206332755381769887E-04
 1.65855738786874918 0.256292312519964760E-04
 1.66934358436067853 0.306188096590557943E-04
 1.67970789272411247 0.355541113395536643E-04
 1.68967463901601400 0.403906535902590064E-04
 1.69926669018716248 0.450948838143341833E-04
 1.70850552144921330 0.496352108073662074E-04
 1.71741128706292590 0.539815068910699474E-04
 1.72600289253504613 0.581085322234162920E-04
 1.73429806670776032 0.619925647136917280E-04
 1.74231343262087002 0.656057754596043593E-04
 1.75006457634046853 0.689194105999621070E-04
 1.75756611319403411 0.719072708113922875E-04
 1.76483175104333090 0.745480405204911425E-04
 1.77187435037395868 0.768295702338905623E-04
 1.77870598109268663 0.787468249417838911E-04
 1.78533797600803945 0.802967435249383733E-04
 1.79178098103187544 0.814776551070195410E-04
 1.79804500218465790 0.822913544173122050E-04
 1.80413944951857586 0.827443380777493953E-04
 1.81007317809370161 0.828477032748441372E-04
 1.81585452615539600 0.826171148582364458E-04
 1.82149135066809720 0.820720657594842392E-04
 1.82699106036302350 0.812349861106643860E-04
 1.83236064645632535 0.801308061964704424E-04
 1.83760671119080277 0.787861838455151877E-04
 1.84273549434916850 0.772282228402721679E-04
 1.84775289788055153 0.754830130137646354E-04
 1.85266450877491584 0.735745354028626670E-04
 1.85747562031265367 0.715242892421467285E-04
 1.86219125180903466 0.693517229419507772E-04
 1.86681616696562358 0.670749103406028557E-04
 1.87135489093338148 0.647106929804438434E-04
 1.87581172618498138 0.622744629210742292E-04
 1.88019076728701284 0.597800987224779128E-04
 1.88449591465621968 0.572398000104825684E-04
 1.88873088737776040 0.546637089499979386E-04
 1.89289923515769787 0.520596248924517122E-04
 1.89700434947652008 0.494329346857018398E-04
 1.90104947400545554 0.467869343164372490E-04
 1.90503771434267422 0.441235198263294941E-04
 1.90897204712212654 0.414439036172417039E-04
 1.91285532854377660 0.387492408981583662E-04
 1.91669030237027949 0.360413941506752220E-04
 1.92047960743175627 0.333238644244385158E-04
 1.92422578467718974 0.306025313276542265E-04
 1.92793128380807777 0.278860288822110254E-04
 1.93159846952735892 0.251859500996548415E-04
 1.93522962743418470 0.225170134745439376E-04
 1.93882696959291567 0.198971654293560110E-04
 1.94239263980269272 0.173476051512572484E-04
 1.94592871859206551 0.148926685580679704E-04
 1.94943722796150132 0.125594372846119878E-04
 1.95292013589503810 0.103768397552075356E-04
 1.95637936066096163 0.837415621259246925E-05
 1.95981677492010453 0.657869444535621661E-05
 1.96323420965923701 0.501304446038934550E-05
 1.96663345796595213 0.369163202834464339E-05
 1.97001627866054196 0.261793823859237245E-05
 1.97338439979950442 0.178167791818138572E-05
 1.97673952206458559 0.115958991249479082E-05
 1.98008332205058002 0.717357116958392561E-06
 1.98341745546455739 0.416758421132992561E-06
 1.98674356024864895 0.221402315343440246E-06
 1.99006325963809938 0.101610760943594900E-06
 1.99337816516593191 0.360655142592487445E-07
 1.99668987962525302 0.577224752353913476E-08
 2.00000000000000000 0.000000000000000000E+00
