 0.000000000000000000E+00 -0.000000000000000000E+00
 0.331012037474653908E-02 -0.124166100093442074E-06
 0.662183483406764140E-02 -0.711445411622954892E-06
 0.993674036189995391E-02 -0.186762028157359833E-05
 0.132564397513506016E-01 -0.381299318100070208E-05
 0.165825445354421674E-01 -0.671926175773404242E-05
 0.199166779494195367E-01 -0.107557592202925248E-04
 0.232604779354139701E-01 -0.160522956113995199E-04
 0.266156002004951375E-01 -0.226882114126990065E-04
 0.299837213394578139E-01 -0.306976126918936742E-04
 0.333665420340474306E-01 -0.400597537186563461E-04
 0.367657903407625497E-01 -0.507124377719039509E-04
 0.401832250798950241E-01 -0.625539858917143588E-04
 0.436206393390381475E-01 -0.754556517552172618E-04
 0.470798641049610112E-01 -0.892686916614829839E-04
 0.505627720384977941E-01 -0.103833893366272743E-03
 0.540712814079340465E-01 -0.118988315415024889E-03
 0.576073601973068339E-01 -0.134571516170215507E-03
 0.611730304070841058E-01 -0.150429951215994364E-03
 0.647703725658153040E-01 -0.166420281469229349E-03
 0.684015304726404150E-01 -0.182411469651219118E-03
 0.720687161919215669E-01 -0.198286014395656046E-03
 0.757742153228098125E-01 -0.213940440456982629E-03
 0.795203925682432811E-01 -0.229285235629221427E-03
 0.833096976297200698E-01 -0.244244365102011952E-03
 0.871446714562229552E-01 -0.258754497092937379E-03
 0.910279528778730196E-01 -0.272764037201891517E-03
 0.949622856573255625E-01 -0.286232045946757283E-03
 0.989505259945437921E-01 -0.299127102353034520E-03
 0.102995650523479032 -0.311426175531367825E-03
 0.107100764842301688 -0.323113552260870913E-03
 0.111269112622238708 -0.334179842028050895E-03
 0.115504085343779872 -0.344621063160860960E-03
 0.119809232712986713 -0.354437812291511108E-03
 0.124188273815018180 -0.363634513615592814E-03
 0.128645109066618080 -0.372218732082002339E-03
 0.133183833034375976 -0.380200544197889414E-03
 0.137808748190964891 -0.387591986080060714E-03
 0.142524379687345437 -0.394406590895175541E-03
 0.147335491225083715 -0.400658981514476925E-03
 0.152247102119448030 -0.406364470915012484E-03
 0.157264505650830833 -0.411538694754614003E-03
 0.162393288809196790 -0.416197378964732899E-03
 0.167639353543673986 -0.420356289691222547E-03
 0.173008939636976056 -0.424031264360822519E-03
 0.178508649331902358 -0.427238152130589299E-03
 0.184145473844603558 -0.429992547911324519E-03
 0.189926821906297949 -0.432309367995460138E-03
 0.195860550481423701 -0.434202457083121150E-03
 0.201954997815341208 -0.435684363409099564E-03
 0.208219018968123892 -0.436766319990935278E-03
 0.214662023991960105 -0.437458440381620329E-03
 0.221294018907312928 -0.437769904448781836E-03
 0.228125649626040428 -0.437708844305047511E-03
 0.235168248956668657 -0.437282079703097684E-03
 0.242433886805965448 -0.436495024631752436E-03
 0.249935423659531253 -0.435351870380866067E-03
 0.257686567379129539 -0.433855699038598408E-03
 0.265701933292239012 -0.432008136461159377E-03
 0.273997107464953427 -0.429809116771902387E-03
 0.282588712937073661 -0.427257571020313179E-03
 0.291494478550786251 -0.424352295848214923E-03
 0.300733309812837302 -0.421091661950818931E-03
 0.310325360983985998 -0.417472792766179096E-03
 0.320292107275887084 -0.413491139854460575E-03
 0.330656415639321022 -0.409139797453212555E-03
 0.341442612131250156 -0.404408987978288734E-03
 0.352676543231464024 -0.399285489650945099E-03
 0.364385627720396954 -0.393752176178671350E-03
 0.376598894804481832 -0.387789886255809175E-03
 0.389347003060644958 -0.381380600610781986E-03
 0.402662233446409612 -0.374507662836283037E-03
 0.416578448072201457 -0.367154076298455091E-03
 0.431131004656285288 -0.359302474964897040E-03
 0.446356614599918045 -0.350933384068881674E-03
 0.462293130484153547 -0.342019412534629822E-03
 0.478979246603053799 -0.332528276860578149E-03
 0.496454094083784270 -0.322428304520478966E-03
 0.514756710468977419 -0.311688971953378473E-03
 0.533925362737153852 -0.300283483135483536E-03
 0.553996703141117930 -0.288185933808749936E-03
 0.575004739633996120 -0.275373251658681559E-03
 0.596979607850977034 -0.261825617984233049E-03
 0.619946140532487755 -0.247521964802742639E-03
 0.643922243792862670 -0.232448414544350840E-03
 0.668917108408850547 -0.216598666208514925E-03
 0.694929308450184635 -0.199977307132369477E-03
 0.721944868322298650 -0.182611664781392942E-03
 0.749935410556105575 -0.164524786131629559E-03
 0.778856526762241597 -0.145729601271764190E-03
 0.808646537709191593 -0.126267388231166185E-03
 0.839225818902016085 -0.106202820240193594E-03
 0.870496858588253319 -0.855996282449810267E-04
 0.902345180596794139 -0.645431617039525100E-04
 0.934641203204055193 -0.431494286458330038E-04
 0.967243021066621855 -0.215410706947447623E-04
 0.999999999999999556 0.162647879575708362E-06
 1.03275697893337726 0.218528451356222416E-04
 1.06535879679594414 0.434269391092399919E-04
 1.09765481940320497 0.647822334749784768E-04
 1.12950314141174601 0.858036020402060367E-04
 1.16077418109798325 0.106397805951495352E-03
 1.19135346229080774 0.126497993578508929E-03
 1.22114347323775752 0.146021013697015693E-03
 1.25006458944389376 0.164881383428709731E-03
 1.27805513167770068 0.183030222197860766E-03
 1.30507069154981470 0.200434189092341651E-03
 1.33108289159114879 0.217062119089943598E-03
 1.35607775620713644 0.232899448562170759E-03
 1.38005385946751158 0.247953340859146602E-03
 1.40302039214902230 0.262240180069018734E-03
 1.42499526036600299 0.275776335598027758E-03
 1.44600329685888118 0.288584003918760810E-03
 1.46607463726284526 0.300686036585830706E-03
 1.48524328953102192 0.312103892546161806E-03
 1.50354590591621506 0.322860800999741045E-03
 1.52102075339694531 0.332981335384290749E-03
 1.53770686951584601 0.342494003661800400E-03
 1.55364338540008129 0.351426192154251501E-03
 1.56886899534371382 0.359801164721459976E-03
 1.58342155192779788 0.367645925252521892E-03
 1.59733776655359017 0.374989244213869339E-03
 1.61065299693935415 0.381853986628826522E-03
 1.62340110519551750 0.388257145175755619E-03
 1.63561437227960260 0.394213230232251044E-03
 1.64732345676853553 0.399737147670391538E-03
 1.65855738786874918 0.404844841053928883E-03
 1.66934358436067853 0.409552964982645208E-03
 1.67970789272411247 0.413876782533725081E-03
 1.68967463901601400 0.417827949996946136E-03
 1.69926669018716248 0.421414388343589871E-03
 1.70850552144921330 0.424641837392468750E-03
 1.71741128706292590 0.427515780713285038E-03
 1.72600289253504613 0.430041306041253305E-03
 1.73429806670776032 0.432221897436687295E-03
 1.74231343262087002 0.434058752221691644E-03
 1.75006457634046853 0.435550855701282227E-03
 1.75756611319403411 0.436695270706310957E-03
 1.76483175104333090 0.437487328300005854E-03
 1.77187435037395868 0.437920980304085420E-03
 1.77870598109268663 0.437989136070989610E-03
 1.78533797600803945 0.437683825703306093E-03
 1.79178098103187544 0.436996218135205091E-03
 1.79804500218465790 0.435916552949513602E-03
 1.80413944951857586 0.434434115521853512E-03
 1.81007317809370161 0.432537276090713154E-03
 1.81585452615539600 0.430213512240955743E-03
 1.82149135066809720 0.427449429890057952E-03
 1.82699106036302350 0.424230879557049043E-03
 1.83236064645632535 0.420543120328664948E-03
 1.83760671119080277 0.416370914974771675E-03
 1.84273549434916850 0.411698585098609429E-03
 1.84775289788055153 0.406510113256214963E-03
 1.85266450877491584 0.400789336858480157E-03
 1.85747562031265367 0.394520252408482553E-03
 1.86219125180903466 0.387687401264628678E-03
 1.86681616696562358 0.380276263698745378E-03
 1.87135489093338148 0.372273616129926001E-03
 1.87581172618498138 0.363667878939451792E-03
 1.88019076728701284 0.354449518170880343E-03
 1.88449591465621968 0.344611539204002938E-03
 1.88873088737776040 0.334150066342529578E-03
 1.89289923515769787 0.323064989084369985E-03
 1.89700434947652008 0.311360681304195949E-03
 1.90104947400545554 0.299046825083567410E-03
 1.90503771434267422 0.286139355911362752E-03
 1.90897204712212654 0.272661503163726773E-03
 1.91285532854377660 0.258644877456804412E-03
 1.91669030237027949 0.244130566669201752E-03
 1.92047960743175627 0.229170216655201513E-03
 1.92422578467718974 0.213827069445097308E-03
 1.92793128380807777 0.198176913998210228E-03
 1.93159846952735892 0.182308876265333572E-03
 1.93522962743418470 0.166325948290079752E-03
 1.93882696959291567 0.150345115889887691E-03
 1.94239263980269272 0.134496932944739347E-03
 1.94592871859206551 0.118924321066572541E-03
 1.94943722796150132 0.103780462506483591E-03
 1.95292013589503810 0.892254588591927489E-04
 1.95637936066096163 0.754219172032414800E-04
 1.95981677492010453 0.625287480646306208E-04
 1.96323420965923701 0.506944785875523460E-04
 1.96663345796595213 0.400477702034995615E-04
 1.97001627866054196 0.306903353634280739E-04
 1.97338439979950442 0.226844879652574528E-04
 1.97673952206458559 0.160510935631724406E-04
 1.98008332205058002 0.107561829203602790E-04
 1.98341745546455739 0.672052297020840691E-05
 1.98674356024864895 0.381445834950790093E-05
 1.99006325963809938 0.186883340757330870E-05
 1.99337816516593191 0.712138313244154062E-06
 1.99668987962525302 0.124343263040168914E-06
 2.00000000000000000 -0.000000000000000000E+00
