 0.000000000000000000E+00 -0.000000000000000000E+00
 0.331012037474653908E-02 0.630751700450200876E-07
 0.662183483406764140E-02 0.142724851244830582E-05
 0.993674036189995391E-02 0.645211916081732546E-05
 0.132564397513503796E-01 0.172628529406977886E-04
 0.165825445354421674E-01 0.340620880919588172E-04
 0.199166779494195367E-01 0.547167354963630281E-04
 0.232604779354139701E-01 0.750571305144945262E-04
 0.266156002004946934E-01 0.897513068462178971E-04
 0.299837213394578139E-01 0.933983896623887433E-04
 0.333665420340474306E-01 0.814005178262353280E-04
 0.367657903407623277E-01 0.504459791345663629E-04
 0.401832250798948021E-01 -0.129833170433546586E-05
 0.436206393390379255E-01 -0.743221096864892455E-04
 0.470798641049612332E-01 -0.167979863164502912E-03
 0.505627720384980162E-01 -0.280778682846430036E-03
 0.540712814079338244E-01 -0.410605914480571593E-03
 0.576073601973068339E-01 -0.554930440478515453E-03
 0.611730304070843278E-01 -0.710952899670953451E-03
 0.647703725658153040E-01 -0.875747305192094432E-03
 0.684015304726404150E-01 -0.104638105798500708E-02
 0.720687161919215669E-01 -0.122001112648620802E-02
 0.757742153228102566E-01 -0.139393572566683804E-02
 0.795203925682432811E-01 -0.156560908395319805E-02
 0.833096976297200698E-01 -0.173264357248167000E-02
 0.871446714562231772E-01 -0.189282623535719273E-02
 0.910279528778730196E-01 -0.204414961054589540E-02
 0.949622856573255625E-01 -0.218484688239142539E-02
 0.989505259945437921E-01 -0.231342242220444489E-02
 0.102995650523479032 -0.242865256724479790E-02
 0.107100764842301466 -0.252953162827441232E-02
 0.111269112622239152 -0.261519981165603309E-02
 0.115504085343779872 -0.268492953808417483E-02
 0.119809232712986491 -0.273818650942213825E-02
 0.124188273815017958 -0.277470175700917764E-02
 0.128645109066618080 -0.279448331621016477E-02
 0.133183833034376198 -0.279775081530299124E-02
 0.137808748190964669 -0.278483409270452020E-02
 0.142524379687345881 -0.275610481393987264E-02
 0.147335491225083715 -0.271200766609943494E-02
 0.152247102119448030 -0.265320348786858562E-02
 0.157264505650831055 -0.258075562001220879E-02
 0.162393288809196790 -0.249624901007852642E-02
 0.167639353543674208 -0.240174852714860731E-02
 0.173008939636976056 -0.229957106689801212E-02
 0.178508649331902358 -0.219195556670010675E-02
 0.184145473844603558 -0.208079805647042081E-02
 0.189926821906297949 -0.196754719551936377E-02
 0.195860550481423701 -0.185319869070823813E-02
 0.201954997815341208 -0.173832017678627357E-02
 0.208219018968124114 -0.162315328434924446E-02
 0.214662023991960105 -0.150793184461672628E-02
 0.221294018907312928 -0.139327917204567012E-02
 0.228125649626040428 -0.128012021467388049E-02
 0.235168248956668435 -0.116911300338850936E-02
 0.242433886805965670 -0.106027631861925920E-02
 0.249935423659531031 -0.953068055399395415E-03
 0.257686567379129317 -0.846935310826228845E-03
 0.265701933292239012 -0.742177044106351823E-03
 0.273997107464953427 -0.640182485548980895E-03
 0.282588712937073439 -0.542699186820071351E-03
 0.291494478550786251 -0.450871869594224794E-03
 0.300733309812837080 -0.364847892990530546E-03
 0.310325360983985554 -0.284222098266156378E-03
 0.320292107275886861 -0.209073072114625817E-03
 0.330656415639321244 -0.140366075851977779E-03
 0.341442612131250378 -0.789212376343512417E-04
 0.352676543231464024 -0.243838570335443388E-04
 0.364385627720396954 0.253825213553957907E-04
 0.376598894804481832 0.736167993487339814E-04
 0.389347003060644958 0.122947212184425507E-03
 0.402662233446409612 0.173809339645631392E-03
 0.416578448072201457 0.224758974226105636E-03
 0.431131004656285288 0.272759841423072028E-03
 0.446356614599918045 0.313322920528771095E-03
 0.462293130484153547 0.343165607289473468E-03
 0.478979246603053799 0.365804085620752794E-03
 0.496454094083784270 0.388996554492538162E-03
 0.514756710468977419 0.414764791373817472E-03
 0.533925362737154074 0.441166442254244345E-03
 0.553996703141117930 0.466723601273458049E-03
 0.575004739633996342 0.484933371289639767E-03
 0.596979607850977034 0.485831356293906478E-03
 0.619946140532487755 0.471501955586769203E-03
 0.643922243792862670 0.453382672496432135E-03
 0.668917108408850769 0.435990891002117713E-03
 0.694929308450184635 0.414094825368765897E-03
 0.721944868322298650 0.385207165183089036E-03
 0.749935410556105575 0.349584810256598638E-03
 0.778856526762241597 0.304092479536400878E-03
 0.808646537709191593 0.255420468590234937E-03
 0.839225818902016085 0.211107949320820911E-03
 0.870496858588253319 0.166487135887901565E-03
 0.902345180596794139 0.121133747232137338E-03
 0.934641203204055193 0.798880197741933960E-04
 0.967243021066621855 0.424819909904271517E-04
 0.999999999999999556 0.451190822206826527E-05
 1.03275697893337726 -0.366548182463813144E-04
 1.06535879679594414 -0.807114137072199373E-04
 1.09765481940320497 -0.125259550042390746E-03
 1.12950314141174601 -0.170871281507078727E-03
 1.16077418109798303 -0.217269308911205097E-03
 1.19135346229080774 -0.263321129412573873E-03
 1.22114347323775752 -0.308591931206640864E-03
 1.25006458944389376 -0.351269276243861635E-03
 1.27805513167770046 -0.389189626263509384E-03
 1.30507069154981448 -0.419035895389687147E-03
 1.33108289159114879 -0.439764768383238316E-03
 1.35607775620713666 -0.453637623412305618E-03
 1.38005385946751158 -0.464919843700182308E-03
 1.40302039214902230 -0.472487484200928977E-03
 1.42499526036600321 -0.474612352288898589E-03
 1.44600329685888140 -0.468981665772254101E-03
 1.46607463726284548 -0.452840656100965151E-03
 1.48524328953102192 -0.430744473804388350E-03
 1.50354590591621529 -0.406920846289571530E-03
 1.52102075339694554 -0.378853823538169096E-03
 1.53770686951584601 -0.346347457654091920E-03
 1.55364338540008129 -0.312182958583651895E-03
 1.56886899534371382 -0.278502803457253282E-03
 1.58342155192779788 -0.246499074285075066E-03
 1.59733776655359017 -0.215646576703819656E-03
 1.61065299693935415 -0.182029142308626202E-03
 1.62340110519551772 -0.141300495425190014E-03
 1.63561437227960260 -0.920983326355884647E-04
 1.64732345676853553 -0.342490875854601623E-04
 1.65855738786874918 0.319493644801845813E-04
 1.66934358436067831 0.104397720658431744E-03
 1.67970789272411225 0.180972341166891262E-03
 1.68967463901601378 0.260933302943953808E-03
 1.69926669018716225 0.344666269319647133E-03
 1.70850552144921330 0.432515294151708323E-03
 1.71741128706292590 0.523956467427333502E-03
 1.72600289253504613 0.618191124774990176E-03
 1.73429806670776010 0.715617157491614357E-03
 1.74231343262087046 0.818143105302778667E-03
 1.75006457634046853 0.927630637401810078E-03
 1.75756611319403389 0.104399272998062119E-02
 1.76483175104333068 0.116512531470405506E-02
 1.77187435037395891 0.128856029838054272E-02
 1.77870598109268663 0.141277589940398685E-02
 1.78533797600803945 0.153706556120375079E-02
 1.79178098103187544 0.166068874828392723E-02
 1.79804500218465790 0.178252401073013310E-02
 1.80413944951857586 0.190140461359227029E-02
 1.81007317809370161 0.201648825280683654E-02
 1.81585452615539622 0.212725575151749731E-02
 1.82149135066809720 0.223329447545093018E-02
 1.82699106036302394 0.233411170648332002E-02
 1.83236064645632557 0.242899449269244746E-02
 1.83760671119080277 0.251691465677303383E-02
 1.84273549434916872 0.259653931870894306E-02
 1.84775289788055153 0.266636327440396975E-02
 1.85266450877491584 0.272488640490345813E-02
 1.85747562031265345 0.277072646838166575E-02
 1.86219125180903466 0.280265451300520116E-02
 1.86681616696562358 0.281962666858328161E-02
 1.87135489093338148 0.282083288836741013E-02
 1.87581172618498160 0.280571354035593669E-02
 1.88019076728701307 0.277392031385192755E-02
 1.88449591465621991 0.272525058108462727E-02
 1.88873088737776040 0.265960595788178886E-02
 1.89289923515769809 0.257701564102091668E-02
 1.89700434947652008 0.247772770719295078E-02
 1.90104947400545554 0.236233185813154202E-02
 1.90503771434267399 0.223185374325983715E-02
 1.90897204712212631 0.208777069163289470E-02
 1.91285532854377616 0.193195003249562727E-02
 1.91669030237027949 0.176655680196691461E-02
 1.92047960743175627 0.159397580427398712E-02
 1.92422578467718930 0.141676413918387107E-02
 1.92793128380807799 0.123762417395564101E-02
 1.93159846952735892 0.105937438291481430E-02
 1.93522962743418447 0.884906883823488111E-03
 1.93882696959291567 0.717135819451792268E-03
 1.94239263980269250 0.558945661798197118E-03
 1.94592871859206573 0.413131296403393595E-03
 1.94943722796150132 0.282326296603626595E-03
 1.95292013589503810 0.168897218919914551E-03
 1.95637936066096141 0.748114389911307994E-04
 1.95981677492010453 0.144912680643837223E-05
 1.96323420965923723 -0.506066502137188278E-04
 1.96663345796595213 -0.818487158235914482E-04
 1.97001627866054196 -0.940674838576908040E-04
 1.97338439979950486 -0.905225717304468109E-04
 1.97673952206458536 -0.757897069794638247E-04
 1.98008332205058002 -0.552982508388916548E-04
 1.98341745546455717 -0.344452505751568759E-04
 1.98674356024864895 -0.174658980620129146E-04
 1.99006325963809938 -0.653186797582952696E-05
 1.99337816516593191 -0.144616821531778667E-05
 1.99668987962525279 -0.640016308202476090E-07
 2.00000000000000000 0.000000000000000000E+00
