 0.000000000000000000E+00 0.650982998218773517E-12
 0.331012037474653908E-02 -0.500774606259274936E-05
 0.662183483406764140E-02 -0.251637882744843927E-04
 0.993674036189995391E-02 -0.694179049191445848E-04
 0.132564397513503796E-01 -0.146172728152931122E-03
 0.165825445354421674E-01 -0.260762781467022977E-03
 0.199166779494195367E-01 -0.414656629190538384E-03
 0.232604779354139701E-01 -0.605966096927239555E-03
 0.266156002004946934E-01 -0.830568470046891012E-03
 0.299837213394578139E-01 -0.108329968686746267E-02
 0.333665420340474306E-01 -0.135867320497305016E-02
 0.367657903407623277E-01 -0.165135775534770062E-02
 0.401832250798948021E-01 -0.195632623163353525E-02
 0.436206393390379255E-01 -0.226892446036811371E-02
 0.470798641049612332E-01 -0.258486836317760272E-02
 0.505627720384980162E-01 -0.290025700682967165E-02
 0.540712814079338244E-01 -0.321158735444456670E-02
 0.576073601973068339E-01 -0.351577575514981904E-02
 0.611730304070843278E-01 -0.381016980447816808E-02
 0.647703725658153040E-01 -0.409254459394921190E-02
 0.684015304726404150E-01 -0.436107819464380455E-02
 0.720687161919215669E-01 -0.461430959622236014E-02
 0.757742153228102566E-01 -0.485108708810789817E-02
 0.795203925682432811E-01 -0.507051786790460070E-02
 0.833096976297200698E-01 -0.527192748480840613E-02
 0.871446714562231772E-01 -0.545483170168309991E-02
 0.910279528778730196E-01 -0.561891733289001608E-02
 0.949622856573255625E-01 -0.576402649006964307E-02
 0.989505259945437921E-01 -0.589013964511680196E-02
 0.102995650523479032 -0.599735494536406469E-02
 0.107100764842301466 -0.608586233878349436E-02
 0.111269112622239152 -0.615590988575690553E-02
 0.115504085343779872 -0.620776046516886924E-02
 0.119809232712986491 -0.624164899459357658E-02
 0.124188273815017958 -0.625776769307722844E-02
 0.128645109066618080 -0.625630451880624695E-02
 0.133183833034376198 -0.623752492425645906E-02
 0.137808748190964669 -0.620184537240023922E-02
 0.142524379687345881 -0.614984375932042457E-02
 0.147335491225083715 -0.608219862026683229E-02
 0.152247102119448030 -0.599960275387353449E-02
 0.157264505650831055 -0.590270899386616168E-02
 0.162393288809196790 -0.579212807012205195E-02
 0.167639353543674208 -0.566844937636829145E-02
 0.173008939636976056 -0.553225204943106393E-02
 0.178508649331902358 -0.538411354936139952E-02
 0.184145473844603558 -0.522464153007060061E-02
 0.189926821906297949 -0.505452800563237301E-02
 0.195860550481423701 -0.487460383766210020E-02
 0.201954997815341208 -0.468587136382391141E-02
 0.208219018968124114 -0.448948289681193324E-02
 0.214662023991960105 -0.428667675655366488E-02
 0.221294018907312928 -0.407876626950421598E-02
 0.228125649626040428 -0.386717659603124167E-02
 0.235168248956668435 -0.365340538664739962E-02
 0.242433886805965670 -0.343893353244805822E-02
 0.249935423659531031 -0.322515443821744588E-02
 0.257686567379129317 -0.301330963294670420E-02
 0.265701933292239012 -0.280445631500294027E-02
 0.273997107464953427 -0.259947527953986951E-02
 0.282588712937073439 -0.239914646366624733E-02
 0.291494478550786251 -0.220431625638799851E-02
 0.300733309812837080 -0.201610438070546271E-02
 0.310325360983985554 -0.183589187686332878E-02
 0.320292107275886861 -0.166494809504225756E-02
 0.330656415639321244 -0.150398905405675696E-02
 0.341442612131250378 -0.135299925785771838E-02
 0.352676543231464024 -0.121150219752903950E-02
 0.364385627720396954 -0.107914043685489939E-02
 0.376598894804481832 -0.955849350895087661E-03
 0.389347003060644958 -0.841830676666664875E-03
 0.402662233446409612 -0.737656088182772119E-03
 0.416578448072201457 -0.643797356928759649E-03
 0.431131004656285288 -0.559817256871698063E-03
 0.446356614599918045 -0.484791138543966542E-03
 0.462293130484153547 -0.417807517153974287E-03
 0.478979246603053799 -0.358237805667215796E-03
 0.496454094083784270 -0.305611945367705192E-03
 0.514756710468977419 -0.259019842531479352E-03
 0.533925362737154074 -0.217625786011883175E-03
 0.553996703141117930 -0.181320859333052937E-03
 0.575004739633996342 -0.149711417601918801E-03
 0.596979607850977034 -0.121794818030232128E-03
 0.619946140532487755 -0.977670749687215799E-04
 0.643922243792862670 -0.785169178659400645E-04
 0.668917108408850769 -0.635330563045031636E-04
 0.694929308450184635 -0.512395666783662683E-04
 0.721944868322298650 -0.406621739217622914E-04
 0.749935410556105575 -0.316881252397445179E-04
 0.778856526762241597 -0.242400500435270903E-04
 0.808646537709191593 -0.182567556458763693E-04
 0.839225818902016085 -0.134427463596812281E-04
 0.870496858588253319 -0.101326317401844369E-04
 0.902345180596794139 -0.803628372974500972E-05
 0.934641203204055193 -0.654086030599493065E-05
 0.967243021066621855 -0.548322003665258692E-05
 0.999999999999999556 -0.509395015650506784E-05
 1.03275697893337726 -0.538126156368080872E-05
 1.06535879679594414 -0.610873068284786280E-05
 1.09765481940320497 -0.727432740309978339E-05
 1.12950314141174601 -0.955819639474612387E-05
 1.16077418109798303 -0.132823315393208832E-04
 1.19135346229080774 -0.181080226825801219E-04
 1.22114347323775752 -0.236602479516792764E-04
 1.25006458944389376 -0.298955876502653369E-04
 1.27805513167770046 -0.375509488668130821E-04
 1.30507069154981448 -0.480154516848266467E-04
 1.33108289159114879 -0.621323469874450506E-04
 1.35607775620713666 -0.795503010118979388E-04
 1.38005385946751158 -0.998321144802658049E-04
 1.40302039214902230 -0.123438126283495020E-03
 1.42499526036600321 -0.151239520638127994E-03
 1.44600329685888140 -0.183214271783788412E-03
 1.46607463726284548 -0.219378978476166600E-03
 1.48524328953102192 -0.260999740863361422E-03
 1.50354590591621529 -0.309339006167681655E-03
 1.52102075339694554 -0.365137716606080598E-03
 1.53770686951584601 -0.428454093608889887E-03
 1.55364338540008129 -0.499030596553637351E-03
 1.56886899534371382 -0.576854975638934784E-03
 1.58342155192779788 -0.662590438815953637E-03
 1.59733776655359017 -0.756844122625337408E-03
 1.61065299693935415 -0.859883185368234848E-03
 1.62340110519551772 -0.972044807327108085E-03
 1.63561437227960260 -0.109354928049193098E-02
 1.64732345676853553 -0.122436745271268187E-02
 1.65855738786874918 -0.136424361441317291E-02
 1.66934358436067831 -0.151281937922960246E-02
 1.67970789272411225 -0.167013200613018464E-02
 1.68967463901601378 -0.183663262747362898E-02
 1.69926669018716225 -0.201235816792993266E-02
 1.70850552144921330 -0.219667250762313037E-02
 1.71741128706292590 -0.238853233275948844E-02
 1.72600289253504613 -0.258668690828715809E-02
 1.73429806670776010 -0.278991433471379672E-02
 1.74231343262087046 -0.299714793270729847E-02
 1.75006457634046853 -0.320743056253282007E-02
 1.75756611319403389 -0.341981415261425432E-02
 1.76483175104333068 -0.363328955264807622E-02
 1.77187435037395891 -0.384675369245563933E-02
 1.77870598109268663 -0.405894415107356521E-02
 1.78533797600803945 -0.426839475226033042E-02
 1.79178098103187544 -0.447350686197216761E-02
 1.79804500218465790 -0.467268603054795881E-02
 1.80413944951857586 -0.486446258807684759E-02
 1.81007317809370161 -0.504755707985966862E-02
 1.81585452615539622 -0.522088411513141424E-02
 1.82149135066809720 -0.538352392206654755E-02
 1.82699106036302394 -0.553468720727631844E-02
 1.83236064645632557 -0.567367104260724578E-02
 1.83760671119080277 -0.579982634229793750E-02
 1.84273549434916872 -0.591255360314348836E-02
 1.84775289788055153 -0.601129292317195956E-02
 1.85266450877491584 -0.609549739339946845E-02
 1.85747562031265345 -0.616462414408000276E-02
 1.86219125180903466 -0.621814849741150408E-02
 1.86681616696562358 -0.625557933057455020E-02
 1.87135489093338148 -0.627646390416188808E-02
 1.87581172618498160 -0.628038166978318706E-02
 1.88019076728701307 -0.626693802619437534E-02
 1.88449591465621991 -0.623576947881806544E-02
 1.88873088737776040 -0.618655746710873068E-02
 1.89289923515769809 -0.611903674245069251E-02
 1.89700434947652008 -0.603298942998995672E-02
 1.90104947400545554 -0.592823190121300608E-02
 1.90503771434267399 -0.580460820799992994E-02
 1.90897204712212631 -0.566199801030445576E-02
 1.91285532854377616 -0.550033797371491436E-02
 1.91669030237027949 -0.531965180437359453E-02
 1.92047960743175627 -0.512008756909379005E-02
 1.92422578467718930 -0.490196374521771443E-02
 1.92793128380807799 -0.466582230169694002E-02
 1.93159846952735892 -0.441248254544128124E-02
 1.93522962743418447 -0.414308935723507309E-02
 1.93882696959291567 -0.385915306185752750E-02
 1.94239263980269250 -0.356258065472242653E-02
 1.94592871859206573 -0.325569698492709581E-02
 1.94943722796150132 -0.294125379923819907E-02
 1.95292013589503810 -0.262242567608931068E-02
 1.95637936066096141 -0.230279744260493413E-02
 1.95981677492010453 -0.198634665010035674E-02
 1.96323420965923723 -0.167743407644262155E-02
 1.96663345796595213 -0.138079309793502419E-02
 1.97001627866054196 -0.110153174307519447E-02
 1.97338439979950486 -0.845063805496673332E-03
 1.97673952206458536 -0.616966488706083998E-03
 1.98008332205058002 -0.422508766453022076E-03
 1.98341745546455717 -0.265928976125069086E-03
 1.98674356024864895 -0.149214758928120866E-03
 1.99006325963809938 -0.709438726462426354E-04
 1.99337816516593191 -0.257504391930412142E-04
 1.99668987962525279 -0.513070347705399207E-05
 2.00000000000000000 0.681986577729069120E-12
