 0.000000000000000000E+00 29.4072197184116000
 0.331012037474653908E-02 33.1227022690774007
 0.662183483406764140E-02 33.2252761703214787
 0.993674036189995391E-02 35.5200514028668906
 0.132564397513503796E-01 37.1559806792643741
 0.165825445354421674E-01 41.5695390609145221
 0.199166779494195367E-01 45.7259242800713821
 0.232604779354139701E-01 51.0366047561407470
 0.266156002004946934E-01 56.1352671714136804
 0.299837213394578139E-01 61.3950776846045230
 0.333665420340474306E-01 66.3026226197468844
 0.367657903407623277E-01 70.9871358884389281
 0.401832250798948021E-01 75.2538909616155962
 0.436206393390379255E-01 79.1547928169113959
 0.470798641049612332E-01 82.6088862022892982
 0.505627720384980162E-01 85.6357524613882930
 0.540712814079338244E-01 88.2083048181528824
 0.576073601973068339E-01 90.3427885279223801
 0.611730304070843278E-01 92.0452756907307190
 0.647703725658153040E-01 93.3389999562983661
 0.684015304726404150E-01 94.2479228423758286
 0.720687161919215669E-01 94.8005551981722618
 0.757742153228102566E-01 95.0274879933966332
 0.795203925682432811E-01 94.9587846280675336
 0.833096976297200698E-01 94.6256998570381995
 0.871446714562231772E-01 94.0569714777297747
 0.910279528778730196E-01 93.2804514757349637
 0.949622856573255625E-01 92.3200767686127932
 0.989505259945437921E-01 91.1975375937328465
 0.102995650523479032 89.9312976351594244
 0.107100764842301466 88.5385466261171388
 0.111269112622239152 87.0351240549222638
 0.115504085343779872 85.4363143815828323
 0.119809232712986491 83.7557430003763699
 0.124188273815017958 82.0049736799542899
 0.128645109066618080 80.1932647850216682
 0.133183833034376198 78.3282012230530853
 0.137808748190964669 76.4163093118795729
 0.142524379687345881 74.4637859709309424
 0.147335491225083715 72.4763797180923035
 0.152247102119448030 70.4588253171134511
 0.157264505650831055 68.4146948686902334
 0.162393288809196790 66.3466327883152331
 0.167639353543674208 64.2567079140373920
 0.173008939636976056 62.1474779067082963
 0.178508649331902358 60.0229014320402499
 0.184145473844603558 57.8876824380602457
 0.189926821906297949 55.7455745160594205
 0.195860550481423701 53.5989858560662427
 0.201954997815341208 51.4509127230638583
 0.208219018968124114 49.3065547414594860
 0.214662023991960105 47.1716270797487951
 0.221294018907312928 45.0501277795175028
 0.228125649626040428 42.9440434618367490
 0.235168248956668435 40.8561017559904869
 0.242433886805965670 38.7910370355009704
 0.249935423659531031 36.7536916818177701
 0.257686567379129317 34.7478617786561159
 0.265701933292239012 32.7778792193735242
 0.273997107464953427 30.8489133488500933
 0.282588712937073439 28.9648566933445828
 0.291494478550786251 27.1272991550952653
 0.300733309812837080 25.3383844930889595
 0.310325360983985554 23.6022219500929786
 0.320292107275886861 21.9213736279530771
 0.330656415639321244 20.2982806001022382
 0.341442612131250378 18.7392558744319935
 0.352676543231464024 17.2492196034725858
 0.364385627720396954 15.8289920869739760
 0.376598894804481832 14.4783164815744136
 0.389347003060644958 13.1988118366383951
 0.402662233446409612 11.9896056877169883
 0.416578448072201457 10.8497475592063370
 0.431131004656285288 9.78291165440842470
 0.446356614599918045 8.79043827551776857
 0.462293130484153547 7.86878446385007635
 0.478979246603053799 7.01560109775586049
 0.496454094083784270 6.23369656878261580
 0.514756710468977419 5.51337803439793195
 0.533925362737154074 4.85205346939739801
 0.553996703141117930 4.25207263582938300
 0.575004739633996342 3.70911465672941754
 0.596979607850977034 3.21521628643057555
 0.619946140532487755 2.77526270325547175
 0.643922243792862670 2.38302483731022274
 0.668917108408850769 2.02833277181855332
 0.694929308450184635 1.71571730293800417
 0.721944868322298650 1.43936351298753173
 0.749935410556105575 1.19458833804020359
 0.778856526762241597 0.980380676564511777
 0.808646537709191593 0.791664377312361500
 0.839225818902016085 0.624830277099629128
 0.870496858588253319 0.477628424818761665
 0.902345180596794139 0.343525316919110035
 0.934641203204055193 0.222149998947988286
 0.967243021066621855 0.109987191116051944
 0.999999999999999556 0.162177254949974589E-02
 1.03275697893337726 -0.107419719615719500
 1.06535879679594414 -0.219209678192468171
 1.09765481940320497 -0.339525113754919283
 1.12950314141174601 -0.471750797912952824
 1.16077418109798303 -0.617543005594204830
 1.19135346229080774 -0.780826169662508063
 1.22114347323775752 -0.965756167810007837
 1.25006458944389376 -1.17853810109258128
 1.27805513167770046 -1.42351532341813947
 1.30507069154981448 -1.70105868266121707
 1.33108289159114879 -2.01589352443017988
 1.35607775620713666 -2.36758853724966301
 1.38005385946751158 -2.76011444241095294
 1.40302039214902230 -3.19791394048558431
 1.42499526036600321 -3.68790193097743657
 1.44600329685888140 -4.23214809471883413
 1.46607463726284548 -4.83153387456900152
 1.48524328953102192 -5.49038757937288402
 1.50354590591621529 -6.21070616262992203
 1.52102075339694554 -6.99676551984866446
 1.53770686951584601 -7.85248777323936586
 1.55364338540008129 -8.77754889297289687
 1.56886899534371382 -9.77500465277599950
 1.58342155192779788 -10.8433847361663513
 1.59733776655359017 -11.9806072603857441
 1.61065299693935415 -13.1909345745708233
 1.62340110519551772 -14.4766625946990715
 1.63561437227960260 -15.8329721626764144
 1.64732345676853553 -17.2562542313047587
 1.65855738786874918 -18.7480258741812129
 1.66934358436067831 -20.3066753025581583
 1.67970789272411225 -21.9288375568400511
 1.68967463901601378 -23.6124101945341600
 1.69926669018716225 -25.3540861400417263
 1.70850552144921330 -27.1504163475334295
 1.71741128706292590 -28.9976251204792703
 1.72600289253504613 -30.8923269433032885
 1.73429806670776010 -32.8301849749795949
 1.74231343262087046 -34.8070801894177180
 1.75006457634046853 -36.8191558097602751
 1.75756611319403389 -38.8626147513213382
 1.76483175104333068 -40.9347037330432286
 1.77187435037395891 -43.0339942063066232
 1.77870598109268663 -45.1574951089681846
 1.78533797600803945 -47.2982668226605085
 1.79178098103187544 -49.4482694918963475
 1.79804500218465790 -51.6032306156444562
 1.80413944951857586 -53.7616948618906321
 1.81007317809370161 -55.9213515638742535
 1.81585452615539622 -58.0785945026583903
 1.82149135066809720 -60.2295955454898859
 1.82699106036302394 -62.3711542378585690
 1.83236064645632557 -64.5004196518864887
 1.83760671119080277 -66.6134096818676511
 1.84273549434916872 -68.7051481380452032
 1.84775289788055153 -70.7714907296451656
 1.85266450877491584 -72.8092325103803262
 1.85747562031265345 -74.8149583955884907
 1.86219125180903466 -76.7849782519839010
 1.86681616696562358 -78.7151998962272046
 1.87135489093338148 -80.6001766027409303
 1.87581172618498160 -82.4324860522963263
 1.88019076728701307 -84.2027880780490960
 1.88449591465621991 -85.9007105951755818
 1.88873088737776040 -87.5152698502708262
 1.89289923515769809 -89.0350502612353694
 1.89700434947652008 -90.4471787969676484
 1.90104947400545554 -91.7367839483414258
 1.90503771434267399 -92.8858201171643998
 1.90897204712212631 -93.8739020399781623
 1.91285532854377616 -94.6773214835573924
 1.91669030237027949 -95.2709193999098147
 1.92047960743175627 -95.6266166804764737
 1.92422578467718930 -95.7159742732510210
 1.92793128380807799 -95.5077761638499396
 1.93159846952735892 -94.9716587688906060
 1.93522962743418447 -94.0763992230961605
 1.93882696959291567 -92.7928191437618182
 1.94239263980269250 -91.0961739492705789
 1.94592871859206573 -88.9628088802843990
 1.94943722796150132 -86.3866396507070817
 1.95292013589503810 -83.3516880830581925
 1.95637936066096141 -79.8851447827121746
 1.95981677492010453 -75.9664597844470251
 1.96323420965923723 -71.6757526238553453
 1.96663345796595213 -66.9588151577621602
 1.97001627866054196 -62.0116720806384834
 1.97338439979950486 -56.7036413707432629
 1.97673952206458536 -51.5558524768211939
 1.98008332205058002 -46.1902724252542427
 1.98341745546455717 -41.9929887069135575
 1.98674356024864895 -37.5299853295573769
 1.99006325963809938 -35.8851261487460604
 1.99337816516593191 -33.5582852603577848
 1.99668987962525279 -33.4588048486915923
 2.00000000000000000 -29.7077064546769520
