 0.000000000000000000E+00 -0.000000000000000000E+00
 0.331012037474653908E-02 -0.663102973164580934E-05
 0.662183483406764140E-02 -0.801236275988806391E-04
 0.993674036189995391E-02 -0.306785861974057355E-03
 0.132564397513503796E-01 -0.749355995271503935E-03
 0.165825445354421674E-01 -0.139068621169978197E-02
 0.199166779494195367E-01 -0.213587672657786134E-02
 0.232604779354139701E-01 -0.284793753867077035E-02
 0.266156002004946934E-01 -0.339926961198386453E-02
 0.299837213394578139E-01 -0.370715154289871004E-02
 0.333665420340474306E-01 -0.374652745555851445E-02
 0.367657903407623277E-01 -0.354339360648701180E-02
 0.401832250798948021E-01 -0.315749895447411683E-02
 0.436206393390379255E-01 -0.266297769520031915E-02
 0.470798641049612332E-01 -0.213206615355239970E-02
 0.505627720384980162E-01 -0.162451309800243967E-02
 0.540712814079338244E-01 -0.118264051889730728E-02
 0.576073601973068339E-01 -0.830910026820274651E-03
 0.611730304070843278E-01 -0.578343155573160842E-03
 0.647703725658153040E-01 -0.422323646855528724E-03
 0.684015304726404150E-01 -0.352634916173385799E-03
 0.720687161919215669E-01 -0.355010231100708670E-03
 0.757742153228102566E-01 -0.413899479012184209E-03
 0.795203925682432811E-01 -0.514454350518802695E-03
 0.833096976297200698E-01 -0.643840473917039308E-03
 0.871446714562231772E-01 -0.792001918676086235E-03
 0.910279528778730196E-01 -0.952009671646046260E-03
 0.949622856573255625E-01 -0.112006804622493241E-02
 0.989505259945437921E-01 -0.129518277529279370E-02
 0.102995650523479032 -0.147855981631126549E-02
 0.107100764842301466 -0.167296391513448552E-02
 0.111269112622239152 -0.188225279495105361E-02
 0.115504085343779872 -0.211107857908501796E-02
 0.119809232712986491 -0.236467519769433584E-02
 0.124188273815017958 -0.264877515267717203E-02
 0.128645109066618080 -0.296958190203024065E-02
 0.133183833034376198 -0.333346298796308171E-02
 0.137808748190964669 -0.374614374603537102E-02
 0.142524379687345881 -0.421157056506848287E-02
 0.147335491225083715 -0.473094124663204097E-02
 0.152247102119448030 -0.530240768104344937E-02
 0.157264505650831055 -0.592151437653538806E-02
 0.162393288809196790 -0.658197388747747223E-02
 0.167639353543674208 -0.727638439622970735E-02
 0.173008939636976056 -0.799683588715772130E-02
 0.178508649331902358 -0.873531270708130178E-02
 0.184145473844603558 -0.948382679045510837E-02
 0.189926821906297949 -0.102345779074200297E-01
 0.195860550481423701 -0.109801455411921624E-01
 0.201954997815341208 -0.117132380994774358E-01
 0.208219018968124114 -0.124257462181637749E-01
 0.214662023991960105 -0.131081683032948006E-01
 0.221294018907312928 -0.137508738846927013E-01
 0.228125649626040428 -0.143464437929369370E-01
 0.235168248956668435 -0.148906896427595508E-01
 0.242433886805965670 -0.153817809062581877E-01
 0.249935423659531031 -0.158194668091827424E-01
 0.257686567379129317 -0.162044104189856299E-01
 0.265701933292239012 -0.165372394257529490E-01
 0.273997107464953427 -0.168179836615270778E-01
 0.282588712937073439 -0.170444422051932026E-01
 0.291494478550786251 -0.172105223386412806E-01
 0.300733309812837080 -0.173085371836692384E-01
 0.310325360983985554 -0.173338821166945656E-01
 0.320292107275886861 -0.172843966571758975E-01
 0.330656415639321244 -0.171576290908004650E-01
 0.341442612131250378 -0.169549525850755077E-01
 0.352676543231464024 -0.166854693929596523E-01
 0.364385627720396954 -0.163597816697984323E-01
 0.376598894804481832 -0.159817502092882389E-01
 0.389347003060644958 -0.155533207459066514E-01
 0.402662233446409612 -0.150822830412037107E-01
 0.416578448072201457 -0.145762572489524303E-01
 0.431131004656285288 -0.140404008426340023E-01
 0.446356614599918045 -0.134852285388920457E-01
 0.462293130484153547 -0.129187648940422579E-01
 0.478979246603053799 -0.123353945484906170E-01
 0.496454094083784270 -0.117297161757201462E-01
 0.514756710468977419 -0.111033381719830362E-01
 0.533925362737154074 -0.104543932544743073E-01
 0.553996703141117930 -0.979622485566221043E-02
 0.575004739633996342 -0.915413061807383334E-02
 0.596979607850977034 -0.853139195119401866E-02
 0.619946140532487755 -0.793112601545995465E-02
 0.643922243792862670 -0.736003216034859103E-02
 0.668917108408850769 -0.681832786911806127E-02
 0.694929308450184635 -0.632065216989910732E-02
 0.721944868322298650 -0.588089067841858840E-02
 0.749935410556105575 -0.549453695095044811E-02
 0.778856526762241597 -0.515788400806156677E-02
 0.808646537709191593 -0.488431114898761273E-02
 0.839225818902016085 -0.467448012353595573E-02
 0.870496858588253319 -0.450896225879147440E-02
 0.902345180596794139 -0.437825705494244814E-02
 0.934641203204055193 -0.429064046854827925E-02
 0.967243021066621855 -0.424319547890399107E-02
 0.999999999999999556 -0.423391890021113972E-02
 1.03275697893337726 -0.426540132643395565E-02
 1.06535879679594414 -0.432612530855939689E-02
 1.09765481940320497 -0.441578318462311319E-02
 1.12950314141174601 -0.455482750594702907E-02
 1.16077418109798303 -0.474603860232323659E-02
 1.19135346229080774 -0.497957797553530163E-02
 1.22114347323775752 -0.524741367525339945E-02
 1.25006458944389376 -0.556344570845175839E-02
 1.27805513167770046 -0.593170867806999593E-02
 1.30507069154981448 -0.634241743899923924E-02
 1.33108289159114879 -0.680253839169143743E-02
 1.35607775620713666 -0.732093503800806348E-02
 1.38005385946751158 -0.787799483278714581E-02
 1.40302039214902230 -0.845813096392346656E-02
 1.42499526036600321 -0.906950289211891011E-02
 1.44600329685888140 -0.970293858204667944E-02
 1.46607463726284548 -0.103342906106106015E-01
 1.48524328953102192 -0.109663584839239225E-01
 1.50354590591621529 -0.116050059521261122E-01
 1.52102075339694554 -0.122444906690769174E-01
 1.53770686951584601 -0.128776233878254796E-01
 1.55364338540008129 -0.134995539576842731E-01
 1.56886899534371382 -0.140990732620674252E-01
 1.58342155192779788 -0.146656627832792395E-01
 1.59733776655359017 -0.151916300653873182E-01
 1.61065299693935415 -0.156694760021049428E-01
 1.62340110519551772 -0.160923296030993333E-01
 1.63561437227960260 -0.164602936369292255E-01
 1.64732345676853553 -0.167745129850479235E-01
 1.65855738786874918 -0.170306202323453094E-01
 1.66934358436067831 -0.172236931106007733E-01
 1.67970789272411225 -0.173515147451697924E-01
 1.68967463901601378 -0.174138237446999043E-01
 1.69926669018716225 -0.174107508625015901E-01
 1.70850552144921330 -0.173432894927932485E-01
 1.71741128706292590 -0.172102157245573352E-01
 1.72600289253504613 -0.170058249526737829E-01
 1.73429806670776010 -0.167239528858957910E-01
 1.74231343262087046 -0.163634631899484996E-01
 1.75006457634046853 -0.159301798611632683E-01
 1.75756611319403389 -0.154331737599971899E-01
 1.76483175104333068 -0.148810970600888135E-01
 1.77187435037395891 -0.142822769882383037E-01
 1.77870598109268663 -0.136450112969661429E-01
 1.78533797600803945 -0.129761689508021087E-01
 1.79178098103187544 -0.122803652106825995E-01
 1.79804500218465790 -0.115612469398288144E-01
 1.80413944951857586 -0.108233867319052473E-01
 1.81007317809370161 -0.100732512080243201E-01
 1.81585452615539622 -0.931922672020352692E-02
 1.82149135066809720 -0.857109626190313834E-02
 1.82699106036302394 -0.783914785618460182E-02
 1.83236064645632557 -0.713302551628789989E-02
 1.83760671119080277 -0.646064965435099326E-02
 1.84273549434916872 -0.582782932994752208E-02
 1.84775289788055153 -0.523849978605854614E-02
 1.85266450877491584 -0.469479037363997390E-02
 1.85747562031265345 -0.419679012833898846E-02
 1.86219125180903466 -0.374260355660289284E-02
 1.86681616696562358 -0.332897911871883915E-02
 1.87135489093338148 -0.295237289867106463E-02
 1.87581172618498160 -0.260996842424966041E-02
 1.88019076728701307 -0.230004878328388595E-02
 1.88449591465621991 -0.202153145529568356E-02
 1.88873088737776040 -0.177300226843943266E-02
 1.89289923515769809 -0.155188923241039766E-02
 1.89700434947652008 -0.135429250926909304E-02
 1.90104947400545554 -0.117553883547382885E-02
 1.90503771434267399 -0.101119579638738366E-02
 1.90897204712212631 -0.858195885119624152E-03
 1.91285532854377616 -0.715776674697386284E-03
 1.91669030237027949 -0.586143082231273672E-03
 1.92047960743175627 -0.474890170916185124E-03
 1.92422578467718930 -0.391145166165515561E-03
 1.92793128380807799 -0.347300320687078494E-03
 1.93159846952735892 -0.358201415628217872E-03
 1.93522962743418447 -0.439665704375361910E-03
 1.93882696959291567 -0.606237619486774517E-03
 1.94239263980269250 -0.868183750432255418E-03
 1.94592871859206573 -0.122787148335625233E-02
 1.94943722796150132 -0.167587270877959590E-02
 1.95292013589503810 -0.218742632179066716E-02
 1.95637936066096141 -0.272026453202112118E-02
 1.95981677492010453 -0.321513209147115302E-02
 1.96323420965923723 -0.360053265643094610E-02
 1.96663345796595213 -0.380285817320401244E-02
 1.97001627866054196 -0.376218314295457667E-02
 1.97338439979950486 -0.345150972734561317E-02
 1.97673952206458536 -0.289459304959681796E-02
 1.98008332205058002 -0.217357999062078562E-02
 1.98341745546455717 -0.141707924300415642E-02
 1.98674356024864895 -0.764538283312240900E-03
 1.99006325963809938 -0.313385749214882743E-03
 1.99337816516593191 -0.819525282295241990E-04
 1.99668987962525279 -0.678833973704317446E-05
 2.00000000000000000 0.000000000000000000E+00
