 0.000000000000000000E+00 -0.000000000000000000E+00
 0.331012037474653908E-02 -0.425727064747789580E-04
 0.662183483406764140E-02 -0.181075941240646483E-03
 0.993674036189995391E-02 -0.276222383922826323E-03
 0.132564397513503796E-01 -0.188808387081498878E-03
 0.165825445354421674E-01 0.171093763869053768E-03
 0.199166779494195367E-01 0.807559854069722508E-03
 0.232604779354139701E-01 0.162005205391066204E-02
 0.266156002004946934E-01 0.246506323083644239E-02
 0.299837213394578139E-01 0.319395256875914212E-02
 0.333665420340474306E-01 0.369341600230498838E-02
 0.367657903407623277E-01 0.390557174174825487E-02
 0.401832250798948021E-01 0.382409643926484620E-02
 0.436206393390379255E-01 0.348580192627708993E-02
 0.470798641049612332E-01 0.295209206281057566E-02
 0.505627720384980162E-01 0.229456243251258867E-02
 0.540712814079338244E-01 0.158186474772659146E-02
 0.576073601973068339E-01 0.871910839598534840E-03
 0.611730304070843278E-01 0.207466558673417948E-03
 0.647703725658153040E-01 -0.384761119548397885E-03
 0.684015304726404150E-01 -0.892675139150633074E-03
 0.720687161919215669E-01 -0.131589327195064782E-02
 0.757742153228102566E-01 -0.166258822026753988E-02
 0.795203925682432811E-01 -0.194655116772249163E-02
 0.833096976297200698E-01 -0.218448096268188162E-02
 0.871446714562231772E-01 -0.239366462630870433E-02
 0.910279528778730196E-01 -0.259029554142009176E-02
 0.949622856573255625E-01 -0.278818977221117776E-02
 0.989505259945437921E-01 -0.299774102535520530E-02
 0.102995650523479032 -0.322543078464061468E-02
 0.107100764842301466 -0.347406428597696803E-02
 0.111269112622239152 -0.374331409317079375E-02
 0.115504085343779872 -0.403050026746726471E-02
 0.119809232712986491 -0.433182912247146671E-02
 0.124188273815017958 -0.464326450246251889E-02
 0.128645109066618080 -0.496053141696972330E-02
 0.133183833034376198 -0.527905670525184983E-02
 0.137808748190964669 -0.559416406173729279E-02
 0.142524379687345881 -0.590142578818959526E-02
 0.147335491225083715 -0.619705436796932907E-02
 0.152247102119448030 -0.647785666048712565E-02
 0.157264505650831055 -0.674026158789256015E-02
 0.162393288809196790 -0.697891956521332849E-02
 0.167639353543674208 -0.718683063874441929E-02
 0.173008939636976056 -0.735773964793462205E-02
 0.178508649331902358 -0.748881038940643531E-02
 0.184145473844603558 -0.758059727464484995E-02
 0.189926821906297949 -0.763400728511254897E-02
 0.195860550481423701 -0.764796908609866998E-02
 0.201954997815341208 -0.762018001984463445E-02
 0.208219018968124114 -0.755030837921071268E-02
 0.214662023991960105 -0.744276661228578541E-02
 0.221294018907312928 -0.730480633748840924E-02
 0.228125649626040428 -0.714059852279245143E-02
 0.235168248956668435 -0.694925038127129895E-02
 0.242433886805965670 -0.672934301247963499E-02
 0.249935423659531031 -0.648129501215072984E-02
 0.257686567379129317 -0.620820124862266325E-02
 0.265701933292239012 -0.591548127651393522E-02
 0.273997107464953427 -0.560869874316519135E-02
 0.282588712937073439 -0.529076664374959586E-02
 0.291494478550786251 -0.496535958900731506E-02
 0.300733309812837080 -0.463929641136385205E-02
 0.310325360983985554 -0.431224005206923711E-02
 0.320292107275886861 -0.397286648048087495E-02
 0.330656415639321244 -0.362023630355656290E-02
 0.341442612131250378 -0.327476113889831836E-02
 0.352676543231464024 -0.295242891255268185E-02
 0.364385627720396954 -0.264646575200092396E-02
 0.376598894804481832 -0.235073241379295944E-02
 0.389347003060644958 -0.207400668191774166E-02
 0.402662233446409612 -0.181546779607174137E-02
 0.416578448072201457 -0.157115496726296347E-02
 0.431131004656285288 -0.134672394132711063E-02
 0.446356614599918045 -0.113219447287885564E-02
 0.462293130484153547 -0.914308565102377180E-03
 0.478979246603053799 -0.704001050551540490E-03
 0.496454094083784270 -0.527907353296454469E-03
 0.514756710468977419 -0.382451674919148145E-03
 0.533925362737154074 -0.259364236087413066E-03
 0.553996703141117930 -0.168729921613249397E-03
 0.575004739633996342 -0.850276768222400152E-04
 0.596979607850977034 0.145645271335773784E-04
 0.619946140532487755 0.102795198355053148E-03
 0.643922243792862670 0.163003867327433856E-03
 0.668917108408850769 0.198143460387115953E-03
 0.694929308450184635 0.226265027964833617E-03
 0.721944868322298650 0.252767926782126561E-03
 0.749935410556105575 0.267655997365619453E-03
 0.778856526762241597 0.275825966555320640E-03
 0.808646537709191593 0.274073265106266370E-03
 0.839225818902016085 0.253918795567773773E-03
 0.870496858588253319 0.226352225237274013E-03
 0.902345180596794139 0.188808501435405973E-03
 0.934641203204055193 0.134556260964794673E-03
 0.967243021066621855 0.692018280720271302E-04
 0.999999999999999556 0.255625407221729342E-05
 1.03275697893337726 -0.631017762642371800E-04
 1.06535879679594414 -0.126019132418076179E-03
 1.09765481940320497 -0.180025839224581726E-03
 1.12950314141174601 -0.221250710212439678E-03
 1.16077418109798303 -0.256309884055465852E-03
 1.19135346229080774 -0.281729333674208909E-03
 1.22114347323775752 -0.288198513899115734E-03
 1.25006458944389376 -0.279639444006664318E-03
 1.27805513167770046 -0.260852263488460219E-03
 1.30507069154981448 -0.229897807505466314E-03
 1.33108289159114879 -0.193870592681716543E-03
 1.35607775620713666 -0.154296173999857330E-03
 1.38005385946751158 -0.924406770261083959E-04
 1.40302039214902230 -0.121665548038572102E-04
 1.42499526036600321 0.715312175133089900E-04
 1.44600329685888140 0.170482677047077106E-03
 1.46607463726284548 0.288460310784199305E-03
 1.48524328953102192 0.430871909010875620E-03
 1.50354590591621529 0.592387056882657755E-03
 1.52102075339694554 0.756852214028620155E-03
 1.53770686951584601 0.932476719007275818E-03
 1.55364338540008129 0.112951894145329047E-02
 1.56886899534371382 0.135229450827482520E-02
 1.58342155192779788 0.159834806217328744E-02
 1.59733776655359017 0.186708729413531367E-02
 1.61065299693935415 0.215674982083744219E-02
 1.62340110519551772 0.246234724359076272E-02
 1.63561437227960260 0.277044310704321244E-02
 1.64732345676853553 0.307038253113536743E-02
 1.65855738786874918 0.337217363277023466E-02
 1.66934358436067831 0.368977285239962182E-02
 1.67970789272411225 0.402326752159653384E-02
 1.68967463901601378 0.436415124881617007E-02
 1.69926669018716225 0.470086337532041494E-02
 1.70850552144921330 0.502203453054626912E-02
 1.71741128706292590 0.532895294903216066E-02
 1.72600289253504613 0.563309546883389300E-02
 1.73429806670776010 0.593956461180537854E-02
 1.74231343262087046 0.623868044001518914E-02
 1.75006457634046853 0.651538927207300812E-02
 1.75756611319403389 0.676445489804031186E-02
 1.76483175104333068 0.698799963844051221E-02
 1.77187435037395891 0.718570871707973746E-02
 1.77870598109268663 0.735342751324882631E-02
 1.78533797600803945 0.748541695553876871E-02
 1.79178098103187544 0.757745848092036562E-02
 1.79804500218465790 0.763051559338166329E-02
 1.80413944951857586 0.764989331278489743E-02
 1.81007317809370161 0.763961375991430592E-02
 1.81585452615539622 0.759915609113000299E-02
 1.82149135066809720 0.752483797299952160E-02
 1.82699106036302394 0.741251858403102395E-02
 1.83236064645632557 0.725937755758885011E-02
 1.83760671119080277 0.706476809211374276E-02
 1.84273549434916872 0.683073573836624932E-02
 1.84775289788055153 0.656215443109191970E-02
 1.85266450877491584 0.626597801876353777E-02
 1.85747562031265345 0.595009842923115585E-02
 1.86219125180903466 0.562270069636965856E-02
 1.86681616696562358 0.529204379969110995E-02
 1.87135489093338148 0.496597761815982790E-02
 1.87581172618498160 0.465121133375357571E-02
 1.88019076728701307 0.435266490277598506E-02
 1.88449591465621991 0.407313762426703488E-02
 1.88873088737776040 0.381354927759424214E-02
 1.89289923515769809 0.357352699142298065E-02
 1.89700434947652008 0.335186449864769299E-02
 1.90104947400545554 0.314635802710354221E-02
 1.90503771434267399 0.295279584279624320E-02
 1.90897204712212631 0.276394878717216384E-02
 1.91285532854377616 0.256946675650833282E-02
 1.91669030237027949 0.235620887544573049E-02
 1.92047960743175627 0.210867569001916633E-02
 1.92422578467718930 0.181006680334103057E-02
 1.92793128380807799 0.144418474099458562E-02
 1.93159846952735892 0.997942150654810818E-03
 1.93522962743418447 0.464285024775591454E-03
 1.93882696959291567 -0.154662646581203283E-03
 1.94239263980269250 -0.844627818348091361E-03
 1.94592871859206573 -0.157683433246056000E-02
 1.94943722796150132 -0.230699791093705916E-02
 1.95292013589503810 -0.297640090123608200E-02
 1.95637936066096141 -0.351635908536039512E-02
 1.95981677492010453 -0.385601196126009182E-02
 1.96323420965923723 -0.393531850155718829E-02
 1.96663345796595213 -0.371897809028690161E-02
 1.97001627866054196 -0.321443206057512665E-02
 1.97338439979950486 -0.247993460545114369E-02
 1.97673952206458536 -0.162881659814456746E-02
 1.98008332205058002 -0.810007161043938993E-03
 1.98341745546455717 -0.168022643733868252E-03
 1.98674356024864895 0.194906789768283331E-03
 1.99006325963809938 0.282273574157029035E-03
 1.99337816516593191 0.184738998313441915E-03
 1.99668987962525279 0.434170013229642410E-04
 2.00000000000000000 0.000000000000000000E+00
