 0.000000000000000000E+00 -0.244634066281808935E-12
 0.331012037474653908E-02 0.962856993601524396E-07
 0.662183483406764140E-02 0.263406940228768152E-04
 0.993674036189995391E-02 0.125387362830780663E-03
 0.132564397513506016E-01 0.348675183594306754E-03
 0.165825445354421674E-01 0.739359481994828903E-03
 0.199166779494195367E-01 0.131762501676798978E-02
 0.232604779354139701E-01 0.207271179801368256E-02
 0.266156002004951375E-01 0.296337283426963269E-02
 0.299837213394578139E-01 0.392480168400668843E-02
 0.333665420340474306E-01 0.487846776068070857E-02
 0.367657903407625497E-01 0.574200797097972580E-02
 0.401832250798950241E-01 0.643766513383445087E-02
 0.436206393390381475E-01 0.689847229196055654E-02
 0.470798641049610112E-01 0.707210950901824859E-02
 0.505627720384977941E-01 0.692262393079631517E-02
 0.540712814079340465E-01 0.643044950001873256E-02
 0.576073601973068339E-01 0.559118659949025924E-02
 0.611730304070841058E-01 0.441360331459155625E-02
 0.647703725658153040E-01 0.291725354354948176E-02
 0.684015304726404150E-01 0.113002542249666374E-02
 0.720687161919215669E-01 -0.914174637847515819E-03
 0.757742153228098125E-01 -0.317748438801268617E-02
 0.795203925682432811E-01 -0.561983674463909996E-02
 0.833096976297200698E-01 -0.820038821483083484E-02
 0.871446714562229552E-01 -0.108786581913106958E-01
 0.910279528778730196E-01 -0.136154315782372037E-01
 0.949622856573255625E-01 -0.163734599213065692E-01
 0.989505259945437921E-01 -0.191179744826378215E-01
 0.102995650523479032 -0.218170236808256021E-01
 0.107100764842301688 -0.244416454760234859E-01
 0.111269112622238708 -0.269658837312224640E-01
 0.115504085343779872 -0.293666877058348964E-01
 0.119809232712986713 -0.316237627563634924E-01
 0.124188273815018180 -0.337194255577170296E-01
 0.128645109066618080 -0.356384949516937999E-01
 0.133183833034375976 -0.373682279110692031E-01
 0.137808748190964891 -0.388982730086191025E-01
 0.142524379687345437 -0.402206050285907057E-01
 0.147335491225083715 -0.413294259081454160E-01
 0.152247102119448030 -0.422210469641144739E-01
 0.157264505650830833 -0.428937988581732585E-01
 0.162393288809196790 -0.433479964972909235E-01
 0.167639353543673986 -0.435858991271779392E-01
 0.173008939636976056 -0.436115660065893238E-01
 0.178508649331902358 -0.434306112437634687E-01
 0.184145473844603558 -0.430499331766418455E-01
 0.189926821906297949 -0.424774812437052965E-01
 0.195860550481423701 -0.417221724415165474E-01
 0.201954997815341208 -0.407940203702694404E-01
 0.208219018968123892 -0.397044008553165684E-01
 0.214662023991960105 -0.384663225552734217E-01
 0.221294018907312928 -0.370945053113803450E-01
 0.228125649626040428 -0.356050457786025801E-01
 0.235168248956668657 -0.340146962016062496E-01
 0.242433886805965448 -0.323401627477594572E-01
 0.249935423659531253 -0.305978858444780136E-01
 0.257686567379129539 -0.288043410216672763E-01
 0.265701933292239012 -0.269763389619503864E-01
 0.273997107464953427 -0.251310284458148639E-01
 0.282588712937073661 -0.232855763998278224E-01
 0.291494478550786251 -0.214564046676140041E-01
 0.300733309812837302 -0.196585460321403310E-01
 0.310325360983985998 -0.179052576066803318E-01
 0.320292107275887084 -0.162081847129417582E-01
 0.330656415639321022 -0.145780603635547248E-01
 0.341442612131250156 -0.130242099146428442E-01
 0.352676543231464024 -0.115534065695326992E-01
 0.364385627720396954 -0.101698469369278215E-01
 0.376598894804481832 -0.887652169626421475E-02
 0.389347003060644958 -0.767679567798019210E-02
 0.402662233446409612 -0.657453639137151220E-02
 0.416578448072201457 -0.557277639267769655E-02
 0.431131004656285288 -0.467227234159678893E-02
 0.446356614599918045 -0.387023269175831505E-02
 0.462293130484153547 -0.316169622077938075E-02
 0.478979246603053799 -0.254175986377171668E-02
 0.496454094083784270 -0.200576624140436652E-02
 0.514756710468977419 -0.154757206312244313E-02
 0.533925362737153852 -0.115940428695933059E-02
 0.553996703141117930 -0.833530395767762065E-03
 0.575004739633996120 -0.564233070553652252E-03
 0.596979607850977034 -0.347093055440076933E-03
 0.619946140532487755 -0.176394883293078917E-03
 0.643922243792862670 -0.462033666048664843E-04
 0.668917108408850547 0.492631396723822678E-04
 0.694929308450184635 0.116426269125279516E-03
 0.721944868322298650 0.162379755750787728E-03
 0.749935410556105575 0.192971902443204616E-03
 0.778856526762241597 0.211772632413849171E-03
 0.808646537709191593 0.222118775036311920E-03
 0.839225818902016085 0.226320866952230750E-03
 0.870496858588253319 0.226473752451305025E-03
 0.902345180596794139 0.224741270860296278E-03
 0.934641203204055193 0.222859717649096997E-03
 0.967243021066621855 0.221778643199752333E-03
 0.999999999999999556 0.222374376946536521E-03
 1.03275697893337726 0.225453637268369122E-03
 1.06535879679594414 0.230800352862870541E-03
 1.09765481940320497 0.236906905345065380E-03
 1.12950314141174601 0.241762491376835075E-03
 1.16077418109798325 0.243401927036975230E-03
 1.19135346229080774 0.239970964195880494E-03
 1.22114347323775752 0.228492041189469350E-03
 1.25006458944389376 0.206243582947030055E-03
 1.27805513167770068 0.170535247367619775E-03
 1.30507069154981470 0.117253890836937987E-03
 1.33108289159114879 0.414490687155022849E-04
 1.35607775620713644 -0.623496082740528535E-04
 1.38005385946751158 -0.200291832692774824E-03
 1.40302039214902230 -0.378024703800791597E-03
 1.42499526036600299 -0.599899799874883000E-03
 1.44600329685888118 -0.870231877861181490E-03
 1.46607463726284526 -0.119576457987047042E-02
 1.48524328953102192 -0.158559655995327634E-02
 1.50354590591621506 -0.204886285393937693E-02
 1.52102075339694531 -0.259308475881663090E-02
 1.53770686951584601 -0.322394500043646053E-02
 1.55364338540008129 -0.394652589225289764E-02
 1.56886899534371382 -0.476475299356739820E-02
 1.58342155192779788 -0.568058490801745183E-02
 1.59733776655359017 -0.669512169062614314E-02
 1.61065299693935415 -0.780877661825104836E-02
 1.62340110519551750 -0.902138643446369348E-02
 1.63561437227960260 -0.103320863217931033E-01
 1.64732345676853553 -0.117385051850510611E-01
 1.65855738786874918 -0.132360355310183007E-01
 1.66934358436067853 -0.148177231598114172E-01
 1.67970789272411247 -0.164740383433593617E-01
 1.68967463901601400 -0.181934406838255083E-01
 1.69926669018716248 -0.199640862060185345E-01
 1.70850552144921330 -0.217741730558523999E-01
 1.71741128706292590 -0.236105989158199026E-01
 1.72600289253504613 -0.254584104578459910E-01
 1.73429806670776032 -0.273015507874747494E-01
 1.74231343262087002 -0.291235889060899589E-01
 1.75006457634046853 -0.309078021037221262E-01
 1.75756611319403411 -0.326372423490412511E-01
 1.76483175104333090 -0.342950658597817176E-01
 1.77187435037395868 -0.358647643527913590E-01
 1.77870598109268663 -0.373302148253671917E-01
 1.78533797600803945 -0.386758481690119629E-01
 1.79178098103187544 -0.398868484107730500E-01
 1.79804500218465790 -0.409491965537602809E-01
 1.80413944951857586 -0.418497266786414801E-01
 1.81007317809370161 -0.425763501605574621E-01
 1.81585452615539600 -0.431183758446162663E-01
 1.82149135066809720 -0.434667662799576929E-01
 1.82699106036302350 -0.436142090304792521E-01
 1.83236064645632535 -0.435550270577865564E-01
 1.83760671119080277 -0.432850498996417699E-01
 1.84273549434916850 -0.428015647744535641E-01
 1.84775289788055153 -0.421033772277119925E-01
 1.85266450877491584 -0.411909125627646366E-01
 1.85747562031265367 -0.400662952753459978E-01
 1.86219125180903466 -0.387334206757752736E-01
 1.86681616696562358 -0.371980730351534963E-01
 1.87135489093338148 -0.354680999947409037E-01
 1.87581172618498138 -0.335535805449326124E-01
 1.88019076728701284 -0.314669193417678669E-01
 1.88449591465621968 -0.292228769213808692E-01
 1.88873088737776040 -0.268386076410577143E-01
 1.89289923515769787 -0.243337518318052712E-01
 1.89700434947652008 -0.217305700140582661E-01
 1.90104947400545554 -0.190540808798559114E-01
 1.90503771434267422 -0.163321648230930275E-01
 1.90897204712212654 -0.135956011079824812E-01
 1.91285532854377660 -0.108780014480993233E-01
 1.91669030237027949 -0.821559409126761120E-02
 1.92047960743175627 -0.564682432143888587E-02
 1.92422578467718974 -0.321174522554139828E-02
 1.92793128380807777 -0.951154715984882881E-03
 1.93159846952735892 0.109457795034406170E-02
 1.93522962743418470 0.288703247677891787E-02
 1.93882696959291567 0.439159658189039979E-02
 1.94239263980269272 0.557961149889384111E-02
 1.94592871859206551 0.643072105048488052E-02
 1.94943722796150132 0.693530757319089138E-02
 1.95292013589503810 0.709684195490885728E-02
 1.95637936066096163 0.693388309041654671E-02
 1.95981677492010453 0.648136472374936674E-02
 1.96323420965923701 0.579071013827357674E-02
 1.96663345796595213 0.492829391337594024E-02
 1.97001627866054196 0.397177252633857010E-02
 1.97338439979950442 0.300402832287843249E-02
 1.97673952206458559 0.210472135423970738E-02
 1.98008332205058002 0.134019675289249497E-02
 1.98341745546455739 0.753277135869457617E-03
 1.98674356024864895 0.355905537389303143E-03
 1.99006325963809938 0.128368476179035399E-03
 1.99337816516593191 0.272100121481757034E-04
 1.99668987962525302 0.222158967048379938E-06
 2.00000000000000000 -0.259083812631604943E-12
