 0.000000000000000000E+00 -0.274573252581259662E-01
 0.331012037474653908E-02 -0.266320879021011876E-01
 0.662183483406764140E-02 -0.278561942982871388E-01
 0.993674036189995391E-02 -0.320853902051276493E-01
 0.132564397513506016E-01 -0.391714155590683830E-01
 0.165825445354421674E-01 -0.487678479370116519E-01
 0.199166779494195367E-01 -0.599039975073815747E-01
 0.232604779354139701E-01 -0.712996729767728377E-01
 0.266156002004951375E-01 -0.816620117539322704E-01
 0.299837213394578139E-01 -0.899863785617660839E-01
 0.333665420340474306E-01 -0.957327408229416144E-01
 0.367657903407625497E-01 -0.988461826851120134E-01
 0.401832250798950241E-01 -0.996686209175416116E-01
 0.436206393390381475E-01 -0.987978555969123151E-01
 0.470798641049610112E-01 -0.969394947182123934E-01
 0.505627720384977941E-01 -0.947853902516673924E-01
 0.540712814079340465E-01 -0.929286872538114678E-01
 0.576073601973068339E-01 -0.918176911616208208E-01
 0.611730304070841058E-01 -0.917410748519397468E-01
 0.647703725658153040E-01 -0.928363238147282277E-01
 0.684015304726404150E-01 -0.951124047103705378E-01
 0.720687161919215669E-01 -0.984791263087455987E-01
 0.757742153228098125E-01 -0.102777329097826609
 0.795203925682432811E-01 -0.107806339783939442
 0.833096976297200698E-01 -0.113346900203478582
 0.871446714562229552E-01 -0.119178950761011426
 0.910279528778730196E-01 -0.125094391155887608
 0.949622856573255625E-01 -0.130905502233456872
 0.989505259945437921E-01 -0.136449839019367497
 0.102995650523479032 -0.141592111101300683
 0.107100764842301688 -0.146223731969904652
 0.111269112622238708 -0.150261224861432674
 0.115504085343779872 -0.153644251947821664
 0.119809232712986713 -0.156333302572223193
 0.124188273815018180 -0.158307146440843455
 0.128645109066618080 -0.159560256361687997
 0.133183833034375976 -0.160100194557104641
 0.137808748190964891 -0.159944829576518927
 0.142524379687345437 -0.159119479793135898
 0.147335491225083715 -0.157654896812900791
 0.152247102119448030 -0.155586495991185431
 0.157264505650830833 -0.152953773460188319
 0.162393288809196790 -0.149799226580571848
 0.167639353543673986 -0.146167331758773639
 0.173008939636976056 -0.142104587988915509
 0.178508649331902358 -0.137660005727596596
 0.184145473844603558 -0.132884571180896333
 0.189926821906297949 -0.127830034479463311
 0.195860550481423701 -0.122547172152170231
 0.201954997815341208 -0.117084000020426585
 0.208219018968123892 -0.111485819018283347
 0.214662023991960105 -0.105796418349969848
 0.221294018907312928 -0.100057776102269902
 0.228125649626040428 -0.943082626229967691E-01
 0.235168248956668657 -0.885822470642364940E-01
 0.242433886805965448 -0.829130060770548183E-01
 0.249935423659531253 -0.773353869871732241E-01
 0.257686567379129539 -0.718810715932291650E-01
 0.265701933292239012 -0.665714254127258570E-01
 0.273997107464953427 -0.614203576297369797E-01
 0.282588712937073661 -0.564442324903893025E-01
 0.291494478550786251 -0.516663375334950395E-01
 0.300733309812837302 -0.471090175520544885E-01
 0.310325360983985998 -0.427840493673061900E-01
 0.320292107275887084 -0.386954633746454668E-01
 0.330656415639321022 -0.348461918961331246E-01
 0.341442612131250156 -0.312429627588495795E-01
 0.352676543231464024 -0.278953867103012842E-01
 0.364385627720396954 -0.248069547677974636E-01
 0.376598894804481832 -0.219682536570274221E-01
 0.389347003060644958 -0.193592514542604080E-01
 0.402662233446409612 -0.169627046147173693E-01
 0.416578448072201457 -0.147684033735250748E-01
 0.431131004656285288 -0.127753947710082510E-01
 0.446356614599918045 -0.109875259322880867E-01
 0.462293130484153547 -0.939955967036545763E-02
 0.478979246603053799 -0.799933133790563591E-02
 0.496454094083784270 -0.677073423018240660E-02
 0.514756710468977419 -0.569640283137016253E-02
 0.533925362737153852 -0.476466109877608356E-02
 0.553996703141117930 -0.396897457260965338E-02
 0.575004739633996120 -0.327417350522866404E-02
 0.596979607850977034 -0.266008451274471090E-02
 0.619946140532487755 -0.213149007424583018E-02
 0.643922243792862670 -0.168114562019314293E-02
 0.668917108408850547 -0.129839592669567347E-02
 0.694929308450184635 -0.985646640441490383E-03
 0.721944868322298650 -0.730662405932194195E-03
 0.749935410556105575 -0.515055536606219360E-03
 0.778856526762241597 -0.331557187578775765E-03
 0.808646537709191593 -0.175288166941237723E-03
 0.839225818902016085 -0.440664412000771249E-04
 0.870496858588253319 0.587328461218059470E-04
 0.902345180596794139 0.133179790172302650E-03
 0.934641203204055193 0.181838672247326981E-03
 0.967243021066621855 0.209548859235473320E-03
 0.999999999999999556 0.216935692236191866E-03
 1.03275697893337726 0.206741962104228295E-03
 1.06535879679594414 0.173895434859682851E-03
 1.09765481940320497 0.116297291328753888E-03
 1.12950314141174601 0.434059839421556867E-04
 1.16077418109798325 -0.461826906630483111E-04
 1.19135346229080774 -0.166702953378342680E-03
 1.22114347323775752 -0.318594310524121071E-03
 1.25006458944389376 -0.502751012864185911E-03
 1.27805513167770068 -0.723774307073629924E-03
 1.30507069154981470 -0.984654472736343081E-03
 1.33108289159114879 -0.129553061797862208E-02
 1.35607775620713644 -0.166719830993429649E-02
 1.38005385946751158 -0.210754287171668756E-02
 1.40302039214902230 -0.262990589055393711E-02
 1.42499526036600299 -0.324593362883202324E-02
 1.44600329685888118 -0.396482838091494552E-02
 1.46607463726284526 -0.479050119708321429E-02
 1.48524328953102192 -0.574809904149630336E-02
 1.50354590591621506 -0.685327453653256178E-02
 1.52102075339694531 -0.811321620176559677E-02
 1.53770686951584601 -0.953864848715812313E-02
 1.55364338540008129 -0.111445099318955992E-01
 1.56886899534371382 -0.129446306840769205E-01
 1.58342155192779788 -0.149409438418569452E-01
 1.59733776655359017 -0.171392397007135468E-01
 1.61065299693935415 -0.195542275824841238E-01
 1.62340110519551750 -0.221973204724202101E-01
 1.63561437227960260 -0.250797034033508059E-01
 1.64732345676853553 -0.282073612706556613E-01
 1.65855738786874918 -0.315822948586281932E-01
 1.66934358436067853 -0.352049255461737431E-01
 1.67970789272411247 -0.390716494290799660E-01
 1.68967463901601400 -0.431768779730876892E-01
 1.69926669018716248 -0.475150094606894974E-01
 1.70850552144921330 -0.520750084111605144E-01
 1.71741128706292590 -0.568417576353274709E-01
 1.72600289253504613 -0.617994304599874811E-01
 1.73429806670776032 -0.669314224295628479E-01
 1.74231343262087002 -0.722206211926447045E-01
 1.75006457634046853 -0.776487319652214569E-01
 1.75756611319403411 -0.831949223370772040E-01
 1.76483175104333090 -0.888334062721501394E-01
 1.77187435037395868 -0.945304760818553580E-01
 1.77870598109268663 -0.100246546836225539
 1.78533797600803945 -0.105940703811611206
 1.79178098103187544 -0.111572754572529645
 1.79804500218465790 -0.117101236146229137
 1.80413944951857586 -0.122481599788322099
 1.81007317809370161 -0.127667825176107252
 1.81585452615539600 -0.132614497355794780
 1.82149135066809720 -0.137276841837709829
 1.82699106036302350 -0.141609622416749542
 1.83236064645632535 -0.145566340234690728
 1.83760671119080277 -0.149100087645747559
 1.84273549434916850 -0.152165091814009196
 1.84775289788055153 -0.154717169869549698
 1.85266450877491584 -0.156713506922008555
 1.85747562031265367 -0.158112925373334434
 1.86219125180903466 -0.158877224104463172
 1.86681616696562358 -0.158973477539827990
 1.87135489093338148 -0.158376355417390008
 1.87581172618498138 -0.157069810168880358
 1.88019076728701284 -0.155048529641644617
 1.88449591465621968 -0.152319800907264546
 1.88873088737776040 -0.148905923198402290
 1.89289923515769787 -0.144846929382152545
 1.89700434947652008 -0.140203428994911672
 1.90104947400545554 -0.135059427298450135
 1.90503771434267422 -0.129524720382635655
 1.90897204712212654 -0.123736206417272496
 1.91285532854377660 -0.117857475352144456
 1.91669030237027949 -0.112076227261278805
 1.92047960743175627 -0.106599016213218489
 1.92422578467718974 -0.101642640931644587
 1.92793128380807777 -0.974216437376205086E-01
 1.93159846952735892 -0.941314837001783339E-01
 1.93522962743418470 -0.919270228003000178E-01
 1.93882696959291567 -0.908965050044056866E-01
 1.94239263980269272 -0.910323706024613322E-01
 1.94592871859206551 -0.922020870792185226E-01
 1.94943722796150132 -0.941246669279040965E-01
 1.95292013589503810 -0.963604410067536443E-01
 1.95637936066096163 -0.983233993766544495E-01
 1.95981677492010453 -0.993245981277292994E-01
 1.96323420965923701 -0.986546371937348926E-01
 1.96663345796595213 -0.957038596878833497E-01
 1.97001627866054196 -0.901113002631613036E-01
 1.97338439979950442 -0.819094041641391657E-01
 1.97673952206458559 -0.716187239423504152E-01
 1.98008332205058002 -0.602349714484788634E-01
 1.98341745546455739 -0.490577436722734461E-01
 1.98674356024864895 -0.393891888111497571E-01
 1.99006325963809938 -0.322276274729363793E-01
 1.99337816516593191 -0.279399394591320280E-01
 1.99668987962525302 -0.266899253121943916E-01
 2.00000000000000000 -0.275197540021743826E-01
