 0.000000000000000000E+00 0.000000000000000000E+00
 0.331012037474653908E-02 0.787312064019650395E-09
 0.662183483406764140E-02 0.205963703051846045E-07
 0.993674036189995391E-02 0.108160933486587109E-06
 0.132564397513506016E-01 0.335297669090535970E-06
 0.165825445354421674E-01 0.763430173128557836E-06
 0.199166779494195367E-01 0.141294571341242497E-05
 0.232604779354139701E-01 0.223125230693405131E-05
 0.266156002004951375E-01 0.308336044302591388E-05
 0.299837213394578139E-01 0.376019008113158226E-05
 0.333665420340474306E-01 0.400105323696384884E-05
 0.367657903407625497E-01 0.352242878522262658E-05
 0.401832250798950241E-01 0.204474357515343989E-05
 0.436206393390381475E-01 -0.684879080605407932E-06
 0.470798641049610112E-01 -0.487704755518641912E-05
 0.505627720384977941E-01 -0.106905336768349841E-04
 0.540712814079340465E-01 -0.182286343081357766E-04
 0.576073601973068339E-01 -0.275398490985273917E-04
 0.611730304070841058E-01 -0.386220411150751071E-04
 0.647703725658153040E-01 -0.514290398849967252E-04
 0.684015304726404150E-01 -0.658788397531222860E-04
 0.720687161919215669E-01 -0.818622993531652860E-04
 0.757742153228098125E-01 -0.992512402509832675E-04
 0.795203925682432811E-01 -0.117905209793818470E-03
 0.833096976297200698E-01 -0.137676750974418462E-03
 0.871446714562229552E-01 -0.158415361029001854E-03
 0.910279528778730196E-01 -0.179970312872319686E-03
 0.949622856573255625E-01 -0.202192522690568282E-03
 0.989505259945437921E-01 -0.224935853763588608E-03
 0.102995650523479032 -0.248058423901615689E-03
 0.107100764842301688 -0.271424278716317477E-03
 0.111269112622238708 -0.294905143759665396E-03
 0.115504085343779872 -0.318381427018839735E-03
 0.119809232712986713 -0.341741993119166121E-03
 0.124188273815018180 -0.364883094976582950E-03
 0.128645109066618080 -0.387706888995510539E-03
 0.133183833034375976 -0.410119318278725446E-03
 0.137808748190964891 -0.432027443891034148E-03
 0.142524379687345437 -0.453337527462591182E-03
 0.147335491225083715 -0.473955053322870016E-03
 0.152247102119448030 -0.493785739994588883E-03
 0.157264505650830833 -0.512735882508883953E-03
 0.162393288809196790 -0.530712666696871128E-03
 0.167639353543673986 -0.547625677868894306E-03
 0.173008939636976056 -0.563388694273844639E-03
 0.178508649331902358 -0.577921003994786501E-03
 0.184145473844603558 -0.591148320183007927E-03
 0.189926821906297949 -0.603001815804209270E-03
 0.195860550481423701 -0.613415032313592633E-03
 0.201954997815341208 -0.622322474729785236E-03
 0.208219018968123892 -0.629662058892315737E-03
 0.214662023991960105 -0.635379225649713693E-03
 0.221294018907312928 -0.639431679261886631E-03
 0.228125649626040428 -0.641793335411727892E-03
 0.235168248956668657 -0.642452712576624505E-03
 0.242433886805965448 -0.641404153179165790E-03
 0.249935423659531253 -0.638641320342645110E-03
 0.257686567379129539 -0.634166145862828570E-03
 0.265701933292239012 -0.628002196126654314E-03
 0.273997107464953427 -0.620190659806962494E-03
 0.282588712937073661 -0.610781239879099676E-03
 0.291494478550786251 -0.599839729062648158E-03
 0.300733309812837302 -0.587458701035532805E-03
 0.310325360983985998 -0.573751089388453510E-03
 0.320292107275887084 -0.558832664766328348E-03
 0.330656415639321022 -0.542815697053998709E-03
 0.341442612131250156 -0.525819769050736574E-03
 0.352676543231464024 -0.507979093828352731E-03
 0.364385627720396954 -0.489435413750574362E-03
 0.376598894804481832 -0.470328943041149294E-03
 0.389347003060644958 -0.450792725360575522E-03
 0.402662233446409612 -0.430957150842087235E-03
 0.416578448072201457 -0.410953117429589307E-03
 0.431131004656285288 -0.390934238783306178E-03
 0.446356614599918045 -0.371083122542953945E-03
 0.462293130484153547 -0.351559715267654499E-03
 0.478979246603053799 -0.332476861138020002E-03
 0.496454094083784270 -0.313906895856345622E-03
 0.514756710468977419 -0.295888611294850741E-03
 0.533925362737153852 -0.278435786194673220E-03
 0.553996703141117930 -0.261572547747871917E-03
 0.575004739633996120 -0.245364373154842235E-03
 0.596979607850977034 -0.229849642480642623E-03
 0.619946140532487755 -0.214931624188027863E-03
 0.643922243792862670 -0.200553977917303602E-03
 0.668917108408850547 -0.186811696769760023E-03
 0.694929308450184635 -0.173900414725760568E-03
 0.721944868322298650 -0.161923075974425035E-03
 0.749935410556105575 -0.150866916404113416E-03
 0.778856526762241597 -0.140797417481988799E-03
 0.808646537709191593 -0.131848099810130811E-03
 0.839225818902016085 -0.124169449337054201E-03
 0.870496858588253319 -0.117829678438689437E-03
 0.902345180596794139 -0.112824598492480919E-03
 0.934641203204055193 -0.109187792932747847E-03
 0.967243021066621855 -0.106969499340639514E-03
 0.999999999999999556 -0.106205793977744151E-03
 1.03275697893337726 -0.106924988537261185E-03
 1.06535879679594414 -0.109205215686144491E-03
 1.09765481940320497 -0.113037151057898797E-03
 1.12950314141174601 -0.118324265496147949E-03
 1.16077418109798325 -0.124980862443867745E-03
 1.19135346229080774 -0.132886862770649223E-03
 1.22114347323775752 -0.141936699177455195E-03
 1.25006458944389376 -0.152050095399923837E-03
 1.27805513167770068 -0.163172329244103012E-03
 1.30507069154981470 -0.175225790175959512E-03
 1.33108289159114879 -0.188100293438240034E-03
 1.35607775620713644 -0.201750058843590399E-03
 1.38005385946751158 -0.216189470300997487E-03
 1.40302039214902230 -0.231358056360000356E-03
 1.42499526036600299 -0.247139176088890112E-03
 1.44600329685888118 -0.263463086393627896E-03
 1.46607463726284526 -0.280317961486959257E-03
 1.48524328953102192 -0.297741263409599438E-03
 1.50354590591621506 -0.315775873201597148E-03
 1.52102075339694531 -0.334400817338333675E-03
 1.53770686951584601 -0.353532852225871134E-03
 1.55364338540008129 -0.373060946165488985E-03
 1.56886899534371382 -0.392861536336211654E-03
 1.58342155192779788 -0.412772155144761619E-03
 1.59733776655359017 -0.432631351397370239E-03
 1.61065299693935415 -0.452340943253838395E-03
 1.62340110519551750 -0.471820576948111213E-03
 1.63561437227960260 -0.490940792795043412E-03
 1.64732345676853553 -0.509512744357914658E-03
 1.65855738786874918 -0.527326512098598389E-03
 1.66934358436067853 -0.544203372927877429E-03
 1.67970789272411247 -0.560006469845706224E-03
 1.68967463901601400 -0.574622758976666673E-03
 1.69926669018716248 -0.587971843216014548E-03
 1.70850552144921330 -0.599999208676213502E-03
 1.71741128706292590 -0.610637160317896574E-03
 1.72600289253504613 -0.619798499878196850E-03
 1.73429806670776032 -0.627402056901517889E-03
 1.74231343262087002 -0.633391916236248080E-03
 1.75006457634046853 -0.637726579889934383E-03
 1.75756611319403411 -0.640361962265778768E-03
 1.76483175104333090 -0.641263121472585994E-03
 1.77187435037395868 -0.640423631214486811E-03
 1.77870598109268663 -0.637862825406455098E-03
 1.78533797600803945 -0.633609857338006833E-03
 1.79178098103187544 -0.627698829769816544E-03
 1.79804500218465790 -0.620175801709789637E-03
 1.80413944951857586 -0.611100948947940897E-03
 1.81007317809370161 -0.600541722182749375E-03
 1.81585452615539600 -0.588568148089578286E-03
 1.82149135066809720 -0.575254912779580522E-03
 1.82699106036302350 -0.560682663922962244E-03
 1.83236064645632535 -0.544934512570508455E-03
 1.83760671119080277 -0.528091384438513856E-03
 1.84273549434916850 -0.510230909575311200E-03
 1.84775289788055153 -0.491430597442372974E-03
 1.85266450877491584 -0.471771396071544492E-03
 1.85747562031265367 -0.451338081038064301E-03
 1.86219125180903466 -0.430217368842282554E-03
 1.86681616696562358 -0.408496820860627572E-03
 1.87135489093338148 -0.386265617933488614E-03
 1.87581172618498138 -0.363615955876441064E-03
 1.88019076728701284 -0.340643821820142819E-03
 1.88449591465621968 -0.317449071613078399E-03
 1.88873088737776040 -0.294135423750238026E-03
 1.89289923515769787 -0.270811022303338734E-03
 1.89700434947652008 -0.247589851042923244E-03
 1.90104947400545554 -0.224593646075688374E-03
 1.90503771434267422 -0.201953411919106432E-03
 1.90897204712212654 -0.179809669460586290E-03
 1.91285532854377660 -0.158311119912430391E-03
 1.91669030237027949 -0.137612009279760753E-03
 1.92047960743175627 -0.117868795495125667E-03
 1.92422578467718974 -0.992366513650193456E-04
 1.92793128380807777 -0.818659025133889229E-04
 1.93159846952735892 -0.658980266738266114E-04
 1.93522962743418470 -0.514607243982078465E-04
 1.93882696959291567 -0.386618149054669937E-04
 1.94239263980269272 -0.275820690325367750E-04
 1.94592871859206551 -0.182673690466842268E-04
 1.94943722796150132 -0.107208190794805161E-04
 1.95292013589503810 -0.489576367176110212E-05
 1.95637936066096163 -0.690917617044052364E-06
 1.95981677492010453 0.205083226236567964E-05
 1.96323420965923701 0.353889667224028409E-05
 1.96663345796595213 0.402525015300219990E-05
 1.97001627866054196 0.378873990701064494E-05
 1.97338439979950442 0.311239674305588277E-05
 1.97673952206458559 0.225695901290073793E-05
 1.98008332205058002 0.143243159001513274E-05
 1.98341745546455739 0.775644803457213596E-06
 1.98674356024864895 0.341289021254979737E-06
 1.99006325963809938 0.110233343914176368E-06
 1.99337816516593191 0.210048146587783945E-07
 1.99668987962525302 0.802865551940357544E-09
 2.00000000000000000 0.000000000000000000E+00
