 0.000000000000000000E+00 0.000000000000000000E+00
 0.331012037474653908E-02 0.412980644633008675E-06
 0.662183483406764140E-02 0.965116307998661257E-05
 0.993674036189995391E-02 0.391094045337614840E-04
 0.132564397513506016E-01 0.842403416875550469E-04
 0.165825445354421674E-01 0.138684397842233389E-03
 0.199166779494195367E-01 0.177397780277791824E-03
 0.232604779354139701E-01 0.181421151159683318E-03
 0.266156002004951375E-01 0.125328529808615670E-03
 0.299837213394578139E-01 -0.918417993791256413E-05
 0.333665420340474306E-01 -0.238471069641662284E-03
 0.367657903407625497E-01 -0.572914956927506958E-03
 0.401832250798950241E-01 -0.101897442376857141E-02
 0.436206393390381475E-01 -0.157889572637472499E-02
 0.470798641049610112E-01 -0.225183734429524598E-02
 0.505627720384977941E-01 -0.303439663266440434E-02
 0.540712814079340465E-01 -0.392129683987028996E-02
 0.576073601973068339E-01 -0.490584448325897312E-02
 0.611730304070841058E-01 -0.598031676152368900E-02
 0.647703725658153040E-01 -0.713623688524446867E-02
 0.684015304726404150E-01 -0.836458799428961390E-02
 0.720687161919215669E-01 -0.965597794433702659E-02
 0.757742153228098125E-01 -0.110007755115115371E-01
 0.795203925682432811E-01 -0.123892269902952361E-01
 0.833096976297200698E-01 -0.138115588705030115E-01
 0.871446714562229552E-01 -0.152580679888034716E-01
 0.910279528778730196E-01 -0.167191994927356410E-01
 0.949622856573255625E-01 -0.181856132858296271E-01
 0.989505259945437921E-01 -0.196482407488680413E-01
 0.102995650523479032 -0.210983340015527057E-01
 0.107100764842301688 -0.225275096292186436E-01
 0.111269112622238708 -0.239277884047222576E-01
 0.115504085343779872 -0.252916324445408500E-01
 0.119809232712986713 -0.266119804705683381E-01
 0.124188273815018180 -0.278822799996518815E-01
 0.128645109066618080 -0.290965138013057102E-01
 0.133183833034375976 -0.302492183551398355E-01
 0.137808748190964891 -0.313354941356424957E-01
 0.142524379687345437 -0.323510106204510164E-01
 0.147335491225083715 -0.332920112882957586E-01
 0.152247102119448030 -0.341553215862913234E-01
 0.157264505650830833 -0.349383535072634796E-01
 0.162393288809196790 -0.356390901932142901E-01
 0.167639353543673986 -0.362560361638692430E-01
 0.173008939636976056 -0.367881364618860077E-01
 0.178508649331902358 -0.372346846582775129E-01
 0.184145473844603558 -0.375952433514484749E-01
 0.189926821906297949 -0.378695940197623301E-01
 0.195860550481423701 -0.380577153630693790E-01
 0.201954997815341208 -0.381597746660045922E-01
 0.208219018968123892 -0.381761326418642716E-01
 0.214662023991960105 -0.381073804285691348E-01
 0.221294018907312928 -0.379543934783727055E-01
 0.228125649626040428 -0.377183625599887412E-01
 0.235168248956668657 -0.374008086547747282E-01
 0.242433886805965448 -0.370036045227476879E-01
 0.249935423659531253 -0.365289635384717926E-01
 0.257686567379129539 -0.359793481861841943E-01
 0.265701933292239012 -0.353573720987863244E-01
 0.273997107464953427 -0.346658607118984566E-01
 0.282588712937073661 -0.339080489586417247E-01
 0.291494478550786251 -0.330875961110995362E-01
 0.300733309812837302 -0.322082585336446667E-01
 0.310325360983985998 -0.312735974233702002E-01
 0.320292107275887084 -0.302870330579805384E-01
 0.330656415639321022 -0.292520587406683782E-01
 0.341442612131250156 -0.281726150499530571E-01
 0.352676543231464024 -0.270533330746934864E-01
 0.364385627720396954 -0.258989760338923826E-01
 0.376598894804481832 -0.247137588418092739E-01
 0.389347003060644958 -0.235017508339048983E-01
 0.402662233446409612 -0.222683896268326929E-01
 0.416578448072201457 -0.210216611210259086E-01
 0.431131004656285288 -0.197708101326260835E-01
 0.446356614599918045 -0.185240476638936259E-01
 0.462293130484153547 -0.172884123771533914E-01
 0.478979246603053799 -0.160690495848255510E-01
 0.496454094083784270 -0.148691518675026051E-01
 0.514756710468977419 -0.136923442136995897E-01
 0.533925362737153852 -0.125441605034498620E-01
 0.553996703141117930 -0.114304765081486518E-01
 0.575004739633996120 -0.103559257167516842E-01
 0.596979607850977034 -0.932503290617984690E-02
 0.619946140532487755 -0.834175451817828657E-02
 0.643922243792862670 -0.740841157333203913E-02
 0.668917108408850547 -0.652525751777405846E-02
 0.694929308450184635 -0.569195342690428235E-02
 0.721944868322298650 -0.490651842344526010E-02
 0.749935410556105575 -0.416873039666440688E-02
 0.778856526762241597 -0.348173674611249864E-02
 0.808646537709191593 -0.284721332814383190E-02
 0.839225818902016085 -0.226633144316057801E-02
 0.870496858588253319 -0.174014131896743337E-02
 0.902345180596794139 -0.126079678160177333E-02
 0.934641203204055193 -0.813383215185840055E-03
 0.967243021066621855 -0.386947875437295417E-03
 0.999999999999999556 0.256483611807295903E-04
 1.03275697893337726 0.433032856203755380E-03
 1.06535879679594414 0.847894594086916350E-03
 1.09765481940320497 0.128649934791399165E-02
 1.12950314141174601 0.176254527462020561E-02
 1.16077418109798325 0.228096202492704186E-02
 1.19135346229080774 0.284187770666526496E-02
 1.22114347323775752 0.345065094206009138E-02
 1.25006458944389376 0.411543550286859981E-02
 1.27805513167770068 0.483680575209277652E-02
 1.30507069154981470 0.561036694764956243E-02
 1.33108289159114879 0.643556451292727396E-02
 1.35607775620713644 0.731416522245380198E-02
 1.38005385946751158 0.824424920207312249E-02
 1.40302039214902230 0.922296483490406445E-02
 1.42499526036600299 0.102458495056655594E-01
 1.44600329685888118 0.113086407010350061E-01
 1.46607463726284526 0.124081531440829295E-01
 1.48524328953102192 0.135399824099224336E-01
 1.50354590591621506 0.147018416239081042E-01
 1.52102075339694531 0.158916025505012777E-01
 1.53770686951584601 0.171046770480096991E-01
 1.55364338540008129 0.183352867112051947E-01
 1.56886899534371382 0.195767198613627617E-01
 1.58342155192779788 0.208209074103349392E-01
 1.59733776655359017 0.220589355686518981E-01
 1.61065299693935415 0.232822711086870526E-01
 1.62340110519551750 0.244835686917480345E-01
 1.63561437227960260 0.256573473530800969E-01
 1.64732345676853553 0.267997128128114638E-01
 1.65855738786874918 0.279073440011316579E-01
 1.66934358436067853 0.289770796065195700E-01
 1.67970789272411247 0.300060023893502364E-01
 1.68967463901601400 0.309911059046699168E-01
 1.69926669018716248 0.319288319315492522E-01
 1.70850552144921330 0.328147739098961916E-01
 1.71741128706292590 0.336439336835627351E-01
 1.72600289253504613 0.344113230250421287E-01
 1.73429806670776032 0.351122225830422310E-01
 1.74231343262087002 0.357422461395467198E-01
 1.75006457634046853 0.362975947169416890E-01
 1.75756611319403411 0.367753599699642136E-01
 1.76483175104333090 0.371735637952318454E-01
 1.77187435037395868 0.374908868899768433E-01
 1.77870598109268663 0.377262787142414180E-01
 1.78533797600803945 0.378786962295964910E-01
 1.79178098103187544 0.379470628393776682E-01
 1.79804500218465790 0.379303540072645773E-01
 1.80413944951857586 0.378276976239931978E-01
 1.81007317809370161 0.376384390519926837E-01
 1.81585452615539600 0.373621702037892356E-01
 1.82149135066809720 0.369987522833749652E-01
 1.82699106036302350 0.365483550247532735E-01
 1.83236064645632535 0.360115110653965731E-01
 1.83760671119080277 0.353891767943760593E-01
 1.84273549434916850 0.346827899788310356E-01
 1.84775289788055153 0.338943102369822086E-01
 1.85266450877491584 0.330262335601766779E-01
 1.85747562031265367 0.320815837372607840E-01
 1.86219125180903466 0.310638906048593400E-01
 1.86681616696562358 0.299771674234902384E-01
 1.87135489093338148 0.288258979823117420E-01
 1.87581172618498138 0.276150363857268870E-01
 1.88019076728701284 0.263500142137323146E-01
 1.88449591465621968 0.250367474864992209E-01
 1.88873088737776040 0.236816377756461499E-01
 1.89289923515769787 0.222915646516397212E-01
 1.89700434947652008 0.208738697599558619E-01
 1.90104947400545554 0.194363342900762577E-01
 1.90503771434267422 0.179871503610057638E-01
 1.90897204712212654 0.165348848682671315E-01
 1.91285532854377660 0.150884337850246512E-01
 1.91669030237027949 0.136569661172403177E-01
 1.92047960743175627 0.122498586006522924E-01
 1.92422578467718974 0.108766234336431320E-01
 1.92793128380807777 0.954683086929864096E-02
 1.93159846952735892 0.827002659911111986E-02
 1.93522962743418470 0.705564123183228132E-02
 1.93882696959291567 0.591288669453961246E-02
 1.94239263980269272 0.485063017827112516E-02
 1.94592871859206551 0.387723402098807002E-02
 1.94943722796150132 0.300034031466429570E-02
 1.95292013589503810 0.222658940960966277E-02
 1.95637936066096163 0.156122514529379508E-02
 1.95981677492010453 0.100763161791934930E-02
 1.96323420965923701 0.566646320520917068E-03
 1.96663345796595213 0.236037003760967452E-03
 1.97001627866054196 0.939387127181571945E-05
 1.97338439979950442 -0.123576422573537249E-03
 1.97673952206458559 -0.179062012788787134E-03
 1.98008332205058002 -0.175159475448041568E-03
 1.98341745546455739 -0.136984082614699087E-03
 1.98674356024864895 -0.832412521479957047E-04
 1.99006325963809938 -0.386675549809997830E-04
 1.99337816516593191 -0.954720847267818039E-05
 1.99668987962525302 -0.408967647361780824E-06
 2.00000000000000000 0.000000000000000000E+00
