 0.000000000000000000E+00 -0.651301929055492224E-13
 0.331012037474653908E-02 0.783748066446321445E-14
 0.662183483406764140E-02 0.857040133306341545E-14
 0.993674036189995391E-02 -0.405214056753422369E-13
 0.132564397513506016E-01 0.626911716983258316E-13
 0.165825445354421674E-01 -0.849034384464708580E-13
 0.199166779494195367E-01 0.124082168151407046E-12
 0.232604779354139701E-01 -0.169547535733283183E-12
 0.266156002004951375E-01 0.196568889637704913E-12
 0.299837213394578139E-01 -0.193324956737628284E-12
 0.333665420340474306E-01 0.177875075779709846E-12
 0.367657903407625497E-01 -0.164703320426617950E-12
 0.401832250798950241E-01 0.142609014874839346E-12
 0.436206393390381475E-01 -0.126306734168912804E-12
 0.470798641049610112E-01 0.136228268249327655E-12
 0.505627720384977941E-01 -0.149432983348463111E-12
 0.540712814079340465E-01 0.151672077675080175E-12
 0.576073601973068339E-01 -0.150802547532746800E-12
 0.611730304070841058E-01 0.149007108735110805E-12
 0.647703725658153040E-01 -0.149034105369205694E-12
 0.684015304726404150E-01 0.155944593176193802E-12
 0.720687161919215669E-01 -0.163643729643447866E-12
 0.757742153228098125E-01 0.170314391929882181E-12
 0.795203925682432811E-01 -0.183192816385208124E-12
 0.833096976297200698E-01 0.194219044059168455E-12
 0.871446714562229552E-01 -0.186960581564921124E-12
 0.910279528778730196E-01 0.169899982754503909E-12
 0.949622856573255625E-01 -0.155060019728717191E-12
 0.989505259945437921E-01 0.134888451862151537E-12
 0.102995650523479032 -0.118886617130747885E-12
 0.107100764842301688 0.117562806278143084E-12
 0.111269112622238708 -0.116873145276225054E-12
 0.115504085343779872 0.112254281391110933E-12
 0.119809232712986713 -0.107499404343458504E-12
 0.124188273815018180 0.987101025917702657E-13
 0.128645109066618080 -0.908268685956281630E-13
 0.133183833034375976 0.878461799830310142E-13
 0.137808748190964891 -0.860223350884758986E-13
 0.142524379687345437 0.859859058954803857E-13
 0.147335491225083715 -0.893449810662749755E-13
 0.152247102119448030 0.898241984265135684E-13
 0.157264505650830833 -0.807786997014670050E-13
 0.162393288809196790 0.669850459822374233E-13
 0.167639353543673986 -0.556113315119954876E-13
 0.173008939636976056 0.464099245145455086E-13
 0.178508649331902358 -0.391804644284121650E-13
 0.184145473844603558 0.338791494858270426E-13
 0.189926821906297949 -0.298680351284996703E-13
 0.195860550481423701 0.270100782018278807E-13
 0.201954997815341208 -0.237930335156288919E-13
 0.208219018968123892 0.209645668880487079E-13
 0.214662023991960105 -0.186005724711613141E-13
 0.221294018907312928 0.168714868464814316E-13
 0.228125649626040428 -0.158712019221463052E-13
 0.235168248956668657 0.142819783777170528E-13
 0.242433886805965448 -0.127640953362373466E-13
 0.249935423659531253 0.113041086907683663E-13
 0.257686567379129539 -0.973244922153337910E-14
 0.265701933292239012 0.901253897900300416E-14
 0.273997107464953427 -0.820372415832881785E-14
 0.282588712937073661 0.814116569297640424E-14
 0.291494478550786251 -0.755819018483094851E-14
 0.300733309812837302 0.663190205876795780E-14
 0.310325360983985998 -0.563882707887986001E-14
 0.320292107275887084 0.521758742981492940E-14
 0.330656415639321022 -0.496859362464005527E-14
 0.341442612131250156 0.452648986001835674E-14
 0.352676543231464024 -0.418789352155113370E-14
 0.364385627720396954 0.387949221358763197E-14
 0.376598894804481832 -0.352484968296762347E-14
 0.389347003060644958 0.274671778377477693E-14
 0.402662233446409612 -0.200837610431214841E-14
 0.416578448072201457 0.162928481470259179E-14
 0.431131004656285288 -0.154471704524872244E-14
 0.446356614599918045 0.162735019145106297E-14
 0.462293130484153547 -0.163912394941789774E-14
 0.478979246603053799 0.162744167100936643E-14
 0.496454094083784270 -0.165232411086790876E-14
 0.514756710468977419 0.142648479833917818E-14
 0.533925362737153852 -0.118503297452665635E-14
 0.553996703141117930 0.983154530009855421E-15
 0.575004739633996120 -0.856411296046299952E-15
 0.596979607850977034 0.785721314400245063E-15
 0.619946140532487755 -0.726523875782536521E-15
 0.643922243792862670 0.680011602582908381E-15
 0.668917108408850547 -0.559882001871514490E-15
 0.694929308450184635 0.458617518961368376E-15
 0.721944868322298650 -0.420582351497861273E-15
 0.749935410556105575 0.334422160103153843E-15
 0.778856526762241597 -0.269885025785954191E-15
 0.808646537709191593 0.196782694306119055E-15
 0.839225818902016085 -0.178568097808362580E-15
 0.870496858588253319 0.134224228953705449E-15
 0.902345180596794139 -0.898803600990483176E-16
 0.934641203204055193 0.551316804708879005E-16
 0.967243021066621855 -0.577879757934773863E-16
 0.999999999999999556 0.769783542464708148E-17
 1.03275697893337726 0.370797142990042516E-16
 1.06535879679594414 -0.691178884959509077E-16
 1.09765481940320497 0.814506882079735206E-16
 1.12950314141174601 -0.117595278133209025E-15
 1.16077418109798325 0.167780286192131811E-15
 1.19135346229080774 -0.213723353251205062E-15
 1.22114347323775752 0.276769709581237144E-15
 1.25006458944389376 -0.306097378346970039E-15
 1.27805513167770068 0.431376939377670077E-15
 1.30507069154981470 -0.417390731352607069E-15
 1.33108289159114879 0.578936855052947230E-15
 1.35607775620713644 -0.581782885755721679E-15
 1.38005385946751158 0.772873518656291836E-15
 1.40302039214902230 -0.755363653570650939E-15
 1.42499526036600299 0.849580822359641274E-15
 1.44600329685888118 -0.990960785651751053E-15
 1.46607463726284526 0.112431765286746810E-14
 1.48524328953102192 -0.137346731210463702E-14
 1.50354590591621506 0.157122578836599303E-14
 1.52102075339694531 -0.161502755613440740E-14
 1.53770686951584601 0.166229877085477540E-14
 1.55364338540008129 -0.154043444666740470E-14
 1.56886899534371382 0.142962898463938615E-14
 1.58342155192779788 -0.148275489109117586E-14
 1.59733776655359017 0.198278893304149051E-14
 1.61065299693935415 -0.276753446548649862E-14
 1.62340110519551750 0.346337541978769536E-14
 1.63561437227960260 -0.386767440990753997E-14
 1.64732345676853553 0.426199874004051793E-14
 1.65855738786874918 -0.455852803421530339E-14
 1.66934358436067853 0.480626823062824116E-14
 1.67970789272411247 -0.533611783232190717E-14
 1.68967463901601400 0.565752956635523496E-14
 1.69926669018716248 -0.671890928310991953E-14
 1.70850552144921330 0.768130134151667754E-14
 1.71741128706292590 -0.849778689256119879E-14
 1.72600289253504613 0.892948909259061452E-14
 1.73429806670776032 -0.947074992214969047E-14
 1.74231343262087002 0.104178276248700907E-13
 1.75006457634046853 -0.118094553233638599E-13
 1.75756611319403411 0.134128819162526725E-13
 1.76483175104333090 -0.146102747955456636E-13
 1.77187435037395868 0.163109543233064258E-13
 1.77870598109268663 -0.180821069922787458E-13
 1.78533797600803945 0.202414040390008765E-13
 1.79178098103187544 -0.230091553449218722E-13
 1.79804500218465790 0.264788191373099835E-13
 1.80413944951857586 -0.296082602879721435E-13
 1.81007317809370161 0.329523734687864334E-13
 1.81585452615539600 -0.361217132593960599E-13
 1.82149135066809720 0.411428703606109281E-13
 1.82699106036302350 -0.496087546042467409E-13
 1.83236064645632535 0.598002550256104826E-13
 1.83760671119080277 -0.716280333656893475E-13
 1.84273549434916850 0.855999299220755461E-13
 1.84775289788055153 -0.943706918166142827E-13
 1.85266450877491584 0.936087145297914702E-13
 1.85747562031265367 -0.900794196179166562E-13
 1.86219125180903466 0.895941307255121444E-13
 1.86681616696562358 -0.902485551568243949E-13
 1.87135489093338148 0.916749315349463245E-13
 1.87581172618498138 -0.973713297491851648E-13
 1.88019076728701284 0.104445748924653081E-12
 1.88449591465621968 -0.109395131842049409E-12
 1.88873088737776040 0.113293922854307283E-12
 1.89289923515769787 -0.112801911908433361E-12
 1.89700434947652008 0.114456621264080738E-12
 1.90104947400545554 -0.131283005300186773E-12
 1.90503771434267422 0.150878766945472531E-12
 1.90897204712212654 -0.164190926479901300E-12
 1.91285532854377660 0.181086265774177413E-12
 1.91669030237027949 -0.189817671129854926E-12
 1.92047960743175627 0.179344359458807889E-12
 1.92422578467718974 -0.165187023673345201E-12
 1.92793128380807777 0.156906964905809826E-12
 1.93159846952735892 -0.148021433435049921E-12
 1.93522962743418470 0.140445435229535898E-12
 1.93882696959291567 -0.140215909629620716E-12
 1.94239263980269272 0.142109848194627020E-12
 1.94592871859206551 -0.143884578730768542E-12
 1.94943722796150132 0.142985449869126313E-12
 1.95292013589503810 -0.129850991070767918E-12
 1.95637936066096163 0.121164146424379560E-12
 1.95981677492010453 -0.137339900736777043E-12
 1.96323420965923701 0.160576088016617380E-12
 1.96663345796595213 -0.173408704930155810E-12
 1.97001627866054196 0.188262437323533094E-12
 1.97338439979950442 -0.192452716089863696E-12
 1.97673952206458559 0.166595957949017270E-12
 1.98008332205058002 -0.120962267979862759E-12
 1.98341745546455739 0.832592458518965906E-13
 1.98674356024864895 -0.610932745365166952E-13
 1.99006325963809938 0.400569876747580711E-13
 1.99337816516593191 -0.901763472921368603E-14
 1.99668987962525302 -0.812436055930287893E-14
 2.00000000000000000 0.640927198466978432E-13
