 0.000000000000000000E+00 0.654974949936510103E-03
 0.331012037474653908E-02 0.607461926179800717E-03
 0.662183483406764140E-02 0.537869108286173386E-03
 0.993674036189995391E-02 0.461337330566284338E-03
 0.132564397513506016E-01 0.388099543964604465E-03
 0.165825445354421674E-01 0.329307843350212944E-03
 0.199166779494195367E-01 0.286258372460002140E-03
 0.232604779354139701E-01 0.259015184967200654E-03
 0.266156002004951375E-01 0.244509161513384874E-03
 0.299837213394578139E-01 0.240317654346972883E-03
 0.333665420340474306E-01 0.245430613572308616E-03
 0.367657903407625497E-01 0.260051441739597830E-03
 0.401832250798950241E-01 0.284716020230958310E-03
 0.436206393390381475E-01 0.319364367139276053E-03
 0.470798641049610112E-01 0.362921976017322563E-03
 0.505627720384977941E-01 0.413328752545211121E-03
 0.540712814079340465E-01 0.467883518220831745E-03
 0.576073601973068339E-01 0.523710965684291577E-03
 0.611730304070841058E-01 0.578197684309824430E-03
 0.647703725658153040E-01 0.629304259370898583E-03
 0.684015304726404150E-01 0.675696818033397250E-03
 0.720687161919215669E-01 0.716696492615059161E-03
 0.757742153228098125E-01 0.752073864834066903E-03
 0.795203925682432811E-01 0.781748923131041521E-03
 0.833096976297200698E-01 0.805491561877865392E-03
 0.871446714562229552E-01 0.822751011081440274E-03
 0.910279528778730196E-01 0.832716462045788729E-03
 0.949622856573255625E-01 0.834588934715691172E-03
 0.989505259945437921E-01 0.827896182848573037E-03
 0.102995650523479032 0.812670822099729150E-03
 0.107100764842301688 0.789479477170674875E-03
 0.111269112622238708 0.759450477321189248E-03
 0.115504085343779872 0.724396092868500197E-03
 0.119809232712986713 0.686912001609410548E-03
 0.124188273815018180 0.650214128118458095E-03
 0.128645109066618080 0.617593030505072475E-03
 0.133183833034375976 0.591631913936180114E-03
 0.137808748190964891 0.573531166812491508E-03
 0.142524379687345437 0.562877481259546684E-03
 0.147335491225083715 0.557989294011994926E-03
 0.152247102119448030 0.556604154494568437E-03
 0.157264505650830833 0.556346645878710855E-03
 0.162393288809196790 0.554648584823059371E-03
 0.167639353543673986 0.548680362176833946E-03
 0.173008939636976056 0.536142838862280180E-03
 0.178508649331902358 0.516660330603970039E-03
 0.184145473844603558 0.492291601743452762E-03
 0.189926821906297949 0.466012504012143188E-03
 0.195860550481423701 0.439365970522294954E-03
 0.201954997815341208 0.411928312165395628E-03
 0.208219018968123892 0.383049720111660566E-03
 0.214662023991960105 0.353490148390973587E-03
 0.221294018907312928 0.324670251520339380E-03
 0.228125649626040428 0.296776043539307690E-03
 0.235168248956668657 0.269201776497327212E-03
 0.242433886805965448 0.242462896568198166E-03
 0.249935423659531253 0.217020588034984345E-03
 0.257686567379129539 0.190853752005732801E-03
 0.265701933292239012 0.160496611652566015E-03
 0.273997107464953427 0.125714493041106907E-03
 0.282588712937073661 0.918575591877714300E-04
 0.291494478550786251 0.649630060346003719E-04
 0.300733309812837302 0.477659619368755463E-04
 0.310325360983985998 0.406715021712615821E-04
 0.320292107275887084 0.422071994093123294E-04
 0.330656415639321022 0.509910939962193233E-04
 0.341442612131250156 0.658720874555543905E-04
 0.352676543231464024 0.802838227001107310E-04
 0.364385627720396954 0.868992550849585229E-04
 0.376598894804481832 0.848320925449966127E-04
 0.389347003060644958 0.795557278057713315E-04
 0.402662233446409612 0.749824113844800783E-04
 0.416578448072201457 0.591812480774125431E-04
 0.431131004656285288 0.335408347745122179E-04
 0.446356614599918045 0.191529069944815702E-04
 0.462293130484153547 0.137266367749547906E-04
 0.478979246603053799 0.380696533781653645E-05
 0.496454094083784270 0.471227502658519686E-06
 0.514756710468977419 0.111940077777598424E-04
 0.533925362737153852 0.222081088334748401E-04
 0.553996703141117930 0.238860752069498203E-04
 0.575004739633996120 0.143993982628908690E-04
 0.596979607850977034 0.510811131916299321E-05
 0.619946140532487755 0.133361199158343923E-04
 0.643922243792862670 0.294111324501464792E-04
 0.668917108408850547 0.285938460382873899E-04
 0.694929308450184635 0.210538601332875180E-04
 0.721944868322298650 0.224042709055356422E-04
 0.749935410556105575 0.318500949969999870E-04
 0.778856526762241597 0.432903768516050777E-04
 0.808646537709191593 0.487835609341499493E-04
 0.839225818902016085 0.464026930697714824E-04
 0.870496858588253319 0.381677561944310432E-04
 0.902345180596794139 0.320263759207717059E-04
 0.934641203204055193 0.314546570948884640E-04
 0.967243021066621855 0.225182932011452274E-04
 0.999999999999999556 0.138181449517904511E-04
 1.03275697893337726 0.765325715204124760E-05
 1.06535879679594414 -0.210787345784325638E-05
 1.09765481940320497 -0.593986516123411971E-05
 1.12950314141174601 -0.122306903551937837E-05
 1.16077418109798325 0.453922264334148024E-05
 1.19135346229080774 0.264126972332530299E-05
 1.22114347323775752 0.214847149680605751E-05
 1.25006458944389376 0.604878056851010720E-05
 1.27805513167770068 0.124268157661848268E-04
 1.30507069154981470 0.140066526430171130E-04
 1.33108289159114879 0.581827764469825379E-05
 1.35607775620713644 0.649331240846080568E-06
 1.38005385946751158 0.585512491458582029E-05
 1.40302039214902230 0.146999009079031824E-04
 1.42499526036600299 0.172402038755851705E-04
 1.44600329685888118 0.173517868319573402E-04
 1.46607463726284526 0.306751066335750645E-04
 1.48524328953102192 0.438661197958707430E-04
 1.50354590591621506 0.440748233961409344E-04
 1.52102075339694531 0.436137470056552264E-04
 1.53770686951584601 0.484116129845489922E-04
 1.55364338540008129 0.539820114958781621E-04
 1.56886899534371382 0.592188908638555865E-04
 1.58342155192779788 0.643981008199580296E-04
 1.59733776655359017 0.756529418070177361E-04
 1.61065299693935415 0.902350437792623394E-04
 1.62340110519551750 0.100758303606862863E-03
 1.63561437227960260 0.105193264762498486E-03
 1.64732345676853553 0.108677070332651558E-03
 1.65855738786874918 0.117388361574946275E-03
 1.66934358436067853 0.135978087370119418E-03
 1.67970789272411247 0.167870989094993928E-03
 1.68967463901601400 0.210570723612650632E-03
 1.69926669018716248 0.255720095578088492E-03
 1.70850552144921330 0.295017106954184453E-03
 1.71741128706292590 0.326149108979652638E-03
 1.72600289253504613 0.352818643134025875E-03
 1.73429806670776032 0.375959107960403837E-03
 1.74231343262087002 0.392313118466637958E-03
 1.75006457634046853 0.400568924769090641E-03
 1.75756611319403411 0.402442528494865526E-03
 1.76483175104333090 0.399238550522121056E-03
 1.77187435037395868 0.390756842837827279E-03
 1.77870598109268663 0.376791238214776428E-03
 1.78533797600803945 0.357250104981959469E-03
 1.79178098103187544 0.331837423868424491E-03
 1.79804500218465790 0.301564671028988439E-03
 1.80413944951857586 0.269726458233459396E-03
 1.81007317809370161 0.240784341130879394E-03
 1.81585452615539600 0.218787256829427101E-03
 1.82149135066809720 0.206423813348852148E-03
 1.82699106036302350 0.204620083816502705E-03
 1.83236064645632535 0.212688526160215461E-03
 1.83760671119080277 0.228873664631082282E-03
 1.84273549434916850 0.250865957927335671E-03
 1.84775289788055153 0.276229059791595951E-03
 1.85266450877491584 0.302955148146036117E-03
 1.85747562031265367 0.329988719741510070E-03
 1.86219125180903466 0.357303395161640989E-03
 1.86681616696562358 0.385363333683082091E-03
 1.87135489093338148 0.414288918681408793E-03
 1.87581172618498138 0.443375761049875710E-03
 1.88019076728701284 0.471321919862804711E-03
 1.88449591465621968 0.496883120582503664E-03
 1.88873088737776040 0.519456155835924956E-03
 1.89289923515769787 0.539336666335959568E-03
 1.89700434947652008 0.557663459004727148E-03
 1.90104947400545554 0.576143055088666474E-03
 1.90503771434267422 0.596635903975740816E-03
 1.90897204712212654 0.620704133125251733E-03
 1.91285532854377660 0.649254739574716072E-03
 1.91669030237027949 0.682373211712866755E-03
 1.92047960743175627 0.719339415326819315E-03
 1.92422578467718974 0.758747132594129190E-03
 1.92793128380807777 0.798654388256662810E-03
 1.93159846952735892 0.836737371370135973E-03
 1.93522962743418470 0.870464968371370768E-03
 1.93882696959291567 0.897326870385873124E-03
 1.94239263980269272 0.915125737409029920E-03
 1.94592871859206551 0.922290960521801508E-03
 1.94943722796150132 0.918132562499304077E-03
 1.95292013589503810 0.902946053027830456E-03
 1.95637936066096163 0.877931833984702025E-03
 1.95981677492010453 0.844966168201663373E-03
 1.96323420965923701 0.806334677285423188E-03
 1.96663345796595213 0.764620132871284539E-03
 1.97001627866054196 0.722815907612283422E-03
 1.97338439979950442 0.684763277664142455E-03
 1.97673952206458559 0.655377404124602662E-03
 1.98008332205058002 0.640284083238622345E-03
 1.98341745546455739 0.644692747805569516E-03
 1.98674356024864895 0.670324475702364030E-03
 1.99006325963809938 0.716079195973283065E-03
 1.99337816516593191 0.773448214518724004E-03
 1.99668987962525302 0.832707940795909948E-03
 2.00000000000000000 0.880252302600592900E-03
