 0.000000000000000000E+00 -0.461373153012853059E-16
 0.331012037474653908E-02 -0.106296068616447912E-04
 0.662183483406764140E-02 -0.988394615140672717E-04
 0.993674036189995391E-02 -0.370489054320525992E-03
 0.132564397513506016E-01 -0.934856924540120753E-03
 0.165825445354421674E-01 -0.187370927215341210E-02
 0.199166779494195367E-01 -0.322389687892338630E-02
 0.232604779354139701E-01 -0.497769147810106418E-02
 0.266156002004951375E-01 -0.709415116396440622E-02
 0.299837213394578139E-01 -0.951331335666732482E-02
 0.333665420340474306E-01 -0.121679994360444060E-01
 0.367657903407625497E-01 -0.149915996650612574E-01
 0.401832250798950241E-01 -0.179224262447277884E-01
 0.436206393390381475E-01 -0.209057104949951569E-01
 0.470798641049610112E-01 -0.238942908033526642E-01
 0.505627720384977941E-01 -0.268486067235606737E-01
 0.540712814079340465E-01 -0.297363531750300877E-01
 0.576073601973068339E-01 -0.325319488230208995E-01
 0.611730304070841058E-01 -0.352158908012027774E-01
 0.647703725658153040E-01 -0.377740295882545568E-01
 0.684015304726404150E-01 -0.401967899843887894E-01
 0.720687161919215669E-01 -0.424783662062990855E-01
 0.757742153228098125E-01 -0.446159242880164730E-01
 0.795203925682432811E-01 -0.466088538682401937E-01
 0.833096976297200698E-01 -0.484581133626911520E-01
 0.871446714562229552E-01 -0.501656896037725036E-01
 0.910279528778730196E-01 -0.517341571552114854E-01
 0.949622856573255625E-01 -0.531663175691239956E-01
 0.989505259945437921E-01 -0.544649248281705023E-01
 0.102995650523479032 -0.556325146241959181E-01
 0.107100764842301688 -0.566713365479689160E-01
 0.111269112622238708 -0.575833644833316644E-01
 0.115504085343779872 -0.583703431338595605E-01
 0.119809232712986713 -0.590338217620609423E-01
 0.124188273815018180 -0.595751531153855055E-01
 0.128645109066618080 -0.599954827613369338E-01
 0.133183833034375976 -0.602957550353614147E-01
 0.137808748190964891 -0.604767254417013234E-01
 0.142524379687345437 -0.605389865984885048E-01
 0.147335491225083715 -0.604830621284064424E-01
 0.152247102119448030 -0.603095515280823793E-01
 0.157264505650830833 -0.600191722250417586E-01
 0.162393288809196790 -0.596126195314757718E-01
 0.167639353543673986 -0.590904089381601508E-01
 0.173008939636976056 -0.584529216111735542E-01
 0.178508649331902358 -0.577006884114311183E-01
 0.184145473844603558 -0.568347633193370047E-01
 0.189926821906297949 -0.558570959392261854E-01
 0.195860550481423701 -0.547709432358976650E-01
 0.201954997815341208 -0.535811839870066267E-01
 0.208219018968123892 -0.522942609956668289E-01
 0.214662023991960105 -0.509177457051585361E-01
 0.221294018907312928 -0.494598290363433696E-01
 0.228125649626040428 -0.479288653690337421E-01
 0.235168248956668657 -0.463330357207556651E-01
 0.242433886805965448 -0.446803898189512758E-01
 0.249935423659531253 -0.429790905982353338E-01
 0.257686567379129539 -0.412375200589002594E-01
 0.265701933292239012 -0.394645205965035578E-01
 0.273997107464953427 -0.376696744548910695E-01
 0.282588712937073661 -0.358631678770469503E-01
 0.291494478550786251 -0.340553603178588155E-01
 0.300733309812837302 -0.322561716281112021E-01
 0.310325360983985998 -0.304743657720270671E-01
 0.320292107275887084 -0.287169897394839412E-01
 0.330656415639321022 -0.269904121741777782E-01
 0.341442612131250156 -0.253010544508092267E-01
 0.352676543231464024 -0.236541185643207898E-01
 0.364385627720396954 -0.220544024973486248E-01
 0.376598894804481832 -0.205081269265550564E-01
 0.389347003060644958 -0.190219049478195443E-01
 0.402662233446409612 -0.175992341769073135E-01
 0.416578448072201457 -0.162394223446939642E-01
 0.431131004656285288 -0.149411837456753949E-01
 0.446356614599918045 -0.137027673202902416E-01
 0.462293130484153547 -0.125243761412207662E-01
 0.478979246603053799 -0.114112630889735712E-01
 0.496454094083784270 -0.103673091880612037E-01
 0.514756710468977419 -0.938937020022279946E-02
 0.533925362737153852 -0.847153759886865899E-02
 0.553996703141117930 -0.761038680534270248E-02
 0.575004739633996120 -0.680287386345149094E-02
 0.596979607850977034 -0.604969061961390438E-02
 0.619946140532487755 -0.535769229281638122E-02
 0.643922243792862670 -0.473196875558234628E-02
 0.668917108408850547 -0.416809725750173690E-02
 0.694929308450184635 -0.366137573322402590E-02
 0.721944868322298650 -0.321120144071316812E-02
 0.749935410556105575 -0.281786227297252086E-02
 0.778856526762241597 -0.248132577298896921E-02
 0.808646537709191593 -0.219849511035899838E-02
 0.839225818902016085 -0.196310004274515438E-02
 0.870496858588253319 -0.177012102036999100E-02
 0.902345180596794139 -0.162049448860666998E-02
 0.934641203204055193 -0.151761568466506893E-02
 0.967243021066621855 -0.145898654983890618E-02
 0.999999999999999556 -0.144296176608418587E-02
 1.03275697893337726 -0.146760291139723517E-02
 1.06535879679594414 -0.152989398421268710E-02
 1.09765481940320497 -0.163206228631299706E-02
 1.12950314141174601 -0.177800250606710629E-02
 1.16077418109798325 -0.197057384721888423E-02
 1.19135346229080774 -0.221182402091644071E-02
 1.22114347323775752 -0.250575957059880712E-02
 1.25006458944389376 -0.285195783526200975E-02
 1.27805513167770068 -0.324892596490767693E-02
 1.30507069154981470 -0.369880894412687915E-02
 1.33108289159114879 -0.420165079116032771E-02
 1.35607775620713644 -0.476370112440012861E-02
 1.38005385946751158 -0.539007949031906908E-02
 1.40302039214902230 -0.607726863529388980E-02
 1.42499526036600299 -0.682591794199503572E-02
 1.44600329685888118 -0.763713604350294353E-02
 1.46607463726284526 -0.850978426804361449E-02
 1.48524328953102192 -0.944223368392913508E-02
 1.50354590591621506 -0.104326672119028959E-01
 1.52102075339694531 -0.114806092646703578E-01
 1.53770686951584601 -0.125862424166421905E-01
 1.55364338540008129 -0.137508638929148292E-01
 1.56886899534371382 -0.149748092953598342E-01
 1.58342155192779788 -0.162585364411516435E-01
 1.59733776655359017 -0.176049459322860681E-01
 1.61065299693935415 -0.190151813797019772E-01
 1.62340110519551750 -0.204877181638993579E-01
 1.63561437227960260 -0.220183472176106489E-01
 1.64732345676853553 -0.235999533909243935E-01
 1.65855738786874918 -0.252258034160797277E-01
 1.66934358436067853 -0.268921545862894316E-01
 1.67970789272411247 -0.285961848355096339E-01
 1.68967463901601400 -0.303340894488232371E-01
 1.69926669018716248 -0.321005374941773294E-01
 1.70850552144921330 -0.338885736971214144E-01
 1.71741128706292590 -0.356906396948814680E-01
 1.72600289253504613 -0.374989564048837376E-01
 1.73429806670776032 -0.393048712035110534E-01
 1.74231343262087002 -0.410980083443583735E-01
 1.75006457634046853 -0.428666471304537527E-01
 1.75756611319403411 -0.445992853049087465E-01
 1.76483175104333090 -0.462853741082863146E-01
 1.77187435037395868 -0.479151148030711044E-01
 1.77870598109268663 -0.494793886048730328E-01
 1.78533797600803945 -0.509700166259769577E-01
 1.79178098103187544 -0.523800013886007304E-01
 1.79804500218465790 -0.537033035607501347E-01
 1.80413944951857586 -0.549342379615668022E-01
 1.81007317809370161 -0.560672567759674251E-01
 1.81585452615539600 -0.570973311076490644E-01
 1.82149135066809720 -0.580202638362408638E-01
 1.82699106036302350 -0.588325539867345579E-01
 1.83236064645632535 -0.595310788312136546E-01
 1.83760671119080277 -0.601128928468621024E-01
 1.84273549434916850 -0.605752189573887864E-01
 1.84775289788055153 -0.609156248034516262E-01
 1.85266450877491584 -0.611323249141640865E-01
 1.85747562031265367 -0.612244294260499908E-01
 1.86219125180903466 -0.611919206106317434E-01
 1.86681616696562358 -0.610353017941677387E-01
 1.87135489093338148 -0.607551094155112242E-01
 1.87581172618498138 -0.603515534915503651E-01
 1.88019076728701284 -0.598243781528462679E-01
 1.88449591465621968 -0.591728372023036103E-01
 1.88873088737776040 -0.583956829913983289E-01
 1.89289923515769787 -0.574911789531703937E-01
 1.89700434947652008 -0.564571673757501349E-01
 1.90104947400545554 -0.552911757430497863E-01
 1.90503771434267422 -0.539905328982384913E-01
 1.90897204712212654 -0.525524788068285828E-01
 1.91285532854377660 -0.509742601854140664E-01
 1.91669030237027949 -0.492532316505587403E-01
 1.92047960743175627 -0.473870180614262212E-01
 1.92422578467718974 -0.453737965102149546E-01
 1.92793128380807777 -0.432127245438645932E-01
 1.93159846952735892 -0.409045043996808105E-01
 1.93522962743418470 -0.384520502638681094E-01
 1.93882696959291567 -0.358612206690734348E-01
 1.94239263980269272 -0.331415860604851176E-01
 1.94592871859206551 -0.303072114364823647E-01
 1.94943722796150132 -0.273774422322183505E-01
 1.95292013589503810 -0.243776859798741467E-01
 1.95637936066096163 -0.213401750476604410E-01
 1.95981677492010453 -0.183046652321992194E-01
 1.96323420965923701 -0.153189601101521144E-01
 1.96663345796595213 -0.124390507004149206E-01
 1.97001627866054196 -0.972845471607116860E-02
 1.97338439979950442 -0.725609879825235213E-02
 1.97673952206458559 -0.509168872998468254E-02
 1.98008332205058002 -0.329751248167800505E-02
 1.98341745546455739 -0.191613874032150176E-02
 1.98674356024864895 -0.955771923948911962E-03
 1.99006325963809938 -0.378673556287933684E-03
 1.99337816516593191 -0.101008592548722673E-03
 1.99668987962525302 -0.108661296933453837E-04
 2.00000000000000000 -0.141770408390057003E-15
