 0.000000000000000000E+00 0.000000000000000000E+00
 0.331012037474653908E-02 0.188012882477588090E-03
 0.662183483406764140E-02 0.779863791489587735E-03
 0.993674036189995391E-02 0.121557939582672128E-02
 0.132564397513506016E-01 0.964940670721493713E-03
 0.165825445354421674E-01 -0.547731485201849704E-03
 0.199166779494195367E-01 -0.377255425116203779E-02
 0.232604779354139701E-01 -0.898502646403150605E-02
 0.266156002004951375E-01 -0.162649457251840580E-01
 0.299837213394578139E-01 -0.255357810644874783E-01
 0.333665420340474306E-01 -0.366224757421630548E-01
 0.367657903407625497E-01 -0.493160842091175250E-01
 0.401832250798950241E-01 -0.634224039310748583E-01
 0.436206393390381475E-01 -0.787921891667869995E-01
 0.470798641049610112E-01 -0.953308886438842401E-01
 0.505627720384977941E-01 -0.112993778667660916
 0.540712814079340465E-01 -0.131771822892357948
 0.576073601973068339E-01 -0.151673894111584190
 0.611730304070841058E-01 -0.172708468760481126
 0.647703725658153040E-01 -0.194866609849342981
 0.684015304726404150E-01 -0.218107367510437772
 0.720687161919215669E-01 -0.242347205657507780
 0.757742153228098125E-01 -0.267455189803585125
 0.795203925682432811E-01 -0.293254496387730990
 0.833096976297200698E-01 -0.319528413949395684
 0.871446714562229552E-01 -0.346027577415783272
 0.910279528778730196E-01 -0.372476203477196233
 0.949622856573255625E-01 -0.398577549019854926
 0.989505259945437921E-01 -0.424020548245993667
 0.102995650523479032 -0.448488778717459180
 0.107100764842301688 -0.471670223629224283
 0.111269112622238708 -0.493265207663958927
 0.115504085343779872 -0.512991579102245354
 0.119809232712986713 -0.530588404782904366
 0.124188273815018180 -0.545820658350752219
 0.128645109066618080 -0.558486848271252390
 0.133183833034375976 -0.568428938384088145
 0.137808748190964891 -0.575541783298297194
 0.142524379687345437 -0.579779222865362431
 0.147335491225083715 -0.581154784430130911
 0.152247102119448030 -0.579738230685706291
 0.157264505650830833 -0.575654821538167938
 0.162393288809196790 -0.569091954346576112
 0.167639353543673986 -0.560306948615837963
 0.173008939636976056 -0.549626237428987197
 0.178508649331902358 -0.537433279456549728
 0.184145473844603558 -0.524147523586682595
 0.189926821906297949 -0.510199618205416150
 0.195860550481423701 -0.496012299567177128
 0.201954997815341208 -0.481992528112983099
 0.208219018968123892 -0.468535120089599189
 0.214662023991960105 -0.456035438579841690
 0.221294018907312928 -0.444898808029597304
 0.228125649626040428 -0.435532738705361466
 0.235168248956668657 -0.428318026678404407
 0.242433886805965448 -0.423570775023342450
 0.249935423659531253 -0.421519031590297188
 0.257686567379129539 -0.422306365019510910
 0.265701933292239012 -0.426011760736620282
 0.273997107464953427 -0.432661563106741420
 0.282588712937073661 -0.442232796109156945
 0.291494478550786251 -0.454690694949986318
 0.300733309812837302 -0.470060149514401115
 0.310325360983985998 -0.488409535090390368
 0.320292107275887084 -0.509733575933628780
 0.330656415639321022 -0.533882845014980290
 0.341442612131250156 -0.560508696532047712
 0.352676543231464024 -0.589047793121101226
 0.364385627720396954 -0.618834509741547856
 0.376598894804481832 -0.649153072487865024
 0.389347003060644958 -0.679190137083109824
 0.402662233446409612 -0.708040271383322484
 0.416578448072201457 -0.734720097292597130
 0.431131004656285288 -0.758339957961277622
 0.446356614599918045 -0.778421487305079318
 0.462293130484153547 -0.794881337681294542
 0.478979246603053799 -0.807541216550147323
 0.496454094083784270 -0.815687743604437410
 0.514756710468977419 -0.818246958664889945
 0.533925362737153852 -0.814316509513734132
 0.553996703141117930 -0.803494276096533011
 0.575004739633996120 -0.785711131107454386
 0.596979607850977034 -0.761232419426635776
 0.619946140532487755 -0.730837700005578683
 0.643922243792862670 -0.695215840452290679
 0.668917108408850547 -0.654920790217898730
 0.694929308450184635 -0.610237865799922896
 0.721944868322298650 -0.560889702715603011
 0.749935410556105575 -0.506904977611661978
 0.778856526762241597 -0.448935896209264385
 0.808646537709191593 -0.387972854956199098
 0.839225818902016085 -0.324832021183673658
 0.870496858588253319 -0.260060120975039721
 0.902345180596794139 -0.194552146398421111
 0.934641203204055193 -0.129020551567443520
 0.967243021066621855 -0.636873695261595818E-01
 0.999999999999999556 0.900521348814730077E-03
 1.03275697893337726 0.641571337814187403E-01
 1.06535879679594414 0.126618367644571239
 1.09765481940320497 0.189256865928959517
 1.12950314141174601 0.252193735958080700
 1.16077418109798325 0.315109669258326952
 1.19135346229080774 0.377114098420842869
 1.22114347323775752 0.437193357401274019
 1.25006458944389376 0.495060728517119353
 1.27805513167770068 0.550255413777683944
 1.30507069154981470 0.602136134024656600
 1.33108289159114879 0.650230097485209546
 1.35607775620713644 0.693703068789327082
 1.38005385946751158 0.731555516891577384
 1.40302039214902230 0.763175317672305287
 1.42499526036600299 0.788150789138076457
 1.44600329685888118 0.806484300412080191
 1.46607463726284526 0.818439978390340106
 1.48524328953102192 0.824152684235249566
 1.50354590591621506 0.823838428733089878
 1.52102075339694531 0.817836142468246985
 1.53770686951584601 0.806445832654118844
 1.55364338540008129 0.790160672127235064
 1.56886899534371382 0.769771164205634739
 1.58342155192779788 0.746071025786680941
 1.59733776655359017 0.719729477349933311
 1.61065299693935415 0.691426876085437403
 1.62340110519551750 0.662024526369980659
 1.63561437227960260 0.632453485910407398
 1.64732345676853553 0.603499050372038437
 1.65855738786874918 0.575756407689479000
 1.66934358436067853 0.549679020339510216
 1.67970789272411247 0.525676447476551401
 1.68967463901601400 0.504202012850824666
 1.69926669018716248 0.485700459989339695
 1.70850552144921330 0.470485490789387506
 1.71741128706292590 0.458679237754367419
 1.72600289253504613 0.450246754000008076
 1.73429806670776032 0.445066614587051212
 1.74231343262087002 0.442968752444244218
 1.75006457634046853 0.443737715664465737
 1.75756611319403411 0.447105543336110911
 1.76483175104333090 0.452754950937172052
 1.77187435037395868 0.460324913044185602
 1.77870598109268663 0.469425751168985272
 1.78533797600803945 0.479674317340275214
 1.79178098103187544 0.490739337031008638
 1.79804500218465790 0.502362765788203380
 1.80413944951857586 0.514335974207460911
 1.81007317809370161 0.526450980661939405
 1.81585452615539600 0.538460553002326758
 1.82149135066809720 0.550061070838105515
 1.82699106036302350 0.560895939851810188
 1.83236064645632535 0.570577449154399563
 1.83760671119080277 0.578717154647615750
 1.84273549434916850 0.584947774853871505
 1.84775289788055153 0.588934651407517551
 1.85266450877491584 0.590390053123384329
 1.85747562031265367 0.589094189530821155
 1.86219125180903466 0.584912404621502735
 1.86681616696562358 0.577801355034386455
 1.87135489093338148 0.567805955920728245
 1.87581172618498138 0.555048793597363033
 1.88019076728701284 0.539711018742087711
 1.88449591465621968 0.522008520617382787
 1.88873088737776040 0.502174078278802338
 1.89289923515769787 0.480453163600784272
 1.89700434947652008 0.457109783674036374
 1.90104947400545554 0.432432021322325277
 1.90503771434267422 0.406730091203872546
 1.90897204712212654 0.380326637784712485
 1.91285532854377660 0.353543372749733131
 1.91669030237027949 0.326688518818641194
 1.92047960743175627 0.300047284545574500
 1.92422578467718974 0.273874947339402708
 1.92793128380807777 0.248390753319813501
 1.93159846952735892 0.223771607117236343
 1.93522962743418470 0.200146757979677792
 1.93882696959291567 0.177596401955112448
 1.94239263980269272 0.156156754210445892
 1.94592871859206551 0.135831890941592093
 1.94943722796150132 0.116610449643202760
 1.95292013589503810 0.984846352128979502E-01
 1.95637936066096163 0.814696726570356272E-01
 1.95981677492010453 0.656215913431217879E-01
 1.96323420965923701 0.510500440719640347E-01
 1.96663345796595213 0.379207317338062649E-01
 1.97001627866054196 0.264432075186915097E-01
 1.97338439979950442 0.168392628157692827E-01
 1.97673952206458559 0.929395198525314811E-02
 1.98008332205058002 0.389021953396601538E-02
 1.98341745546455739 0.548841694425166566E-03
 1.98674356024864895 -0.101435468764778255E-02
 1.99006325963809938 -0.126772903105870443E-02
 1.99337816516593191 -0.810959813540425116E-03
 1.99668987962525302 -0.195221083149996823E-03
 2.00000000000000000 0.000000000000000000E+00
