 0.000000000000000000E+00 -0.000000000000000000E+00
 0.331012037474653908E-02 -0.144463016652901989E-06
 0.662183483406764140E-02 -0.292678473341251751E-06
 0.993674036189995391E-02 0.190403728633312816E-05
 0.132564397513506016E-01 0.927502341439878369E-05
 0.165825445354421674E-01 0.239526808911182581E-04
 0.199166779494195367E-01 0.468729366449549705E-04
 0.232604779354139701E-01 0.776867610464484099E-04
 0.266156002004951375E-01 0.114999914836126044E-03
 0.299837213394578139E-01 0.156671650801701014E-03
 0.333665420340474306E-01 0.200150215542951339E-03
 0.367657903407625497E-01 0.242758490208929610E-03
 0.401832250798950241E-01 0.281928743876596634E-03
 0.436206393390381475E-01 0.315373198300208100E-03
 0.470798641049610112E-01 0.341197665484674860E-03
 0.505627720384977941E-01 0.357962871125819563E-03
 0.540712814079340465E-01 0.364702795560170481E-03
 0.576073601973068339E-01 0.360908754833334734E-03
 0.611730304070841058E-01 0.346488723989698481E-03
 0.647703725658153040E-01 0.321710434013647349E-03
 0.684015304726404150E-01 0.287135865611482064E-03
 0.720687161919215669E-01 0.243553346955914822E-03
 0.757742153228098125E-01 0.191912133063779560E-03
 0.795203925682432811E-01 0.133262889160492317E-03
 0.833096976297200698E-01 0.687060831624221281E-04
 0.871446714562229552E-01 -0.651026637984356209E-06
 0.910279528778730196E-01 -0.737290000847739966E-04
 0.949622856573255625E-01 -0.149502974933941174E-03
 0.989505259945437921E-01 -0.227022116783377601E-03
 0.102995650523479032 -0.305422242573075305E-03
 0.107100764842301688 -0.383932194719061645E-03
 0.111269112622238708 -0.461874749656793269E-03
 0.115504085343779872 -0.538662960956575896E-03
 0.119809232712986713 -0.613792955153539968E-03
 0.124188273815018180 -0.686834686638568693E-03
 0.128645109066618080 -0.757422908491423800E-03
 0.133183833034375976 -0.825250730863422437E-03
 0.137808748190964891 -0.890067100397277000E-03
 0.142524379687345437 -0.951677784108888661E-03
 0.147335491225083715 -0.100994779167749675E-02
 0.152247102119448030 -0.106480229749660190E-02
 0.157264505650830833 -0.111622322673316800E-02
 0.162393288809196790 -0.116423964927834514E-02
 0.167639353543673986 -0.120891265980324039E-02
 0.173008939636976056 -0.125031916974267083E-02
 0.178508649331902358 -0.128854055954343624E-02
 0.184145473844603558 -0.132365887611764470E-02
 0.189926821906297949 -0.135575765518415495E-02
 0.195860550481423701 -0.138492171698382572E-02
 0.201954997815341208 -0.141123185229744029E-02
 0.208219018968123892 -0.143475315877591579E-02
 0.214662023991960105 -0.145551882281752293E-02
 0.221294018907312928 -0.147351369069156110E-02
 0.228125649626040428 -0.148866352273713167E-02
 0.235168248956668657 -0.150083834986982170E-02
 0.242433886805965448 -0.150987655096473375E-02
 0.249935423659531253 -0.151562373327875891E-02
 0.257686567379129539 -0.151797033584213318E-02
 0.265701933292239012 -0.151687531033487238E-02
 0.273997107464953427 -0.151237095222554871E-02
 0.282588712937073661 -0.150455045014273548E-02
 0.291494478550786251 -0.149354986800290354E-02
 0.300733309812837302 -0.147953427749686708E-02
 0.310325360983985998 -0.146267569514802148E-02
 0.320292107275887084 -0.144311937819639161E-02
 0.330656415639321022 -0.142098290708903442E-02
 0.341442612131250156 -0.139642841576396505E-02
 0.352676543231464024 -0.136973046976432552E-02
 0.364385627720396954 -0.134122582630077924E-02
 0.376598894804481832 -0.131121186446524337E-02
 0.389347003060644958 -0.127994542840973303E-02
 0.402662233446409612 -0.124769292166482400E-02
 0.416578448072201457 -0.121467471419137900E-02
 0.431131004656285288 -0.118103165871308725E-02
 0.446356614599918045 -0.114703991192863621E-02
 0.462293130484153547 -0.111329271131390480E-02
 0.478979246603053799 -0.108068030426955951E-02
 0.496454094083784270 -0.105015344902786487E-02
 0.514756710468977419 -0.102238074618466400E-02
 0.533925362737153852 -0.997604182918827246E-03
 0.553996703141117930 -0.975646275302318854E-03
 0.575004739633996120 -0.955841207221565128E-03
 0.596979607850977034 -0.937168261407887357E-03
 0.619946140532487755 -0.918742267225073077E-03
 0.643922243792862670 -0.899677484261784629E-03
 0.668917108408850547 -0.878526266801241281E-03
 0.694929308450184635 -0.853657312731681116E-03
 0.721944868322298650 -0.823445706514188639E-03
 0.749935410556105575 -0.785671752507791587E-03
 0.778856526762241597 -0.737475617972509993E-03
 0.808646537709191593 -0.676078894428432781E-03
 0.839225818902016085 -0.599684783231852381E-03
 0.870496858588253319 -0.507270905171314842E-03
 0.902345180596794139 -0.399376169731832490E-03
 0.934641203204055193 -0.278186460963892040E-03
 0.967243021066621855 -0.146554652650174322E-03
 0.999999999999999556 -0.800368660221617765E-05
 1.03275697893337726 0.132429537203007300E-03
 1.06535879679594414 0.268626085149590394E-03
 1.09765481940320497 0.394892263607196658E-03
 1.12950314141174601 0.506381102682181309E-03
 1.16077418109798325 0.600530939846926682E-03
 1.19135346229080774 0.678088018822393598E-03
 1.22114347323775752 0.741027767771443541E-03
 1.25006458944389376 0.791181993073417295E-03
 1.27805513167770068 0.830386183659733487E-03
 1.30507069154981470 0.860793490946973718E-03
 1.33108289159114879 0.884799605816163535E-03
 1.35607775620713644 0.904675564994064955E-03
 1.38005385946751158 0.922329461845400626E-03
 1.40302039214902230 0.939068317162108901E-03
 1.42499526036600299 0.955957407849586794E-03
 1.44600329685888118 0.974404533402580572E-03
 1.46607463726284526 0.995929952986496572E-03
 1.48524328953102192 0.102113041339057294E-02
 1.50354590591621506 0.104930383684227833E-02
 1.52102075339694531 0.107943830695354727E-02
 1.53770686951584601 0.111095430365590331E-02
 1.55364338540008129 0.114362779093046905E-02
 1.56886899534371382 0.117720670135542716E-02
 1.58342155192779788 0.121123113896119032E-02
 1.59733776655359017 0.124513133522951495E-02
 1.61065299693935415 0.127830270895693248E-02
 1.62340110519551750 0.131013809990326575E-02
 1.63561437227960260 0.134018187683670629E-02
 1.64732345676853553 0.136825425654906992E-02
 1.65855738786874918 0.139432532718961684E-02
 1.66934358436067853 0.141830241614602061E-02
 1.67970789272411247 0.143998117249032531E-02
 1.68967463901601400 0.145912965443385431E-02
 1.69926669018716248 0.147556230855504906E-02
 1.70850552144921330 0.148915866585648516E-02
 1.71741128706292590 0.149984268551812375E-02
 1.72600289253504613 0.150755958877004000E-02
 1.73429806670776032 0.151226834915130920E-02
 1.74231343262087002 0.151394591909722698E-02
 1.75006457634046853 0.151259267504439614E-02
 1.75756611319403411 0.150822693691618471E-02
 1.76483175104333090 0.150087013926038411E-02
 1.77187435037395868 0.149053216412871402E-02
 1.77870598109268663 0.147720197872930142E-02
 1.78533797600803945 0.146084551472947530E-02
 1.79178098103187544 0.144140988269621912E-02
 1.79804500218465790 0.141883177708240337E-02
 1.80413944951857586 0.139304765426736632E-02
 1.81007317809370161 0.136400162114856736E-02
 1.81585452615539600 0.133164932534734549E-02
 1.82149135066809720 0.129596010424860202E-02
 1.82699106036302350 0.125691883455336184E-02
 1.83236064645632535 0.121452597542198704E-02
 1.83760671119080277 0.116879434086208478E-02
 1.84273549434916850 0.111974401417080688E-02
 1.84775289788055153 0.106739917149466256E-02
 1.85266450877491584 0.101178993310753235E-02
 1.85747562031265367 0.952959349470169025E-03
 1.86219125180903466 0.890973206493828745E-03
 1.86681616696562358 0.825930195515152247E-03
 1.87135489093338148 0.757971384927889338E-03
 1.87581172618498138 0.687289276660686004E-03
 1.88019076728701284 0.614137217345456471E-03
 1.88449591465621968 0.538839517223740558E-03
 1.88873088737776040 0.461801657623170565E-03
 1.89289923515769787 0.383519229968188669E-03
 1.89700434947652008 0.304584317531880289E-03
 1.90104947400545554 0.225688574775966173E-03
 1.90503771434267422 0.147622660664048239E-03
 1.90897204712212654 0.712717404643112203E-04
 1.91285532854377660 -0.239335460077449504E-05
 1.91669030237027949 -0.723298774618958047E-04
 1.92047960743175627 -0.137442556963049861E-03
 1.92422578467718974 -0.196609575766380171E-03
 1.92793128380807777 -0.248716214677213786E-03
 1.93159846952735892 -0.292697110975072088E-03
 1.93522962743418470 -0.327587504575629061E-03
 1.93882696959291567 -0.352582891608841167E-03
 1.94239263980269272 -0.367105223545697147E-03
 1.94592871859206551 -0.370872329961059136E-03
 1.94943722796150132 -0.363965576983601362E-03
 1.95292013589503810 -0.346889194437707978E-03
 1.95637936066096163 -0.320613170221405630E-03
 1.95981677492010453 -0.286590785703745208E-03
 1.96323420965923701 -0.246741054709389716E-03
 1.96663345796595213 -0.203387217824830407E-03
 1.97001627866054196 -0.159141744707283077E-03
 1.97338439979950442 -0.116732902912805266E-03
 1.97673952206458559 -0.787650167570755133E-04
 1.98008332205058002 -0.474254881370528809E-04
 1.98341745546455739 -0.241396305302362931E-04
 1.98674356024864895 -0.926233739685655100E-05
 1.99006325963809938 -0.183162019531565641E-05
 1.99337816516593191 0.341239001811172993E-06
 1.99668987962525302 0.152949119263840529E-06
 2.00000000000000000 -0.000000000000000000E+00
