 0.000000000000000000E+00 0.196154969263650780
 0.331012037474653908E-02 0.275406868777888336
 0.662183483406764140E-02 0.370747759931431220
 0.993674036189995391E-02 0.482591439281262469
 0.132564397513506016E-01 0.606722158257674726
 0.165825445354421674E-01 0.739871688067570199
 0.199166779494195367E-01 0.878362018258124877
 0.232604779354139701E-01 1.01898338223409723
 0.266156002004951375E-01 1.16017510486936537
 0.299837213394578139E-01 1.30109992578387135
 0.333665420340474306E-01 1.44148796531773349
 0.367657903407625497E-01 1.58137582651753417
 0.401832250798950241E-01 1.72059848670825466
 0.436206393390381475E-01 1.85895690737998076
 0.470798641049610112E-01 1.99596043577843441
 0.505627720384977941E-01 2.13102344939262789
 0.540712814079340465E-01 2.26344102522358392
 0.576073601973068339E-01 2.39254710204836263
 0.611730304070841058E-01 2.51774689576690669
 0.647703725658153040E-01 2.63855455823837692
 0.684015304726404150E-01 2.75457464672902264
 0.720687161919215669E-01 2.86549168292744660
 0.757742153228098125E-01 2.97106029102249458
 0.795203925682432811E-01 3.07111033268061773
 0.833096976297200698E-01 3.16554327948430769
 0.871446714562229552E-01 3.25430085205303588
 0.910279528778730196E-01 3.33732881157940842
 0.949622856573255625E-01 3.41457228386733735
 0.989505259945437921E-01 3.48600026741035229
 0.102995650523479032 3.55163056984749126
 0.107100764842301688 3.61153551559970776
 0.111269112622238708 3.66582752704657588
 0.115504085343779872 3.71463249955009411
 0.119809232712986713 3.75805823576694475
 0.124188273815018180 3.79617516236759434
 0.128645109066618080 3.82902953972560978
 0.133183833034375976 3.85666259317591376
 0.137808748190964891 3.87910630705639781
 0.142524379687345437 3.89637917979748316
 0.147335491225083715 3.90846886652166159
 0.152247102119448030 3.91531308660618116
 0.157264505650830833 3.91682020080408755
 0.162393288809196790 3.91292360078879842
 0.167639353543673986 3.90360510121463067
 0.173008939636976056 3.88887810686389246
 0.178508649331902358 3.86879658450878416
 0.184145473844603558 3.84347311788441903
 0.189926821906297949 3.81305309633091616
 0.195860550481423701 3.77768466468980391
 0.201954997815341208 3.73745610595573208
 0.208219018968123892 3.69230009196010434
 0.214662023991960105 3.64202416829546616
 0.221294018907312928 3.58644956928359404
 0.228125649626040428 3.52551111556113650
 0.235168248956668657 3.45930395979745375
 0.242433886805965448 3.38798728537407356
 0.249935423659531253 3.31183077579239260
 0.257686567379129539 3.23125698782306126
 0.265701933292239012 3.14663127640407581
 0.273997107464953427 3.05818153789607194
 0.282588712937073661 2.96614051918507027
 0.291494478550786251 2.87070014859212197
 0.300733309812837302 2.77207238449191040
 0.310325360983985998 2.67065695973230888
 0.320292107275887084 2.56697115585564051
 0.330656415639321022 2.46154088001104254
 0.341442612131250156 2.35476836613073104
 0.352676543231464024 2.24688823846688246
 0.364385627720396954 2.13819290189099132
 0.376598894804481832 2.02928121252094185
 0.389347003060644958 1.92064945737355908
 0.402662233446409612 1.81265011374062879
 0.416578448072201457 1.70587232552052126
 0.431131004656285288 1.60073388212501388
 0.446356614599918045 1.49755473863905908
 0.462293130484153547 1.39671119431193214
 0.478979246603053799 1.29856035007008419
 0.496454094083784270 1.20350768923041196
 0.514756710468977419 1.11172108731182018
 0.533925362737153852 1.02353449186202705
 0.553996703141117930 0.939141477837573513
 0.575004739633996120 0.858472436544418516
 0.596979607850977034 0.781846815968236353
 0.619946140532487755 0.709663223819903100
 0.643922243792862670 0.641817254899071710
 0.668917108408850547 0.578734420185967879
 0.694929308450184635 0.520637504334866441
 0.721944868322298650 0.467476728666509134
 0.749935410556105575 0.419273175719192870
 0.778856526762241597 0.376334163684913792
 0.808646537709191593 0.338803425108473832
 0.839225818902016085 0.306528920209769962
 0.870496858588253319 0.279894182509119960
 0.902345180596794139 0.259172939355331644
 0.934641203204055193 0.244184289492530127
 0.967243021066621855 0.235130536492538789
 0.999999999999999556 0.232130120985612198
 1.03275697893337726 0.235205846268354030
 1.06535879679594414 0.244254163539986108
 1.09765481940320497 0.259066147959764959
 1.12950314141174601 0.279753484620388126
 1.16077418109798325 0.306315284450214498
 1.19135346229080774 0.338567504515492890
 1.22114347323775752 0.376361444816272150
 1.25006458944389376 0.419574341038060739
 1.27805513167770068 0.467964237248106429
 1.30507069154981470 0.521755861801990628
 1.33108289159114879 0.580582877422957666
 1.35607775620713644 0.644075695236878798
 1.38005385946751158 0.712097108377719668
 1.40302039214902230 0.784669013447157782
 1.42499526036600299 0.861527645991811419
 1.44600329685888118 0.942171081650970854
 1.46607463726284526 1.02662630770248953
 1.48524328953102192 1.11470845878153613
 1.50354590591621506 1.20639752766631503
 1.52102075339694531 1.30160952631593130
 1.53770686951584601 1.40012578113721964
 1.55364338540008129 1.50133414341246296
 1.56886899534371382 1.60463089924724778
 1.58342155192779788 1.70959797541960223
 1.59733776655359017 1.81595115218116665
 1.61065299693935415 1.92311937429202318
 1.62340110519551750 2.03058107726756099
 1.63561437227960260 2.13821762184942665
 1.64732345676853553 2.24586557850379309
 1.65855738786874918 2.35293358153945187
 1.66934358436067853 2.45872170381496824
 1.67970789272411247 2.56282138430449136
 1.68967463901601400 2.66496290689118043
 1.69926669018716248 2.76484581726297574
 1.70850552144921330 2.86214472335772419
 1.71741128706292590 2.95651044708349753
 1.72600289253504613 3.04748780984143730
 1.73429806670776032 3.13455206803580477
 1.74231343262087002 3.21730886233453361
 1.75006457634046853 3.29555646323754026
 1.75756611319403411 3.36920331103768556
 1.76483175104333090 3.43820399639130825
 1.77187435037395868 3.50251585869867021
 1.77870598109268663 3.56213611288426391
 1.78533797600803945 3.61703745856356784
 1.79178098103187544 3.66709189653887258
 1.79804500218465790 3.71212131382435429
 1.80413944951857586 3.75194887629867857
 1.81007317809370161 3.78641745674479235
 1.81585452615539600 3.81542107443235823
 1.82149135066809720 3.83893199295465593
 1.82699106036302350 3.85701382912767698
 1.83236064645632535 3.86982507968738210
 1.83760671119080277 3.87756580481962088
 1.84273549434916850 3.88040149507510579
 1.84775289788055153 3.87841241924883384
 1.85266450877491584 3.87159334791829446
 1.85747562031265367 3.85987512266578703
 1.86219125180903466 3.84314893894226683
 1.86681616696562358 3.82129106089339121
 1.87135489093338148 3.79418113009272195
 1.87581172618498138 3.76172215967466750
 1.88019076728701284 3.72385611937861016
 1.88449591465621968 3.68056507440906522
 1.88873088737776040 3.63185922191449206
 1.89289923515769787 3.57774613633314642
 1.89700434947652008 3.51820003760641598
 1.90104947400545554 3.45315786747911213
 1.90503771434267422 3.38253572679789327
 1.90897204712212654 3.30625246102450587
 1.91285532854377660 3.22425050730045148
 1.91669030237027949 3.13650482055475299
 1.92047960743175627 3.04302649928811286
 1.92422578467718974 2.94387461073460255
 1.92793128380807777 2.83917489529167977
 1.93159846952735892 2.72913025864338454
 1.93522962743418470 2.61401868686400896
 1.93882696959291567 2.49418963232032631
 1.94239263980269272 2.37007220803191654
 1.94592871859206551 2.24217561495668738
 1.94943722796150132 2.11108455209307833
 1.95292013589503810 1.97740654775638447
 1.95637936066096163 1.84175935853061690
 1.95981677492010453 1.70466072940602320
 1.96323420965923701 1.56658303717937653
 1.96663345796595213 1.42775531798807465
 1.97001627866054196 1.28839097378078016
 1.97338439979950442 1.14850459455842580
 1.97673952206458559 1.00840465775335297
 1.98008332205058002 0.868961407829706545
 1.98341745546455739 0.731765072898454494
 1.98674356024864895 0.600001651449321050
 1.99006325963809938 0.477260014335258498
 1.99337816516593191 0.366704741849564919
 1.99668987962525302 0.272475594608394822
 2.00000000000000000 0.194203594939235280
