 0.000000000000000000E+00 0.853630966551964195E-03
 0.331012037474653908E-02 -0.404352994174887910E-02
 0.662183483406764140E-02 -0.924494876321094346E-02
 0.993674036189995391E-02 -0.151078423576403859E-01
 0.132564397513506016E-01 -0.217153635614053819E-01
 0.165825445354421674E-01 -0.276461251426445669E-01
 0.199166779494195367E-01 -0.329791086866906627E-01
 0.232604779354139701E-01 -0.370255318688633428E-01
 0.266156002004951375E-01 -0.397042526903689033E-01
 0.299837213394578139E-01 -0.409065481041000281E-01
 0.333665420340474306E-01 -0.406918821746394058E-01
 0.367657903407625497E-01 -0.392064013404812561E-01
 0.401832250798950241E-01 -0.366381036002023999E-01
 0.436206393390381475E-01 -0.332096405222623986E-01
 0.470798641049610112E-01 -0.291388831483552907E-01
 0.505627720384977941E-01 -0.246344707989694309E-01
 0.540712814079340465E-01 -0.198802860094730097E-01
 0.576073601973068339E-01 -0.150338639177635767E-01
 0.611730304070841058E-01 -0.102237275725756416E-01
 0.647703725658153040E-01 -0.555134516393986262E-02
 0.684015304726404150E-01 -0.109348853305361632E-02
 0.720687161919215669E-01 0.309435871806199676E-02
 0.757742153228098125E-01 0.697467142877419063E-02
 0.795203925682432811E-01 0.105246295478215318E-01
 0.833096976297200698E-01 0.137331393953971422E-01
 0.871446714562229552E-01 0.165981491636079427E-01
 0.910279528778730196E-01 0.191243852940894375E-01
 0.949622856573255625E-01 0.213215968932651996E-01
 0.989505259945437921E-01 0.232032437228622095E-01
 0.102995650523479032 0.247854355834307809E-01
 0.107100764842301688 0.260860073293133175E-01
 0.111269112622238708 0.271237543396167721E-01
 0.115504085343779872 0.279178398996978473E-01
 0.119809232712986713 0.284873333475771581E-01
 0.124188273815018180 0.288508889799119692E-01
 0.128645109066618080 0.290265801357016233E-01
 0.133183833034375976 0.290318664420853335E-01
 0.137808748190964891 0.288836495539119067E-01
 0.142524379687345437 0.285982489716965667E-01
 0.147335491225083715 0.281911934106218592E-01
 0.152247102119448030 0.276770678185214308E-01
 0.157264505650830833 0.270696130899313880E-01
 0.162393288809196790 0.263818673965688887E-01
 0.167639353543673986 0.256261082857549248E-01
 0.173008939636976056 0.248136537336834107E-01
 0.178508649331902358 0.239547018554843658E-01
 0.184145473844603558 0.230583512341128519E-01
 0.189926821906297949 0.221328356752684488E-01
 0.195860550481423701 0.211856663930757826E-01
 0.201954997815341208 0.202233243290593397E-01
 0.208219018968123892 0.192510364734030832E-01
 0.214662023991960105 0.182735940244690698E-01
 0.221294018907312928 0.172966993834042446E-01
 0.228125649626040428 0.163271221772408742E-01
 0.235168248956668657 0.153708498991111699E-01
 0.242433886805965448 0.144314847786002846E-01
 0.249935423659531253 0.135108012757394862E-01
 0.257686567379129539 0.126092272380379077E-01
 0.265701933292239012 0.117256310896998641E-01
 0.273997107464953427 0.108582366121941047E-01
 0.282588712937073661 0.100060808538733354E-01
 0.291494478550786251 0.917062666340639349E-02
 0.300733309812837302 0.835715319460024128E-02
 0.310325360983985998 0.757240830505093426E-02
 0.320292107275887084 0.682074601917548838E-02
 0.330656415639321022 0.610317018276702351E-02
 0.341442612131250156 0.541809826266425546E-02
 0.352676543231464024 0.476247624314837976E-02
 0.364385627720396954 0.413470250398812952E-02
 0.376598894804481832 0.353734257592264569E-02
 0.389347003060644958 0.297368993753563795E-02
 0.402662233446409612 0.244633891211501085E-02
 0.416578448072201457 0.195782147472010545E-02
 0.431131004656285288 0.150739857217197263E-02
 0.446356614599918045 0.109198493569013112E-02
 0.462293130484153547 0.710609529122653528E-03
 0.478979246603053799 0.364251436735057250E-03
 0.496454094083784270 0.553173334081096660E-04
 0.514756710468977419 -0.213950514610022696E-03
 0.533925362737153852 -0.443479755684545796E-03
 0.553996703141117930 -0.636211707211438741E-03
 0.575004739633996120 -0.793493391380598219E-03
 0.596979607850977034 -0.912475430533961720E-03
 0.619946140532487755 -0.993597084444046517E-03
 0.643922243792862670 -0.104424179418342346E-02
 0.668917108408850547 -0.106627788516880416E-02
 0.694929308450184635 -0.105959205821488001E-02
 0.721944868322298650 -0.102951169446918495E-02
 0.749935410556105575 -0.977539559134598572E-03
 0.778856526762241597 -0.905797705030482523E-03
 0.808646537709191593 -0.815910334281745933E-03
 0.839225818902016085 -0.704983497606890652E-03
 0.870496858588253319 -0.581649151880857447E-03
 0.902345180596794139 -0.449723447987308237E-03
 0.934641203204055193 -0.303896239688913417E-03
 0.967243021066621855 -0.146846723357490670E-03
 0.999999999999999556 0.103409898134551463E-04
 1.03275697893337726 0.162562854002925336E-03
 1.06535879679594414 0.307708649688107961E-03
 1.09765481940320497 0.448081065669277221E-03
 1.12950314141174601 0.583106083779359220E-03
 1.16077418109798325 0.706048347445220625E-03
 1.19135346229080774 0.813537623056137852E-03
 1.22114347323775752 0.903269509517719412E-03
 1.25006458944389376 0.970816979682488450E-03
 1.27805513167770068 0.101778843324824256E-02
 1.30507069154981470 0.104267264646665096E-02
 1.33108289159114879 0.104265272102195897E-02
 1.35607775620713644 0.102186598574273055E-02
 1.38005385946751158 0.972555152944588582E-03
 1.40302039214902230 0.886840724993328351E-03
 1.42499526036600299 0.765710917705991561E-03
 1.44600329685888118 0.607093651015845246E-03
 1.46607463726284526 0.409341857597868232E-03
 1.48524328953102192 0.177498378213596455E-03
 1.50354590591621506 -0.834647742619863789E-04
 1.52102075339694531 -0.378242582064630478E-03
 1.53770686951584601 -0.714094086823299388E-03
 1.55364338540008129 -0.109322739722965022E-02
 1.56886899534371382 -0.151444096852560058E-02
 1.58342155192779788 -0.197346715960369009E-02
 1.59733776655359017 -0.246743868541084242E-02
 1.61065299693935415 -0.299731160620609867E-02
 1.62340110519551750 -0.356315664825013331E-02
 1.63561437227960260 -0.416343838870858029E-02
 1.64732345676853553 -0.479446830677248900E-02
 1.65855738786874918 -0.545112000697071074E-02
 1.66934358436067853 -0.613128867777765207E-02
 1.67970789272411247 -0.683602608054294323E-02
 1.68967463901601400 -0.756833808998389965E-02
 1.69926669018716248 -0.833099603236176628E-02
 1.70850552144921330 -0.912502957937477190E-02
 1.71741128706292590 -0.994914910277047877E-02
 1.72600289253504613 -0.108002132731365511E-01
 1.73429806670776032 -0.116750416218867215E-01
 1.74231343262087002 -0.125717047100558556E-01
 1.75006457634046853 -0.134889739678670517E-01
 1.75756611319403411 -0.144247298045263976E-01
 1.76483175104333090 -0.153754547582513022E-01
 1.77187435037395868 -0.163369838550016279E-01
 1.77870598109268663 -0.173057114253211894E-01
 1.78533797600803945 -0.182786862325954140E-01
 1.79178098103187544 -0.192527413321703367E-01
 1.79804500218465790 -0.202241844508708260E-01
 1.80413944951857586 -0.211883339927242537E-01
 1.81007317809370161 -0.221387150377937193E-01
 1.81585452615539600 -0.230672176783196028E-01
 1.82149135066809720 -0.239649370327442608E-01
 1.82699106036302350 -0.248225422578562012E-01
 1.83236064645632535 -0.256303117171922563E-01
 1.83760671119080277 -0.263782304903364268E-01
 1.84273549434916850 -0.270558655461436114E-01
 1.84775289788055153 -0.276519889196623174E-01
 1.85266450877491584 -0.281543845151185600E-01
 1.85747562031265367 -0.285499097775126116E-01
 1.86219125180903466 -0.288245341367229443E-01
 1.86681616696562358 -0.289633404297766246E-01
 1.87135489093338148 -0.289505911369423927E-01
 1.87581172618498138 -0.287697890577897006E-01
 1.88019076728701284 -0.284036476923945659E-01
 1.88449591465621968 -0.278340425716310895E-01
 1.88873088737776040 -0.270421033513509462E-01
 1.89289923515769787 -0.260085049592852155E-01
 1.89700434947652008 -0.247138644163912430E-01
 1.90104947400545554 -0.231391617456931202E-01
 1.90503771434267422 -0.212662506322481119E-01
 1.90897204712212654 -0.190785982249355238E-01
 1.91285532854377660 -0.165623020988489474E-01
 1.91669030237027949 -0.137073260017251432E-01
 1.92047960743175627 -0.105089383987724029E-01
 1.92422578467718974 -0.696945219919817716E-02
 1.92793128380807777 -0.310037932919370041E-02
 1.93159846952735892 0.107496578598866325E-02
 1.93522962743418470 0.551849688312267515E-02
 1.93882696959291567 0.101741105392636894E-01
 1.94239263980269272 0.149644535027133943E-01
 1.94592871859206551 0.197877202573757786E-01
 1.94943722796150132 0.245155344669901534E-01
 1.95292013589503810 0.289911446698313674E-01
 1.95637936066096163 0.330320557854986499E-01
 1.95981677492010453 0.364314696446132111E-01
 1.96323420965923701 0.389735952423406612E-01
 1.96663345796595213 0.404380929287697297E-01
 1.97001627866054196 0.406393226393905807E-01
 1.97338439979950442 0.394335390103997471E-01
 1.97673952206458559 0.367632176359113730E-01
 1.98008332205058002 0.327375562501946854E-01
 1.98341745546455739 0.274382812766091749E-01
 1.98674356024864895 0.215485233123091056E-01
 1.99006325963809938 0.149909413283127214E-01
 1.99337816516593191 0.917331791618213217E-02
 1.99668987962525302 0.401268443108286545E-02
 2.00000000000000000 -0.847910058747027538E-03
