 0.000000000000000000E+00 0.000000000000000000E+00
 0.331012037474653908E-02 -0.155203898333324583E-19
 0.662183483406764140E-02 -0.354364174417717056E-20
 0.993674036189995391E-02 0.370576914423756398E-19
 0.132564397513506016E-01 -0.143863252135222573E-19
 0.165825445354421674E-01 0.202493813952981175E-19
 0.199166779494195367E-01 -0.478838312994696660E-19
 0.232604779354139701E-01 -0.799387343971245945E-20
 0.266156002004951375E-01 -0.257074499491680153E-18
 0.299837213394578139E-01 0.197782193183879129E-18
 0.333665420340474306E-01 0.119749282918076710E-18
 0.367657903407625497E-01 0.209534775327032546E-18
 0.401832250798950241E-01 0.831151079493282208E-19
 0.436206393390381475E-01 0.108526096366957231E-18
 0.470798641049610112E-01 0.359989002583077644E-20
 0.505627720384977941E-01 -0.136160546271128780E-18
 0.540712814079340465E-01 0.441939440229931202E-18
 0.576073601973068339E-01 -0.530242624981192012E-18
 0.611730304070841058E-01 0.773976355553616935E-18
 0.647703725658153040E-01 0.752588773635445851E-18
 0.684015304726404150E-01 -0.470315043962950263E-18
 0.720687161919215669E-01 -0.452315593833796381E-18
 0.757742153228098125E-01 -0.450621527939287780E-18
 0.795203925682432811E-01 -0.569629657028516978E-18
 0.833096976297200698E-01 -0.846609430780673189E-18
 0.871446714562229552E-01 -0.250721752387272900E-18
 0.910279528778730196E-01 0.115196480826584846E-18
 0.949622856573255625E-01 -0.350671640163280340E-18
 0.989505259945437921E-01 0.386670540421588105E-18
 0.102995650523479032 -0.999498877760074400E-19
 0.107100764842301688 -0.542101086242752217E-18
 0.111269112622238708 -0.196892808589262114E-17
 0.115504085343779872 0.415893177101861466E-18
 0.119809232712986713 -0.134424128729257464E-17
 0.124188273815018180 0.581488118290077183E-18
 0.128645109066618080 -0.829668771835587182E-18
 0.133183833034375976 -0.265544828964223156E-18
 0.137808748190964891 -0.440711242456412466E-17
 0.142524379687345437 0.310861091642328224E-17
 0.147335491225083715 0.763176685476124606E-18
 0.152247102119448030 0.122819777351873549E-19
 0.157264505650830833 0.909289868877491414E-18
 0.162393288809196790 -0.144419117506858208E-17
 0.167639353543673986 0.472220868094272439E-18
 0.173008939636976056 -0.216162808139297447E-17
 0.178508649331902358 -0.381164826264435153E-19
 0.184145473844603558 -0.759788553687107404E-18
 0.189926821906297949 0.449859198286758910E-17
 0.195860550481423701 -0.476879549304171091E-18
 0.201954997815341208 -0.539559987400989316E-18
 0.208219018968123892 0.191260039490021017E-17
 0.214662023991960105 -0.523466361403157610E-18
 0.221294018907312928 -0.671697127172660169E-18
 0.228125649626040428 -0.154159996400282662E-18
 0.235168248956668657 0.772494047895921909E-18
 0.242433886805965448 0.344234189764147658E-17
 0.249935423659531253 -0.129003117866829942E-17
 0.257686567379129539 0.759788553687107404E-18
 0.265701933292239012 -0.404881748787555562E-17
 0.273997107464953427 0.380317793317180852E-18
 0.282588712937073661 0.172117094882073829E-17
 0.291494478550786251 0.297647377665161139E-17
 0.300733309812837302 0.343895376585245938E-18
 0.310325360983985998 -0.401663023587989221E-17
 0.320292107275887084 0.130443073877162252E-17
 0.330656415639321022 -0.330681662608078852E-17
 0.341442612131250156 0.273845751847315300E-17
 0.352676543231464024 0.414029704617902006E-17
 0.364385627720396954 -0.963923493975393786E-18
 0.376598894804481832 -0.590381964236247336E-18
 0.389347003060644958 0.591737216951854217E-17
 0.402662233446409612 0.985099317656751294E-18
 0.416578448072201457 -0.337203816301936965E-17
 0.431131004656285288 0.247079510714079409E-17
 0.446356614599918045 0.156277578768418413E-17
 0.462293130484153547 -0.206676039130049283E-17
 0.478979246603053799 -0.161952699515022225E-17
 0.496454094083784270 -0.677626357803440271E-18
 0.514756710468977419 -0.174997006902738450E-17
 0.533925362737153852 0.513301966036106005E-18
 0.553996703141117930 -0.152635337095224921E-17
 0.575004739633996120 -0.214214632360612556E-17
 0.596979607850977034 -0.722519104007918189E-18
 0.619946140532487755 0.148230765769502559E-18
 0.643922243792862670 -0.263342543301361975E-17
 0.668917108408850547 -0.222981423364694564E-17
 0.694929308450184635 -0.664920863594625766E-19
 0.721944868322298650 0.178300435397030221E-18
 0.749935410556105575 -0.179443929875823527E-17
 0.778856526762241597 0.569629657028516978E-18
 0.808646537709191593 0.221075599233372388E-17
 0.839225818902016085 0.900607781168134836E-18
 0.870496858588253319 -0.616851743837944222E-18
 0.902345180596794139 0.290108784434597866E-18
 0.934641203204055193 0.137642853928823805E-19
 0.967243021066621855 -0.739777400308224559E-18
 0.999999999999999556 -0.287144169119207815E-18
 1.03275697893337726 -0.670850094225405869E-18
 1.06535879679594414 -0.172344734986648422E-18
 1.09765481940320497 0.631443209843379630E-18
 1.12950314141174601 -0.193218803180546586E-17
 1.16077418109798325 -0.319966695825311953E-18
 1.19135346229080774 0.172032391587348399E-17
 1.22114347323775752 0.630192512757199452E-18
 1.25006458944389376 -0.181688567186047423E-18
 1.27805513167770068 -0.237380983468017670E-18
 1.30507069154981470 -0.253771070997388382E-17
 1.33108289159114879 -0.935971406716001875E-19
 1.35607775620713644 0.102702744854583916E-17
 1.38005385946751158 0.930042176085221772E-18
 1.40302039214902230 0.253474609465849376E-17
 1.42499526036600299 -0.861220749120809870E-18
 1.44600329685888118 0.213664060944897261E-18
 1.46607463726284526 0.209640654445439334E-19
 1.48524328953102192 0.223807280488267507E-17
 1.50354590591621506 -0.111829524861249002E-17
 1.52102075339694531 0.136689941863162717E-18
 1.53770686951584601 -0.304974212658910837E-17
 1.55364338540008129 0.182567363868823759E-17
 1.56886899534371382 0.173419408038477316E-17
 1.58342155192779788 -0.119166947766839379E-17
 1.59733776655359017 -0.363377134372094845E-18
 1.61065299693935415 -0.483444054645391919E-18
 1.62340110519551750 -0.304317762124788754E-17
 1.63561437227960260 0.162397391812330733E-17
 1.64732345676853553 -0.387178760189940685E-17
 1.65855738786874918 0.337267343772981038E-17
 1.66934358436067853 0.414643803504661373E-17
 1.67970789272411247 0.692364731085665097E-17
 1.68967463901601400 0.315456245381182804E-17
 1.69926669018716248 0.579370535921941432E-18
 1.70850552144921330 -0.320178454062125528E-18
 1.71741128706292590 0.232468192373942728E-17
 1.72600289253504613 0.120299854333792006E-17
 1.73429806670776032 0.460002417830129157E-17
 1.74231343262087002 -0.151237732732255326E-17
 1.75006457634046853 -0.206464280893235708E-18
 1.75756611319403411 -0.208158346787744308E-17
 1.76483175104333090 0.419069550654065093E-18
 1.77187435037395868 0.938300747320951201E-18
 1.77870598109268663 0.944441736188544878E-18
 1.78533797600803945 -0.101834536083648258E-17
 1.79178098103187544 -0.159305721554852536E-17
 1.79804500218465790 0.741153828847512797E-18
 1.80413944951857586 -0.402086540061616371E-17
 1.81007317809370161 0.537569459974941710E-17
 1.81585452615539600 0.489934444603727995E-17
 1.82149135066809720 -0.133566507870162485E-17
 1.82699106036302350 0.266074224556257094E-18
 1.83236064645632535 0.330692250519919531E-17
 1.83760671119080277 -0.151555370087475688E-17
 1.84273549434916850 -0.301077861101541056E-17
 1.84775289788055153 -0.185584918743417204E-17
 1.85266450877491584 0.232341137431854583E-17
 1.85747562031265367 0.164207924737086799E-17
 1.86219125180903466 0.116678788484279872E-18
 1.86681616696562358 -0.219074483895484104E-17
 1.87135489093338148 -0.307536487324355096E-17
 1.87581172618498138 0.294449828289276155E-18
 1.88019076728701284 -0.797693278076737344E-18
 1.88449591465621968 0.346891755636158025E-17
 1.88873088737776040 0.119315178532608882E-17
 1.89289923515769787 0.149829540457445051E-17
 1.89700434947652008 0.170465380634927943E-18
 1.90104947400545554 -0.155081144730421713E-17
 1.90503771434267422 -0.974934922289699690E-18
 1.90897204712212654 -0.909925143587932139E-18
 1.91285532854377660 0.640568666361064631E-20
 1.91669030237027949 0.110431920498279407E-17
 1.92047960743175627 -0.100685747648934613E-17
 1.92422578467718974 -0.608804930839028369E-18
 1.92793128380807777 0.104793857443117970E-17
 1.93159846952735892 0.241563208645085778E-18
 1.93522962743418470 0.337172052566414929E-18
 1.93882696959291567 0.124990299279212694E-18
 1.94239263980269272 -0.133037112278128547E-18
 1.94592871859206551 0.290135254214199563E-18
 1.94943722796150132 -0.340771942592245705E-18
 1.95292013589503810 -0.369041667206857979E-18
 1.95637936066096163 -0.453109687221847288E-18
 1.95981677492010453 0.218177158366986580E-18
 1.96323420965923701 0.222769665127880989E-18
 1.96663345796595213 -0.176288732147301258E-18
 1.97001627866054196 -0.313137492688074157E-19
 1.97338439979950442 -0.223007893144296261E-19
 1.97673952206458559 -0.291074931390059802E-18
 1.98008332205058002 -0.142397488089778608E-18
 1.98341745546455739 -0.501900108472675072E-19
 1.98674356024864895 0.297387973825064510E-19
 1.99006325963809938 -0.663771082543177058E-19
 1.99337816516593191 -0.175986811223719403E-19
 1.99668987962525302 0.129564401271477799E-19
 2.00000000000000000 0.000000000000000000E+00
