 0.000000000000000000E+00 -0.000000000000000000E+00
 0.331012037474653908E-02 -0.911412692480064455E-04
 0.662183483406764140E-02 -0.336762474126893561E-04
 0.993674036189995391E-02 -0.713321692338266601E-04
 0.132564397513506016E-01 -0.399389366236884211E-04
 0.165825445354421674E-01 -0.314958104345175731E-04
 0.199166779494195367E-01 -0.861949539662785898E-05
 0.232604779354139701E-01 0.185621771712404026E-04
 0.266156002004951375E-01 0.489596182438236792E-04
 0.299837213394578139E-01 0.836025722570778147E-04
 0.333665420340474306E-01 0.117270698230576839E-03
 0.367657903407625497E-01 0.151281238704946777E-03
 0.401832250798950241E-01 0.181654964006756886E-03
 0.436206393390381475E-01 0.209656339708214046E-03
 0.470798641049610112E-01 0.233137889418819506E-03
 0.505627720384977941E-01 0.253332611453758875E-03
 0.540712814079340465E-01 0.269420321055247199E-03
 0.576073601973068339E-01 0.282457160481870099E-03
 0.611730304070841058E-01 0.292308684156431561E-03
 0.647703725658153040E-01 0.299753316336784554E-03
 0.684015304726404150E-01 0.304917277543536962E-03
 0.720687161919215669E-01 0.308328461960049227E-03
 0.757742153228098125E-01 0.310180196217322950E-03
 0.795203925682432811E-01 0.310810729709663097E-03
 0.833096976297200698E-01 0.310387695997525151E-03
 0.871446714562229552E-01 0.309109565267495421E-03
 0.910279528778730196E-01 0.307098225267842580E-03
 0.949622856573255625E-01 0.304476432452783249E-03
 0.989505259945437921E-01 0.301347099408461213E-03
 0.102995650523479032 0.297811879588714349E-03
 0.107100764842301688 0.293964967932041558E-03
 0.111269112622238708 0.289874717418660689E-03
 0.115504085343779872 0.285584035654280711E-03
 0.119809232712986713 0.281099426604589585E-03
 0.124188273815018180 0.276408313465009551E-03
 0.128645109066618080 0.271496189873077036E-03
 0.133183833034375976 0.266377338673004125E-03
 0.137808748190964891 0.261084809286652527E-03
 0.142524379687345437 0.255645165853076101E-03
 0.147335491225083715 0.250058072580465398E-03
 0.152247102119448030 0.244324334150616818E-03
 0.157264505650830833 0.238477767612936878E-03
 0.162393288809196790 0.232574009991602231E-03
 0.167639353543673986 0.226647419162287196E-03
 0.173008939636976056 0.220703236418342847E-03
 0.178508649331902358 0.214726687446596302E-03
 0.184145473844603558 0.208685346181297155E-03
 0.189926821906297949 0.202565525811175995E-03
 0.195860550481423701 0.196380873334984260E-03
 0.201954997815341208 0.190123967782148930E-03
 0.208219018968123892 0.183771337930167843E-03
 0.214662023991960105 0.177349673451663182E-03
 0.221294018907312928 0.170940340572884225E-03
 0.228125649626040428 0.164585333041497806E-03
 0.235168248956668657 0.158274855543456415E-03
 0.242433886805965448 0.151995067792065673E-03
 0.249935423659531253 0.145722985045854955E-03
 0.257686567379129539 0.139411332535423877E-03
 0.265701933292239012 0.133070749709519344E-03
 0.273997107464953427 0.126775313653721083E-03
 0.282588712937073661 0.120603546018601125E-03
 0.291494478550786251 0.114566314464826331E-03
 0.300733309812837302 0.108623930027389390E-03
 0.310325360983985998 0.102784527225857099E-03
 0.320292107275887084 0.970395159941793542E-04
 0.330656415639321022 0.913590011791051709E-04
 0.341442612131250156 0.857719345094527205E-04
 0.352676543231464024 0.803175192801679482E-04
 0.364385627720396954 0.750548483262012273E-04
 0.376598894804481832 0.700464963530737680E-04
 0.389347003060644958 0.652965326246410672E-04
 0.402662233446409612 0.607390628347790219E-04
 0.416578448072201457 0.563084467603698524E-04
 0.431131004656285288 0.520115628588445892E-04
 0.446356614599918045 0.479135133624962575E-04
 0.462293130484153547 0.439901032848837557E-04
 0.478979246603053799 0.402776117628170748E-04
 0.496454094083784270 0.367798815038308211E-04
 0.514756710468977419 0.335007268761969019E-04
 0.533925362737153852 0.304720800636872497E-04
 0.553996703141117930 0.276200431106453770E-04
 0.575004739633996120 0.249252501877938010E-04
 0.596979607850977034 0.223632894770023620E-04
 0.619946140532487755 0.199751088027875678E-04
 0.643922243792862670 0.178026706445505914E-04
 0.668917108408850547 0.157373815949401712E-04
 0.694929308450184635 0.138032453327550671E-04
 0.721944868322298650 0.120503740843053226E-04
 0.749935410556105575 0.103962367073138587E-04
 0.778856526762241597 0.887032705482528591E-05
 0.808646537709191593 0.740869589312010517E-05
 0.839225818902016085 0.599200534255042623E-05
 0.870496858588253319 0.461318707144091320E-05
 0.902345180596794139 0.337715486252243043E-05
 0.934641203204055193 0.224276584665644665E-05
 0.967243021066621855 0.108951216369758741E-05
 0.999999999999999556 -0.574144690464696645E-07
 1.03275697893337726 -0.117647396209880435E-05
 1.06535879679594414 -0.228608350573667197E-05
 1.09765481940320497 -0.346024594383048810E-05
 1.12950314141174601 -0.465239138160616271E-05
 1.16077418109798325 -0.595324525633095173E-05
 1.19135346229080774 -0.733049337315716267E-05
 1.22114347323775752 -0.879089278550435090E-05
 1.25006458944389376 -0.104024391015739944E-04
 1.27805513167770068 -0.121649551375588620E-04
 1.30507069154981470 -0.140166426687936292E-04
 1.33108289159114879 -0.159367698926567081E-04
 1.35607775620713644 -0.180434623978883944E-04
 1.38005385946751158 -0.203100978956078870E-04
 1.40302039214902230 -0.226929419960319343E-04
 1.42499526036600299 -0.252409036149195184E-04
 1.44600329685888118 -0.279720403871857790E-04
 1.46607463726284526 -0.308293796756269831E-04
 1.48524328953102192 -0.338634245640527691E-04
 1.50354590591621506 -0.371330755121926682E-04
 1.52102075339694531 -0.407196953162186788E-04
 1.53770686951584601 -0.445362766258060850E-04
 1.55364338540008129 -0.484646438662369132E-04
 1.56886899534371382 -0.525351866520140125E-04
 1.58342155192779788 -0.568566145542252299E-04
 1.59733776655359017 -0.614702529075544291E-04
 1.61065299693935415 -0.662702262860983806E-04
 1.62340110519551750 -0.711749531887901390E-04
 1.63561437227960260 -0.762191793532816260E-04
 1.64732345676853553 -0.814845289836213998E-04
 1.65855738786874918 -0.869204185070727347E-04
 1.66934358436067853 -0.924584114570461025E-04
 1.67970789272411247 -0.980935134083981493E-04
 1.68967463901601400 -0.103766943628621946E-03
 1.69926669018716248 -0.109529399969400483E-03
 1.70850552144921330 -0.115450442512146352E-03
 1.71741128706292590 -0.121509006920437603E-03
 1.72600289253504613 -0.127668367309077141E-03
 1.73429806670776032 -0.133857308193859325E-03
 1.74231343262087002 -0.140036154561409257E-03
 1.75006457634046853 -0.146247174045812252E-03
 1.75756611319403411 -0.152527702736120283E-03
 1.76483175104333090 -0.158858007358318954E-03
 1.77187435037395868 -0.165163612802562401E-03
 1.77870598109268663 -0.171404671485349828E-03
 1.78533797600803945 -0.177591015792535276E-03
 1.79178098103187544 -0.183742300923307570E-03
 1.79804500218465790 -0.189855539916329965E-03
 1.80413944951857586 -0.195918729146650342E-03
 1.81007317809370161 -0.201936575451553351E-03
 1.81585452615539600 -0.207925690836582139E-03
 1.82149135066809720 -0.213892428588971446E-03
 1.82699106036302350 -0.219828354838779355E-03
 1.83236064645632535 -0.225717076208428789E-03
 1.83760671119080277 -0.231532123683521275E-03
 1.84273549434916850 -0.237243754639446789E-03
 1.84775289788055153 -0.242849241452349114E-03
 1.85266450877491584 -0.248367557023319873E-03
 1.85747562031265367 -0.253820965586562075E-03
 1.86219125180903466 -0.259231203629194844E-03
 1.86681616696562358 -0.264601228321741013E-03
 1.87135489093338148 -0.269893754494367048E-03
 1.87581172618498138 -0.275050212786147905E-03
 1.88019076728701284 -0.280015489593827389E-03
 1.88449591465621968 -0.284757424370013479E-03
 1.88873088737776040 -0.289256682959223568E-03
 1.89289923515769787 -0.293497819560088887E-03
 1.89700434947652008 -0.297438010105153660E-03
 1.90104947400545554 -0.301008649974748735E-03
 1.90503771434267422 -0.304122043303499498E-03
 1.90897204712212654 -0.306696938821641920E-03
 1.91285532854377660 -0.308661544458393685E-03
 1.91669030237027949 -0.309922615120859161E-03
 1.92047960743175627 -0.310374392428868244E-03
 1.92422578467718974 -0.309816254113046824E-03
 1.92793128380807777 -0.308066410079153050E-03
 1.93159846952735892 -0.304771136700158964E-03
 1.93522962743418470 -0.299726738348449976E-03
 1.93882696959291567 -0.292397018550954297E-03
 1.94239263980269272 -0.282644560208277363E-03
 1.94592871859206551 -0.269678287747995111E-03
 1.94943722796150132 -0.253623411791841587E-03
 1.95292013589503810 -0.233425142820467254E-03
 1.95637936066096163 -0.209915640895794821E-03
 1.95981677492010453 -0.181878783107273969E-03
 1.96323420965923701 -0.151481124781783398E-03
 1.96663345796595213 -0.117456082064484909E-03
 1.97001627866054196 -0.837876524597204095E-04
 1.97338439979950442 -0.491284629874131390E-04
 1.97673952206458559 -0.187268238891695918E-04
 1.98008332205058002 0.846013626440665623E-05
 1.98341745546455739 0.313147499979026146E-04
 1.98674356024864895 0.397044370608568101E-04
 1.99006325963809938 0.711187299550192464E-04
 1.99337816516593191 0.334122906902228808E-04
 1.99668987962525302 0.908891458248336029E-04
 2.00000000000000000 -0.000000000000000000E+00
