 0.000000000000000000E+00 0.870465415257392338E-12
 0.331012037474653908E-02 -0.610664733239880627E-05
 0.662183483406764140E-02 -0.302935604405605939E-04
 0.993674036189995391E-02 -0.815002069708656735E-04
 0.132564397513506016E-01 -0.167447083491086912E-03
 0.165825445354421674E-01 -0.292227606119088018E-03
 0.199166779494195367E-01 -0.456196482398746079E-03
 0.232604779354139701E-01 -0.656731729897075530E-03
 0.266156002004951375E-01 -0.889319819148460611E-03
 0.299837213394578139E-01 -0.114879279426566457E-02
 0.333665420340474306E-01 -0.142973461990146262E-02
 0.367657903407625497E-01 -0.172697227056011317E-02
 0.401832250798950241E-01 -0.203558752759303322E-02
 0.436206393390381475E-01 -0.235100648303995016E-02
 0.470798641049610112E-01 -0.266896427149933150E-02
 0.505627720384977941E-01 -0.298554126015002693E-02
 0.540712814079340465E-01 -0.329719431644822421E-02
 0.576073601973068339E-01 -0.360080657061721690E-02
 0.611730304070841058E-01 -0.389370976269621041E-02
 0.647703725658153040E-01 -0.417367773142809581E-02
 0.684015304726404150E-01 -0.443889528482538723E-02
 0.720687161919215669E-01 -0.468791898145043233E-02
 0.757742153228098125E-01 -0.491963927787608148E-02
 0.795203925682432811E-01 -0.513324564445317381E-02
 0.833096976297200698E-01 -0.532818627546787806E-02
 0.871446714562229552E-01 -0.550411493898305109E-02
 0.910279528778730196E-01 -0.566083162479174336E-02
 0.949622856573255625E-01 -0.579823358349844213E-02
 0.989505259945437921E-01 -0.591628539951927213E-02
 0.102995650523479032 -0.601500425513848327E-02
 0.107100764842301688 -0.609445669427930142E-02
 0.111269112622238708 -0.615477003924265985E-02
 0.115504085343779872 -0.619615766355851097E-02
 0.119809232712986713 -0.621893986300167245E-02
 0.124188273815018180 -0.622353450501725650E-02
 0.128645109066618080 -0.621041113364621117E-02
 0.133183833034375976 -0.618002723186339333E-02
 0.137808748190964891 -0.613277648026267896E-02
 0.142524379687345437 -0.606898415444486264E-02
 0.147335491225083715 -0.598897030717123347E-02
 0.152247102119448030 -0.589315160816664997E-02
 0.157264505650830833 -0.578211455658989622E-02
 0.162393288809196790 -0.565661790100269353E-02
 0.167639353543673986 -0.551753738061975391E-02
 0.173008939636976056 -0.536579306576761943E-02
 0.178508649331902358 -0.520231889493616255E-02
 0.184145473844603558 -0.502811407193703985E-02
 0.189926821906297949 -0.484430396787386992E-02
 0.195860550481423701 -0.465210222354710008E-02
 0.201954997815341208 -0.445272649544015131E-02
 0.208219018968123892 -0.424743046139122032E-02
 0.214662023991960105 -0.403759246079933576E-02
 0.221294018907312928 -0.382461443478053238E-02
 0.228125649626040428 -0.360962983034059494E-02
 0.235168248956668657 -0.339344679143427407E-02
 0.242433886805965448 -0.317691850921693331E-02
 0.249935423659531253 -0.296119563779699340E-02
 0.257686567379129539 -0.274763200095040150E-02
 0.265701933292239012 -0.253768191059203316E-02
 0.273997107464953427 -0.233282816746229003E-02
 0.282588712937073661 -0.213448259978826381E-02
 0.291494478550786251 -0.194392533750398005E-02
 0.300733309812837302 -0.176222598966892349E-02
 0.310325360983985998 -0.159027688132771725E-02
 0.320292107275887084 -0.142858535078342966E-02
 0.330656415639321022 -0.127707195957539816E-02
 0.341442612131250156 -0.113541768109849390E-02
 0.352676543231464024 -0.100338997742310007E-02
 0.364385627720396954 -0.881233049290595732E-03
 0.376598894804481832 -0.769471267112274227E-03
 0.389347003060644958 -0.668032450669225832E-03
 0.402662233446409612 -0.576136200786920389E-03
 0.416578448072201457 -0.493270708805598388E-03
 0.431131004656285288 -0.419446727923980392E-03
 0.446356614599918045 -0.354119908795016254E-03
 0.462293130484153547 -0.295907401027766480E-03
 0.478979246603053799 -0.243773426367697657E-03
 0.496454094083784270 -0.197722557687097730E-03
 0.514756710468977419 -0.158185085677439729E-03
 0.533925362737153852 -0.124382323600930695E-03
 0.553996703141117930 -0.950068312038830306E-04
 0.575004739633996120 -0.699295597994885576E-04
 0.596979607850977034 -0.488864846451575078E-04
 0.619946140532487755 -0.310953514396513872E-04
 0.643922243792862670 -0.166618750039983026E-04
 0.668917108408850547 -0.511916202932502968E-05
 0.694929308450184635 0.412765495880407458E-05
 0.721944868322298650 0.110901295364350305E-04
 0.749935410556105575 0.155616028051463301E-04
 0.778856526762241597 0.178846023580486164E-04
 0.808646537709191593 0.188470737093147894E-04
 0.839225818902016085 0.194576643458639658E-04
 0.870496858588253319 0.203095411596879280E-04
 0.902345180596794139 0.208704364616345464E-04
 0.934641203204055193 0.206581157205991673E-04
 0.967243021066621855 0.201018104760168651E-04
 0.999999999999999556 0.198540657648715318E-04
 1.03275697893337726 0.198285518276824841E-04
 1.06535879679594414 0.200326017730742939E-04
 1.09765481940320497 0.204043047526955690E-04
 1.12950314141174601 0.210308553134171990E-04
 1.16077418109798325 0.213614213408102176E-04
 1.19135346229080774 0.208188962324064578E-04
 1.22114347323775752 0.192288491496098560E-04
 1.25006458944389376 0.168828208043431221E-04
 1.27805513167770068 0.135628876511524884E-04
 1.30507069154981470 0.797404323630475816E-05
 1.33108289159114879 -0.103053430072414036E-05
 1.35607775620713644 -0.125804831638061154E-04
 1.38005385946751158 -0.262437077085595131E-04
 1.40302039214902230 -0.424208550643827466E-04
 1.42499526036600299 -0.615517357350691351E-04
 1.44600329685888118 -0.839750586849180580E-04
 1.46607463726284526 -0.109488435319419312E-03
 1.48524328953102192 -0.139033641038786420E-03
 1.50354590591621506 -0.174693906764035022E-03
 1.52102075339694531 -0.218143097589381768E-03
 1.53770686951584601 -0.270243568226501802E-03
 1.55364338540008129 -0.330789766129654895E-03
 1.56886899534371382 -0.398972004870331556E-03
 1.58342155192779788 -0.474332011123232541E-03
 1.59733776655359017 -0.557318014805482801E-03
 1.61065299693935415 -0.648930221400828371E-03
 1.62340110519551750 -0.750274135590230334E-03
 1.63561437227960260 -0.862276455186924864E-03
 1.64732345676853553 -0.985233250317603740E-03
 1.65855738786874918 -0.111883477987306692E-02
 1.66934358436067853 -0.126279267509496538E-02
 1.67970789272411247 -0.141721443221768696E-02
 1.68967463901601400 -0.158205687217983278E-02
 1.69926669018716248 -0.175687418106065720E-02
 1.70850552144921330 -0.194088146561104493E-02
 1.71741128706292590 -0.213325226204749653E-02
 1.72600289253504613 -0.233327849528393869E-02
 1.73429806670776032 -0.254015853106931725E-02
 1.74231343262087002 -0.275286242991245244E-02
 1.75006457634046853 -0.297005754277495640E-02
 1.75756611319403411 -0.319010716662204274E-02
 1.76483175104333090 -0.341118528184158496E-02
 1.77187435037395868 -0.363156638322164596E-02
 1.77870598109268663 -0.384992827122328631E-02
 1.78533797600803945 -0.406534883362580889E-02
 1.79178098103187544 -0.427699392092357328E-02
 1.79804500218465790 -0.448375877328988700E-02
 1.80413944951857586 -0.468416791844294706E-02
 1.81007317809370161 -0.487666663193155742E-02
 1.81585452615539600 -0.505993285967708262E-02
 1.82149135066809720 -0.523291154907386778E-02
 1.82699106036302350 -0.539469327848810746E-02
 1.83236064645632535 -0.554440867687538627E-02
 1.83760671119080277 -0.568120289004665855E-02
 1.84273549434916850 -0.580429011050113009E-02
 1.84775289788055153 -0.591300704972730004E-02
 1.85266450877491584 -0.600678876881727448E-02
 1.85747562031265367 -0.608510679167089969E-02
 1.86219125180903466 -0.614744700614970434E-02
 1.86681616696562358 -0.619333121291709178E-02
 1.87135489093338148 -0.622233812010558867E-02
 1.87581172618498138 -0.623410158442025755E-02
 1.88019076728701284 -0.622828837668613737E-02
 1.88449591465621968 -0.620457552273221118E-02
 1.88873088737776040 -0.616264575940386923E-02
 1.89289923515769787 -0.610219159779914425E-02
 1.89700434947652008 -0.602291352641104363E-02
 1.90104947400545554 -0.592452290274567053E-02
 1.90503771434267422 -0.580676770377759003E-02
 1.90897204712212654 -0.566947855973958144E-02
 1.91285532854377660 -0.551261118885831066E-02
 1.91669030237027949 -0.533626535875512432E-02
 1.92047960743175627 -0.514068586078322842E-02
 1.92422578467718974 -0.492627064510678912E-02
 1.92793128380807777 -0.469360822397639835E-02
 1.93159846952735892 -0.444354297607241037E-02
 1.93522962743418470 -0.417724358913080379E-02
 1.93882696959291567 -0.389624929118164006E-02
 1.94239263980269272 -0.360248867218666662E-02
 1.94592871859206551 -0.329828241505200973E-02
 1.94943722796150132 -0.298634142707243254E-02
 1.95292013589503810 -0.266975899975746079E-02
 1.95637936066096163 -0.235199807162188822E-02
 1.95981677492010453 -0.203686836382475575E-02
 1.96323420965923701 -0.172852619233036060E-02
 1.96663345796595213 -0.143146360216368264E-02
 1.97001627866054196 -0.115055657744506535E-02
 1.97338439979950442 -0.890976396197608496E-03
 1.97673952206458559 -0.658171538600134257E-03
 1.98008332205058002 -0.457363544615173995E-03
 1.98341745546455739 -0.293116804183467922E-03
 1.98674356024864895 -0.168077655356000083E-03
 1.99006325963809938 -0.818938302799939377E-04
 1.99337816516593191 -0.304820874637688093E-04
 1.99668987962525302 -0.615401945473704775E-05
 2.00000000000000000 0.879319370138230073E-12
