 0.000000000000000000E+00 5833.87120181173850
 0.331012037474653908E-02 4521.95991535753637
 0.662183483406764140E-02 4923.49538186370319
 0.993674036189995391E-02 5960.77321672959442
 0.132564397513506016E-01 7318.06538089233436
 0.165825445354421674E-01 8854.62557003184338
 0.199166779494195367E-01 10476.7249365995795
 0.232604779354139701E-01 12041.9296005735214
 0.266156002004951375E-01 13421.6913253854054
 0.299837213394578139E-01 14502.5611556231670
 0.333665420340474306E-01 15230.4160621698375
 0.367657903407625497E-01 15597.0685297497894
 0.401832250798950241E-01 15637.5555930093033
 0.436206393390381475E-01 15408.5551098154738
 0.470798641049610112E-01 14976.6743975313220
 0.505627720384977941E-01 14405.7824163095265
 0.540712814079340465E-01 13751.4288133322480
 0.576073601973068339E-01 13057.5984477438851
 0.611730304070841058E-01 12356.5750652019742
 0.647703725658153040E-01 11670.2614896944597
 0.684015304726404150E-01 11012.0856107776162
 0.720687161919215669E-01 10389.2415359559272
 0.757742153228098125E-01 9804.49469312553629
 0.795203925682432811E-01 9257.84136218671847
 0.833096976297200698E-01 8747.63460257207407
 0.871446714562229552E-01 8271.43124639283087
 0.910279528778730196E-01 7826.47076629642197
 0.949622856573255625E-01 7410.00000565419487
 0.989505259945437921E-01 7019.41912703376329
 0.102995650523479032 6652.35189617679134
 0.107100764842301688 6306.67140579349143
 0.111269112622238708 5980.52167742668826
 0.115504085343779872 5672.31093734783190
 0.119809232712986713 5380.68131879076554
 0.124188273815018180 5104.45750137996674
 0.128645109066618080 4842.55782307076242
 0.133183833034375976 4593.92063463061095
 0.137808748190964891 4357.51324873617887
 0.142524379687345437 4132.42610503176729
 0.147335491225083715 3917.94291582373762
 0.152247102119448030 3713.47840491797433
 0.157264505650830833 3518.46428511272188
 0.162393288809196790 3332.35515478755497
 0.167639353543673986 3154.67411440732985
 0.173008939636976056 2984.95476720313309
 0.178508649331902358 2822.70696523149445
 0.184145473844603558 2667.42219870060762
 0.189926821906297949 2518.57469157895730
 0.195860550481423701 2375.68925007453572
 0.201954997815341208 2238.43302338853482
 0.208219018968123892 2106.65912603317338
 0.214662023991960105 1980.30314767999243
 0.221294018907312928 1859.33602180414323
 0.228125649626040428 1743.78147650271717
 0.235168248956668657 1633.53100189494762
 0.242433886805965448 1528.36966295765842
 0.249935423659531253 1428.10180349013308
 0.257686567379129539 1332.52192619772018
 0.265701933292239012 1241.54600944523827
 0.273997107464953427 1155.17305032419790
 0.282588712937073661 1073.17987595820500
 0.291494478550786251 995.404168346687356
 0.300733309812837302 921.963638659967160
 0.310325360983985998 852.728648253045208
 0.320292107275887084 787.595610161145828
 0.330656415639321022 726.460718864582759
 0.341442612131250156 669.015435351686733
 0.352676543231464024 614.908357017602270
 0.364385627720396954 563.954420477511690
 0.376598894804481832 516.377583232663937
 0.389347003060644958 472.178424278008492
 0.402662233446409612 431.111005416574415
 0.416578448072201457 392.913983033302713
 0.431131004656285288 357.288997738514809
 0.446356614599918045 324.152801069022985
 0.462293130484153547 293.539996643291659
 0.478979246603053799 265.219100698576881
 0.496454094083784270 239.295217190634560
 0.514756710468977419 215.368330828173299
 0.533925362737153852 193.504166835821849
 0.553996703141117930 173.667531356399707
 0.575004739633996120 155.612042650258644
 0.596979607850977034 139.223234161618763
 0.619946140532487755 124.278008459985102
 0.643922243792862670 110.757192858862126
 0.668917108408850547 98.6503615486535779
 0.694929308450184635 87.8812985305826260
 0.721944868322298650 78.5122786712538385
 0.749935410556105575 70.2411118433239352
 0.778856526762241597 63.0071345055518748
 0.808646537709191593 56.8536252096433685
 0.839225818902016085 51.6743881061443275
 0.870496858588253319 47.4003257920909959
 0.902345180596794139 44.0418006019640558
 0.934641203204055193 41.6348935152738591
 0.967243021066621855 40.1771391558758921
 0.999999999999999556 39.6356502316863626
 1.03275697893337726 40.0796692527882996
 1.06535879679594414 41.5425599209884311
 1.09765481940320497 43.9768867305321720
 1.12950314141174601 47.3344806752568132
 1.16077418109798325 51.5590290748277909
 1.19135346229080774 56.8592055143448292
 1.22114347323775752 63.2360492327907764
 1.25006458944389376 70.6805753600735045
 1.27805513167770068 79.1852237356142012
 1.30507069154981470 88.8087437334746426
 1.33108289159114879 99.6235323963420853
 1.35607775620713644 111.729342248936973
 1.38005385946751158 125.301043663687835
 1.40302039214902230 140.420892781426431
 1.42499526036600299 157.036066612295144
 1.44600329685888118 175.391396771524938
 1.46607463726284526 195.636045594643690
 1.48524328953102192 217.777904539538952
 1.50354590591621506 241.874806386117314
 1.52102075339694531 267.982102335444097
 1.53770686951584601 296.293085667231708
 1.55364338540008129 326.997427386011225
 1.56886899534371382 360.031750175351817
 1.58342155192779788 395.595751681130878
 1.59733776655359017 433.790260529197894
 1.61065299693935415 474.734391106084558
 1.62340110519551750 518.492606918808633
 1.63561437227960260 565.452202959066199
 1.64732345676853553 615.905653259207270
 1.65855738786874918 669.770326579730636
 1.66934358436067853 727.204912249960898
 1.67970789272411247 788.446920647657748
 1.68967463901601400 853.477017761804404
 1.69926669018716248 922.426458119542872
 1.70850552144921330 995.362354694909641
 1.71741128706292590 1072.26103730524937
 1.72600289253504613 1153.24757649321054
 1.73429806670776032 1238.47683775691462
 1.74231343262087002 1328.26037063777039
 1.75006457634046853 1422.94722809551354
 1.75756611319403411 1522.48288148734832
 1.76483175104333090 1626.59364019319901
 1.77187435037395868 1735.30326150213591
 1.77870598109268663 1849.05379393553517
 1.78533797600803945 1968.32700985323390
 1.79178098103187544 2093.31951080651243
 1.79804500218465790 2224.09395613290280
 1.80413944951857586 2360.76011809215242
 1.81007317809370161 2503.42695680185898
 1.81585452615539600 2652.19829378489703
 1.82149135066809720 2807.30629252939480
 1.82699106036302350 2969.16501955629064
 1.83236064645632535 3138.34062346225210
 1.83760671119080277 3315.45643790274835
 1.84273549434916850 3501.04114582105922
 1.84775289788055153 3695.54674794541370
 1.85266450877491584 3899.48914617242917
 1.85747562031265367 4113.47911728596409
 1.86219125180903466 4338.19943693094865
 1.86681616696562358 4574.43718686350530
 1.87135489093338148 4823.08338716798153
 1.87581172618498138 5085.09615120080070
 1.88019076728701284 5361.49443654959759
 1.88449591465621968 5653.40067157815520
 1.88873088737776040 5962.06834673357662
 1.89289923515769787 6288.90472885257350
 1.89700434947652008 6635.51378299953012
 1.90104947400545554 7003.73421061796489
 1.90503771434267422 7395.66415639444222
 1.90897204712212654 7813.66086989400810
 1.91285532854377660 8260.31260409010611
 1.91669030237027949 8738.35038255695690
 1.92047960743175627 9250.50746725345380
 1.92422578467718974 9799.21899746834060
 1.92793128380807777 10386.1422818454739
 1.93159846952735892 11011.3031223947455
 1.93522962743418470 11671.9986255073291
 1.93882696959291567 12361.1507648558454
 1.94239263980269272 13065.4519843593134
 1.94592871859206551 13763.0730691290428
 1.94943722796150132 14421.7418834682048
 1.95292013589503810 14997.4401229230443
 1.95637936066096163 15434.5768731193948
 1.95981677492010453 15669.2545473793398
 1.96323420965923701 15634.7763950604112
 1.96663345796595213 15274.1257355496236
 1.97001627866054196 14551.4259575797369
 1.97338439979950442 13473.2551885823123
 1.97673952206458559 12091.5557943062649
 1.98008332205058002 10518.2962611792427
 1.98341745546455739 8882.98850497550848
 1.98674356024864895 7331.99721844964279
 1.99006325963809938 5963.16345220620860
 1.99337816516593191 4919.44194626069202
 1.99668987962525302 4515.70250598029725
 2.00000000000000000 5826.94418014143594
