 0.000000000000000000E+00 0.000000000000000000E+00
 0.331012037474653908E-02 -0.370268223717491736E-05
 0.662183483406764140E-02 -0.162290671379633982E-04
 0.993674036189995391E-02 -0.212374617124026180E-04
 0.132564397513506016E-01 -0.831798086617243015E-05
 0.165825445354421674E-01 0.222772036200922571E-04
 0.199166779494195367E-01 0.629992977719036627E-04
 0.232604779354139701E-01 0.101797206156603210E-03
 0.266156002004951375E-01 0.125518292658421585E-03
 0.299837213394578139E-01 0.121952725840984119E-03
 0.333665420340474306E-01 0.813513676064093300E-04
 0.367657903407625497E-01 -0.291821189982893305E-05
 0.401832250798950241E-01 -0.134214687370200268E-03
 0.436206393390381475E-01 -0.312784974921461140E-03
 0.470798641049610112E-01 -0.536187189813031322E-03
 0.505627720384977941E-01 -0.799835537433700775E-03
 0.540712814079340465E-01 -0.109766756456061015E-02
 0.576073601973068339E-01 -0.142283199119519889E-02
 0.611730304070841058E-01 -0.176835558535484000E-02
 0.647703725658153040E-01 -0.212769401026258837E-02
 0.684015304726404150E-01 -0.249510891651209951E-02
 0.720687161919215669E-01 -0.286583903162705798E-02
 0.757742153228098125E-01 -0.323609452195570708E-02
 0.795203925682432811E-01 -0.360293730334292940E-02
 0.833096976297200698E-01 -0.396411622189589072E-02
 0.871446714562229552E-01 -0.431790537626851149E-02
 0.910279528778730196E-01 -0.466296883384509885E-02
 0.949622856573255625E-01 -0.499825785437342171E-02
 0.989505259945437921E-01 -0.532293157358283611E-02
 0.102995650523479032 -0.563627798183576143E-02
 0.107100764842301688 -0.593762663496475232E-02
 0.111269112622238708 -0.622628644959575400E-02
 0.115504085343779872 -0.650157587540694561E-02
 0.119809232712986713 -0.676299434936263998E-02
 0.124188273815018180 -0.701048813049886827E-02
 0.128645109066618080 -0.724464533583963656E-02
 0.133183833034375976 -0.746663055400451255E-02
 0.137808748190964891 -0.767782211559165078E-02
 0.142524379687345437 -0.787934728627738556E-02
 0.147335491225083715 -0.807179080922803584E-02
 0.152247102119448030 -0.825519736547543348E-02
 0.157264505650830833 -0.842926904993724843E-02
 0.162393288809196790 -0.859358882397565430E-02
 0.167639353543673986 -0.874773418430012557E-02
 0.173008939636976056 -0.889118704245920287E-02
 0.178508649331902358 -0.902312709684862865E-02
 0.184145473844603558 -0.914249412644497876E-02
 0.189926821906297949 -0.924866612596399011E-02
 0.195860550481423701 -0.934237447256084513E-02
 0.201954997815341208 -0.942579304211209681E-02
 0.208219018968123892 -0.950134784713744206E-02
 0.214662023991960105 -0.957010448975774940E-02
 0.221294018907312928 -0.963123266126204684E-02
 0.228125649626040428 -0.968292837099407958E-02
 0.235168248956668657 -0.972383281614525030E-02
 0.242433886805965448 -0.975392971661972162E-02
 0.249935423659531253 -0.977423183680924991E-02
 0.257686567379129539 -0.978578661837465821E-02
 0.265701933292239012 -0.978931690843752242E-02
 0.273997107464953427 -0.978571537794344255E-02
 0.282588712937073661 -0.977580947350520021E-02
 0.291494478550786251 -0.975927739191246452E-02
 0.300733309812837302 -0.973418960322084900E-02
 0.310325360983985998 -0.969738070128372924E-02
 0.320292107275887084 -0.964678842584408211E-02
 0.330656415639321022 -0.958419599495132814E-02
 0.341442612131250156 -0.951285486856301779E-02
 0.352676543231464024 -0.943380699548125590E-02
 0.364385627720396954 -0.934603299138446995E-02
 0.376598894804481832 -0.924543552486240504E-02
 0.389347003060644958 -0.912680449590287310E-02
 0.402662233446409612 -0.899105263344149308E-02
 0.416578448072201457 -0.884283233957822677E-02
 0.431131004656285288 -0.867935323406933933E-02
 0.446356614599918045 -0.849352938020246986E-02
 0.462293130484153547 -0.828485496215121582E-02
 0.478979246603053799 -0.804956887713248123E-02
 0.496454094083784270 -0.778146765918394292E-02
 0.514756710468977419 -0.748288093955191014E-02
 0.533925362737153852 -0.716633827166616565E-02
 0.553996703141117930 -0.684246222482748183E-02
 0.575004739633996120 -0.650954200509693253E-02
 0.596979607850977034 -0.617094926060062464E-02
 0.619946140532487755 -0.583006274784822823E-02
 0.643922243792862670 -0.548563813003906994E-02
 0.668917108408850547 -0.513895869465091307E-02
 0.694929308450184635 -0.480233180225116824E-02
 0.721944868322298650 -0.448387062420135298E-02
 0.749935410556105575 -0.418989118166588140E-02
 0.778856526762241597 -0.392284876365428699E-02
 0.808646537709191593 -0.368648772880220653E-02
 0.839225818902016085 -0.348704538304918940E-02
 0.870496858588253319 -0.332146159196061892E-02
 0.902345180596794139 -0.319043021341096009E-02
 0.934641203204055193 -0.309707145189726599E-02
 0.967243021066621855 -0.304080956558330610E-02
 0.999999999999999556 -0.302261364496294975E-02
 1.03275697893337726 -0.304265066955564838E-02
 1.06535879679594414 -0.310251449019522318E-02
 1.09765481940320497 -0.321182409075141707E-02
 1.12950314141174601 -0.335928974353883305E-02
 1.16077418109798325 -0.353749961956825384E-02
 1.19135346229080774 -0.375478762231526431E-02
 1.22114347323775752 -0.400736575190165870E-02
 1.25006458944389376 -0.428756580472337487E-02
 1.27805513167770068 -0.458860188102520449E-02
 1.30507069154981470 -0.490156402003156296E-02
 1.33108289159114879 -0.522895474030881432E-02
 1.35607775620713644 -0.556502798532932958E-02
 1.38005385946751158 -0.589958168873213132E-02
 1.40302039214902230 -0.623649724764040875E-02
 1.42499526036600299 -0.657926988943044640E-02
 1.44600329685888118 -0.691894145853051701E-02
 1.46607463726284526 -0.725314975915743870E-02
 1.48524328953102192 -0.757849135321330119E-02
 1.50354590591621506 -0.788609446184164280E-02
 1.52102075339694531 -0.816369842962645989E-02
 1.53770686951584601 -0.840837463429282457E-02
 1.55364338540008129 -0.862521722213886732E-02
 1.56886899534371382 -0.882115224244040506E-02
 1.58342155192779788 -0.899634683724752013E-02
 1.59733776655359017 -0.914721651580811639E-02
 1.61065299693935415 -0.927647221783512929E-02
 1.62340110519551750 -0.938867838227455676E-02
 1.63561437227960260 -0.948616512559788232E-02
 1.64732345676853553 -0.957184963758415767E-02
 1.65855738786874918 -0.964757330147113408E-02
 1.66934358436067853 -0.971285347086050209E-02
 1.67970789272411247 -0.976846863404522842E-02
 1.68967463901601400 -0.981591058625943223E-02
 1.69926669018716248 -0.985434685909289919E-02
 1.70850552144921330 -0.988201779382569430E-02
 1.71741128706292590 -0.989930018694079247E-02
 1.72600289253504613 -0.990826238045920335E-02
 1.73429806670776032 -0.991145069205704235E-02
 1.74231343262087002 -0.991088690340320017E-02
 1.75006457634046853 -0.990671968008609641E-02
 1.75756611319403411 -0.989684453187054947E-02
 1.76483175104333090 -0.987788830842489980E-02
 1.77187435037395868 -0.984633920905509177E-02
 1.77870598109268663 -0.979934422367015855E-02
 1.78533797600803945 -0.973556444616487278E-02
 1.79178098103187544 -0.965594962470299294E-02
 1.79804500218465790 -0.956330995739427397E-02
 1.80413944951857586 -0.946068153732290695E-02
 1.81007317809370161 -0.934987981531433879E-02
 1.81585452615539600 -0.923114909145798801E-02
 1.82149135066809720 -0.910372450067137989E-02
 1.82699106036302350 -0.896669926253441246E-02
 1.83236064645632535 -0.881950005901122047E-02
 1.83760671119080277 -0.866185054730835707E-02
 1.84273549434916850 -0.849365482447289426E-02
 1.84775289788055153 -0.831493682856169515E-02
 1.85266450877491584 -0.812572957125449330E-02
 1.85747562031265367 -0.792595850134251816E-02
 1.86219125180903466 -0.771544654669944693E-02
 1.86681616696562358 -0.749403830916081995E-02
 1.87135489093338148 -0.726167101763565935E-02
 1.87581172618498138 -0.701829917708110540E-02
 1.88019076728701284 -0.676378526111552462E-02
 1.88449591465621968 -0.649787931320579791E-02
 1.88873088737776040 -0.622028666268979909E-02
 1.89289923515769787 -0.593076391104399667E-02
 1.89700434947652008 -0.562919247082807172E-02
 1.90104947400545554 -0.531562008017585127E-02
 1.90503771434267422 -0.499031997748425327E-02
 1.90897204712212654 -0.465390363157524699E-02
 1.91285532854377660 -0.430742273925709476E-02
 1.91669030237027949 -0.395237001016786327E-02
 1.92047960743175627 -0.359059218240170364E-02
 1.92422578467718974 -0.322422951623355016E-02
 1.92793128380807777 -0.285577502580701675E-02
 1.93159846952735892 -0.248823692370796429E-02
 1.93522962743418470 -0.212531229670911027E-02
 1.93882696959291567 -0.177147998454606475E-02
 1.94239263980269272 -0.143196211245630008E-02
 1.94592871859206551 -0.111255459840451190E-02
 1.94943722796150132 -0.819348019708489306E-03
 1.95292013589503810 -0.558370652997170749E-03
 1.95637936066096163 -0.335159980928388993E-03
 1.95981677492010453 -0.154271255061220883E-03
 1.96323420965923701 -0.186754939967061273E-04
 1.96663345796595213 0.709058090592445939E-04
 1.97001627866054196 0.116712970154087141E-03
 1.97338439979950442 0.124462749356396015E-03
 1.97673952206458559 0.103438928292346334E-03
 1.98008332205058002 0.658645696866724611E-04
 1.98341745546455739 0.252261875670724275E-04
 1.98674356024864895 -0.597961788483295226E-05
 1.99006325963809938 -0.197874205293721472E-04
 1.99337816516593191 -0.156038136951555964E-04
 1.99668987962525302 -0.360490774688320965E-05
 2.00000000000000000 0.000000000000000000E+00
