 0.000000000000000000E+00 0.388215492011667320E-06
 0.331012037474653908E-02 3.30904252536625876
 0.662183483406764140E-02 10.5767117529481922
 0.993674036189995391E-02 19.2272857035509048
 0.132564397513506016E-01 27.9008120922528740
 0.165825445354421674E-01 35.9744434284693426
 0.199166779494195367E-01 43.2426975853797657
 0.232604779354139701E-01 49.7186873126765576
 0.266156002004951375E-01 55.5116507669054826
 0.299837213394578139E-01 60.7581183736339412
 0.333665420340474306E-01 65.5871578848255865
 0.367657903407625497E-01 70.1044726454214668
 0.401832250798950241E-01 74.3882914679309408
 0.436206393390381475E-01 78.4908818632591050
 0.470798641049610112E-01 82.4430909244508712
 0.505627720384977941E-01 86.2595251858068224
 0.540712814079340465E-01 89.9434866258162060
 0.576073601973068339E-01 93.4910234329098557
 0.611730304070841058E-01 96.8940632077358543
 0.647703725658153040E-01 100.142692200653897
 0.684015304726404150E-01 103.226753701092292
 0.720687161919215669E-01 106.136927357396601
 0.757742153228098125E-01 108.865435501087973
 0.795203925682432811E-01 111.406490886828635
 0.833096976297200698E-01 113.756508426800977
 0.871446714562229552E-01 115.914042827105476
 0.910279528778730196E-01 117.879442222993106
 0.949622856573255625E-01 119.654317135526696
 0.989505259945437921E-01 121.241026820332294
 0.102995650523479032 122.642363227277542
 0.107100764842301688 123.861476818140119
 0.111269112622238708 124.901958863268646
 0.115504085343779872 125.767931209227100
 0.119809232712986713 126.463976863072617
 0.124188273815018180 126.994822843264018
 0.128645109066618080 127.364931116723454
 0.133183833034375976 127.578241137697731
 0.137808748190964891 127.638119903556969
 0.142524379687345437 127.547439189355671
 0.147335491225083715 127.308731261771513
 0.152247102119448030 126.924340761569766
 0.157264505650830833 126.396415420828163
 0.162393288809196790 125.726824956631205
 0.167639353543673986 124.917059932017509
 0.173008939636976056 123.968047333762499
 0.178508649331902358 122.880204048831871
 0.184145473844603558 121.653537371951487
 0.189926821906297949 120.287175118354938
 0.195860550481423701 118.779042432940869
 0.201954997815341208 117.126858961834600
 0.208219018968123892 115.329804539626849
 0.214662023991960105 113.388900671260060
 0.221294018907312928 111.305873858450710
 0.228125649626040428 109.082003620399618
 0.235168248956668657 106.718746553283552
 0.242433886805965448 104.219286090489547
 0.249935423659531253 101.588521737641514
 0.257686567379129539 98.8324204967622961
 0.265701933292239012 95.9570960186389499
 0.273997107464953427 92.9684959223210967
 0.282588712937073661 89.8736895606971018
 0.291494478550786251 86.6815943271905098
 0.300733309812837302 83.4037331817529264
 0.310325360983985998 80.0544701388720625
 0.320292107275887084 76.6489148764995321
 0.330656415639321022 73.2022475691327799
 0.341442612131250156 69.7285273901110401
 0.352676543231464024 66.2422088538829712
 0.364385627720396954 62.7602009669811736
 0.376598894804481832 59.2985577305566594
 0.389347003060644958 55.8704223581275770
 0.402662233446409612 52.4880385322240031
 0.416578448072201457 49.1641759943883585
 0.431131004656285288 45.9128227420437725
 0.446356614599918045 42.7462552194135910
 0.462293130484153547 39.6736179179429698
 0.478979246603053799 36.7045704514373057
 0.496454094083784270 33.8490332386565598
 0.514756710468977419 31.1179544527126453
 0.533925362737153852 28.5188904876174547
 0.553996703141117930 26.0545547987138306
 0.575004739633996120 23.7260754714592217
 0.596979607850977034 21.5369320919688683
 0.619946140532487755 19.4924281283248533
 0.643922243792862670 17.5944655690303868
 0.668917108408850547 15.8415856391114058
 0.694929308450184635 14.2331374696174127
 0.721944868322298650 12.7704915718420384
 0.749935410556105575 11.4545637604656623
 0.778856526762241597 10.2887287532497957
 0.808646537709191593 9.27326855866669142
 0.839225818902016085 8.41058929909721087
 0.870496858588253319 7.70488458444198177
 0.902345180596794139 7.15686582729213683
 0.934641203204055193 6.76375109303141109
 0.967243021066621855 6.52446344991421068
 0.999999999999999556 6.44347084753893196
 1.03275697893337726 6.52096145834492535
 1.06535879679594414 6.75729650646346069
 1.09765481940320497 7.15579747399981247
 1.12950314141174601 7.71351585057214173
 1.16077418109798325 8.42844055578809304
 1.19135346229080774 9.30105220248948328
 1.22114347323775752 10.3278030170632853
 1.25006458944389376 11.5058459473388677
 1.27805513167770068 12.8355877787719042
 1.30507069154981470 14.3149154854024019
 1.33108289159114879 15.9420000558630459
 1.35607775620713644 17.7136893304406513
 1.38005385946751158 19.6300466737737018
 1.40302039214902230 21.6917478052513317
 1.42499526036600299 23.8959100837770535
 1.44600329685888118 26.2384035636091468
 1.46607463726284526 28.7194420851183452
 1.48524328953102192 31.3350589356340059
 1.50354590591621506 34.0796893986710572
 1.52102075339694531 36.9461438329278167
 1.53770686951584601 39.9279053576990108
 1.55364338540008129 43.0131713841130789
 1.56886899534371382 46.1881493034311319
 1.58342155192779788 49.4379323869681357
 1.59733776655359017 52.7518170080942141
 1.61065299693935415 56.1245976290585560
 1.62340110519551750 59.5445906296058567
 1.63561437227960260 62.9959803429230902
 1.64732345676853553 66.4639024946855841
 1.65855738786874918 69.9331556135072390
 1.66934358436067853 73.3883046214962889
 1.67970789272411247 76.8142560236986185
 1.68967463901601400 80.1950047835160689
 1.69926669018716248 83.5175478284249380
 1.70850552144921330 86.7713170757026830
 1.71741128706292590 89.9436558988728621
 1.72600289253504613 93.0223516457872677
 1.73429806670776032 95.9985472291657373
 1.74231343262087002 98.8638981349881192
 1.75006457634046853 101.610419363438282
 1.75756611319403411 104.232028592668968
 1.76483175104333090 106.724521972679653
 1.77187435037395868 109.084155923562079
 1.77870598109268663 111.306977363650674
 1.78533797600803945 113.389602550162991
 1.79178098103187544 115.330082687042093
 1.79804500218465790 117.127590658135162
 1.80413944951857586 118.781751223845674
 1.81007317809370161 120.292590938944286
 1.81585452615539600 121.660643138955805
 1.82149135066809720 122.886585394120971
 1.82699106036302350 123.971003673709731
 1.83236064645632535 124.914245051197881
 1.83760671119080277 125.716184327803703
 1.84273549434916850 126.376319836212929
 1.84775289788055153 126.894057935180484
 1.85266450877491584 127.268785176287707
 1.85747562031265367 127.499609770175184
 1.86219125180903466 127.584904887217149
 1.86681616696562358 127.522050563152291
 1.87135489093338148 127.307676375368715
 1.87581172618498138 126.938160117108097
 1.88019076728701284 126.409833611255607
 1.88449591465621968 125.718776376608403
 1.88873088737776040 124.860582215258674
 1.89289923515769787 123.830406405831980
 1.89700434947652008 122.623257678844141
 1.90104947400545554 121.234347932146662
 1.90503771434267422 119.659403866829336
 1.90897204712212654 117.894923295199675
 1.91285532854377660 115.938363600659727
 1.91669030237027949 113.788318939795417
 1.92047960743175627 111.444790941190249
 1.92422578467718974 108.909567437076277
 1.92793128380807777 106.186538940476638
 1.93159846952735892 103.281714888749420
 1.93522962743418470 100.202896199788484
 1.93882696959291567 96.9591478044434893
 1.94239263980269272 93.5601599774252009
 1.94592871859206551 90.0153550986973841
 1.94943722796150132 86.3324532756838607
 1.95292013589503810 82.5152462257768633
 1.95637936066096163 78.5604211525434124
 1.95981677492010453 74.4534305884486400
 1.96323420965923701 70.1635069691410536
 1.96663345796595213 65.6384929152680172
 1.97001627866054196 60.8003494345874671
 1.97338439979950442 55.5437049492804320
 1.97673952206458559 49.7400241522152839
 1.98008332205058002 43.2535254520464250
 1.98341745546455739 35.9759542873113247
 1.98674356024864895 27.8954580322200059
 1.99006325963809938 19.2188124572757424
 1.99337816516593191 10.5693914792626078
 1.99668987962525302 3.30590766507229095
 2.00000000000000000 0.380411580249307860E-06
