 0.000000000000000000E+00 -0.000000000000000000E+00
 0.331012037474653908E-02 0.383403518557148824E-10
 0.662183483406764140E-02 0.946124767722664433E-09
 0.993674036189995391E-02 0.489049587037642593E-08
 0.132564397513506016E-01 0.153756926057938074E-07
 0.165825445354421674E-01 0.365512266516902355E-07
 0.199166779494195367E-01 0.727871219768941532E-07
 0.232604779354139701E-01 0.127867453407299649E-06
 0.266156002004951375E-01 0.204474694459554216E-06
 0.299837213394578139E-01 0.303718669731957392E-06
 0.333665420340474306E-01 0.424932769984129220E-06
 0.367657903407625497E-01 0.565666061944517083E-06
 0.401832250798950241E-01 0.721862121093400256E-06
 0.436206393390381475E-01 0.888168889792894557E-06
 0.470798641049610112E-01 0.105830933060944959E-05
 0.505627720384977941E-01 0.122546848899101287E-05
 0.540712814079340465E-01 0.138265402076150462E-05
 0.576073601973068339E-01 0.152301218464899517E-05
 0.611730304070841058E-01 0.164008783387744100E-05
 0.647703725658153040E-01 0.172802463080177492E-05
 0.684015304726404150E-01 0.178170586066132765E-05
 0.720687161919215669E-01 0.179683998162134692E-05
 0.757742153228098125E-01 0.176999994388207756E-05
 0.795203925682432811E-01 0.169862648435047350E-05
 0.833096976297200698E-01 0.158100498177848146E-05
 0.871446714562229552E-01 0.141622282286750455E-05
 0.910279528778730196E-01 0.120411233259626830E-05
 0.949622856573255625E-01 0.945183202072862957E-06
 0.989505259945437921E-01 0.640548365468875141E-06
 0.102995650523479032 0.291847262313262354E-06
 0.107100764842301688 -0.988300750338522140E-07
 0.111269112622238708 -0.529015595104603027E-06
 0.115504085343779872 -0.995931198950490560E-06
 0.119809232712986713 -0.149655261144953726E-05
 0.124188273815018180 -0.202767033327813421E-05
 0.128645109066618080 -0.258594634743006761E-05
 0.133183833034375976 -0.316796288380402117E-05
 0.137808748190964891 -0.377026121554310794E-05
 0.142524379687345437 -0.438937143608499128E-05
 0.147335491225083715 -0.502183568775584085E-05
 0.152247102119448030 -0.566422838522962710E-05
 0.157264505650830833 -0.631317680568101830E-05
 0.162393288809196790 -0.696538255236189193E-05
 0.167639353543673986 -0.761764227849904637E-05
 0.173008939636976056 -0.826686506649328712E-05
 0.178508649331902358 -0.891008232274973308E-05
 0.184145473844603558 -0.954445173826226078E-05
 0.189926821906297949 -0.101672607248579151E-04
 0.195860550481423701 -0.107759268678199209E-04
 0.201954997815341208 -0.113679926879223703E-04
 0.208219018968123892 -0.119411168678606678E-04
 0.214662023991960105 -0.124930693230812657E-04
 0.221294018907312928 -0.130217316451034072E-04
 0.228125649626040428 -0.135251100828186593E-04
 0.235168248956668657 -0.140013602916960649E-04
 0.242433886805965448 -0.144488005508952174E-04
 0.249935423659531253 -0.148659138473786654E-04
 0.257686567379129539 -0.152513348837923752E-04
 0.265701933292239012 -0.156037888568488988E-04
 0.273997107464953427 -0.159220303531462094E-04
 0.282588712937073661 -0.162048882565610198E-04
 0.291494478550786251 -0.164513936936096634E-04
 0.300733309812837302 -0.166608849653177047E-04
 0.310325360983985998 -0.168329861409362854E-04
 0.320292107275887084 -0.169675451521828923E-04
 0.330656415639321022 -0.170646515636700099E-04
 0.341442612131250156 -0.171245523846225374E-04
 0.352676543231464024 -0.171476086865582526E-04
 0.364385627720396954 -0.171343767288068845E-04
 0.376598894804481832 -0.170855120995852778E-04
 0.389347003060644958 -0.170016702217137621E-04
 0.402662233446409612 -0.168832869275486024E-04
 0.416578448072201457 -0.167305777592187571E-04
 0.431131004656285288 -0.165437888287711198E-04
 0.446356614599918045 -0.163231272917568634E-04
 0.462293130484153547 -0.160687684479285224E-04
 0.478979246603053799 -0.157813448750273094E-04
 0.496454094083784270 -0.154619066776958364E-04
 0.514756710468977419 -0.151113969043582463E-04
 0.533925362737153852 -0.147310879225535152E-04
 0.553996703141117930 -0.143228845470379035E-04
 0.575004739633996120 -0.138888750090855347E-04
 0.596979607850977034 -0.134311301889028684E-04
 0.619946140532487755 -0.129524948193654414E-04
 0.643922243792862670 -0.124566053469339792E-04
 0.668917108408850547 -0.119480574025122104E-04
 0.694929308450184635 -0.114329845945579959E-04
 0.721944868322298650 -0.109191175903717203E-04
 0.749935410556105575 -0.104164973280891974E-04
 0.778856526762241597 -0.993517829216131383E-05
 0.808646537709191593 -0.948534563366233942E-05
 0.839225818902016085 -0.907921145206997749E-05
 0.870496858588253319 -0.872939735956930108E-05
 0.902345180596794139 -0.844563848904164124E-05
 0.934641203204055193 -0.823602087039433461E-05
 0.967243021066621855 -0.810865190083013419E-05
 0.999999999999999556 -0.806922925501565708E-05
 1.03275697893337726 -0.811949191934759517E-05
 1.06535879679594414 -0.825508706690244272E-05
 1.09765481940320497 -0.846892721418978723E-05
 1.12950314141174601 -0.875263621435524491E-05
 1.16077418109798325 -0.909670939554323777E-05
 1.19135346229080774 -0.949201626146201194E-05
 1.22114347323775752 -0.992879720436925061E-05
 1.25006458944389376 -0.103980483430146968E-04
 1.27805513167770068 -0.108904696255560564E-04
 1.30507069154981470 -0.113957932098936152E-04
 1.33108289159114879 -0.119040959616436859E-04
 1.35607775620713644 -0.124076035501076968E-04
 1.38005385946751158 -0.128996449402191800E-04
 1.40302039214902230 -0.133740072696611365E-04
 1.42499526036600299 -0.138257384935043118E-04
 1.44600329685888118 -0.142519381541897227E-04
 1.46607463726284526 -0.146507129217371719E-04
 1.48524328953102192 -0.150206594366149364E-04
 1.50354590591621506 -0.153612679404953601E-04
 1.52102075339694531 -0.156723524562349724E-04
 1.53770686951584601 -0.159533849280289804E-04
 1.55364338540008129 -0.162032383261909530E-04
 1.56886899534371382 -0.164209389957200075E-04
 1.58342155192779788 -0.166059605204816448E-04
 1.59733776655359017 -0.167579340001477130E-04
 1.61065299693935415 -0.168763927734162784E-04
 1.62340110519551750 -0.169606005638567970E-04
 1.63561437227960260 -0.170099256284873469E-04
 1.64732345676853553 -0.170239407755179022E-04
 1.65855738786874918 -0.170023219316658254E-04
 1.66934358436067853 -0.169448350949060063E-04
 1.67970789272411247 -0.168512566064140910E-04
 1.68967463901601400 -0.167213682821343501E-04
 1.69926669018716248 -0.165551482882284371E-04
 1.70850552144921330 -0.163528169277737007E-04
 1.71741128706292590 -0.161147421532241215E-04
 1.72600289253504613 -0.158414006411906601E-04
 1.73429806670776032 -0.155334136415293321E-04
 1.74231343262087002 -0.151915816088940337E-04
 1.75006457634046853 -0.148169074211842391E-04
 1.75756611319403411 -0.144105509459026957E-04
 1.76483175104333090 -0.139737781808705889E-04
 1.77187435037395868 -0.135079315932055076E-04
 1.77870598109268663 -0.130144424868344262E-04
 1.78533797600803945 -0.124948887939984188E-04
 1.79178098103187544 -0.119510520803988615E-04
 1.79804500218465790 -0.113849385411337295E-04
 1.80413944951857586 -0.107987533371793595E-04
 1.81007317809370161 -0.101948670266348250E-04
 1.81585452615539600 -0.957580043406909201E-05
 1.82149135066809720 -0.894421221232262606E-05
 1.82699106036302350 -0.830288011627562116E-05
 1.83236064645632535 -0.765469715137555672E-05
 1.83760671119080277 -0.700268682197602870E-05
 1.84273549434916850 -0.635001015974532068E-05
 1.84775289788055153 -0.569995258969839341E-05
 1.85266450877491584 -0.505589821845757254E-05
 1.85747562031265367 -0.442130111596451837E-05
 1.86219125180903466 -0.379966445960680609E-05
 1.86681616696562358 -0.319452573252924634E-05
 1.87135489093338148 -0.260943819622855195E-05
 1.87581172618498138 -0.204794534190210571E-05
 1.88019076728701284 -0.151354652146620151E-05
 1.88449591465621968 -0.100965124214562254E-05
 1.88873088737776040 -0.539524619116024697E-06
 1.89289923515769787 -0.106230557308414968E-06
 1.89700434947652008 0.287423699216963982E-06
 1.90104947400545554 0.638944205738728545E-06
 1.90503771434267422 0.946213136384584028E-06
 1.90897204712212654 0.120755970057764472E-05
 1.91285532854377660 0.142183693264200674E-05
 1.91669030237027949 0.158850025316013124E-05
 1.92047960743175627 0.170768356196968962E-05
 1.92422578467718974 0.178026970202783766E-05
 1.92793128380807777 0.180795257898934594E-05
 1.93159846952735892 0.179328559305567313E-05
 1.93522962743418470 0.173970781341460348E-05
 1.93882696959291567 0.165153949503062320E-05
 1.94239263980269272 0.153393913776182485E-05
 1.94592871859206551 0.139281425047994163E-05
 1.94943722796150132 0.123467733426876626E-05
 1.95292013589503810 0.106644202818159143E-05
 1.95637936066096163 0.895158884012262130E-06
 1.95981677492010453 0.727695880550749949E-06
 1.96323420965923701 0.570376448703167136E-06
 1.96663345796595213 0.428592802050443196E-06
 1.97001627866054196 0.306435954353309430E-06
 1.97338439979950442 0.206384829718700090E-06
 1.97673952206458559 0.129124000772979674E-06
 1.98008332205058002 0.735479169606699123E-07
 1.98341745546455739 0.369637433250458364E-07
 1.98674356024864895 0.155663513212218312E-07
 1.99006325963809938 0.495824113676172329E-08
 1.99337816516593191 0.960935797171367488E-09
 1.99668987962525302 0.390228269521164287E-10
 2.00000000000000000 -0.000000000000000000E+00
