 0.000000000000000000E+00 0.130721963589305497E-07
 0.331012037474653908E-02 0.194033209860885672E-03
 0.662183483406764140E-02 0.413378413323168983E-03
 0.993674036189995391E-02 0.665387811127240059E-03
 0.132564397513506016E-01 0.962957565333165226E-03
 0.165825445354421674E-01 0.132064271525660993E-02
 0.199166779494195367E-01 0.175086814747776051E-02
 0.232604779354139701E-01 0.226126963353771252E-02
 0.266156002004951375E-01 0.285365077730201496E-02
 0.299837213394578139E-01 0.352434228010183644E-02
 0.333665420340474306E-01 0.426537497618847614E-02
 0.367657903407625497E-01 0.506597353392179966E-02
 0.401832250798950241E-01 0.591394400141311959E-02
 0.436206393390381475E-01 0.679679797638214206E-02
 0.470798641049610112E-01 0.770254954600867008E-02
 0.505627720384977941E-01 0.862023119353688694E-02
 0.540712814079340465E-01 0.954018406045145650E-02
 0.576073601973068339E-01 0.104541881130522148E-01
 0.611730304070841058E-01 0.113554796409526745E-01
 0.647703725658153040E-01 0.122386918767769335E-01
 0.684015304726404150E-01 0.130997439108854700E-01
 0.720687161919215669E-01 0.139356982906033051E-01
 0.757742153228098125E-01 0.147446021669505531E-01
 0.795203925682432811E-01 0.155253211047592897E-01
 0.833096976297200698E-01 0.162773701002048542E-01
 0.871446714562229552E-01 0.170007456174393959E-01
 0.910279528778730196E-01 0.176957658950603926E-01
 0.949622856573255625E-01 0.183629305390643066E-01
 0.989505259945437921E-01 0.190028104097403061E-01
 0.102995650523479032 0.196159743904883443E-01
 0.107100764842301688 0.202029532617634816E-01
 0.111269112622238708 0.207642345026485646E-01
 0.115504085343779872 0.213002754468856366E-01
 0.119809232712986713 0.218115162669730196E-01
 0.124188273815018180 0.222983731881646816E-01
 0.128645109066618080 0.227612037662303923E-01
 0.133183833034375976 0.232002576922835727E-01
 0.137808748190964891 0.236156376573222436E-01
 0.142524379687345437 0.240072823696844545E-01
 0.147335491225083715 0.243749648811749445E-01
 0.152247102119448030 0.247182942167194185E-01
 0.157264505650830833 0.250367112582570543E-01
 0.162393288809196790 0.253294678059764466E-01
 0.167639353543673986 0.255955796593047916E-01
 0.173008939636976056 0.258337659913748970E-01
 0.178508649331902358 0.260424157107802812E-01
 0.184145473844603558 0.262196198176293735E-01
 0.189926821906297949 0.263632781359492072E-01
 0.195860550481423701 0.264712514240401445E-01
 0.201954997815341208 0.265414892533503144E-01
 0.208219018968123892 0.265720930349970068E-01
 0.214662023991960105 0.265613767858364734E-01
 0.221294018907312928 0.265079941491737636E-01
 0.228125649626040428 0.264110135350385869E-01
 0.235168248956668657 0.262697337895909239E-01
 0.242433886805965448 0.260833357127332570E-01
 0.249935423659531253 0.258507482652544848E-01
 0.257686567379129539 0.255708874782093511E-01
 0.265701933292239012 0.252430554620214319E-01
 0.273997107464953427 0.248670759452236968E-01
 0.282588712937073661 0.244429302307202952E-01
 0.291494478550786251 0.239704761124083995E-01
 0.300733309812837302 0.234498596942267212E-01
 0.310325360983985998 0.228821148587701230E-01
 0.320292107275887084 0.222693374863870280E-01
 0.330656415639321022 0.216144523077286058E-01
 0.341442612131250156 0.209209713940096964E-01
 0.352676543231464024 0.201929176296448548E-01
 0.364385627720396954 0.194340432260539653E-01
 0.376598894804481832 0.186472551118924065E-01
 0.389347003060644958 0.178360181797264684E-01
 0.402662233446409612 0.170050301971863722E-01
 0.416578448072201457 0.161588653743281185E-01
 0.431131004656285288 0.153014895734440159E-01
 0.446356614599918045 0.144374511084112145E-01
 0.462293130484153547 0.135734313601145237E-01
 0.478979246603053799 0.127166777636382559E-01
 0.496454094083784270 0.118721486193727778E-01
 0.514756710468977419 0.110444189821141108E-01
 0.533925362737153852 0.102373346367905238E-01
 0.553996703141117930 0.945174001781694251E-02
 0.575004739633996120 0.868992744543964878E-02
 0.596979607850977034 0.795861247094219008E-02
 0.619946140532487755 0.726479534475995593E-02
 0.643922243792862670 0.661314894610019223E-02
 0.668917108408850547 0.600424963465322984E-02
 0.694929308450184635 0.543657180161713841E-02
 0.721944868322298650 0.491105747005133632E-02
 0.749935410556105575 0.443252030643479563E-02
 0.778856526762241597 0.400385155962116983E-02
 0.808646537709191593 0.362499189009443060E-02
 0.839225818902016085 0.329856989364489886E-02
 0.870496858588253319 0.302812302536975206E-02
 0.902345180596794139 0.281135314495898877E-02
 0.934641203204055193 0.264969882731836727E-02
 0.967243021066621855 0.254591664239722966E-02
 0.999999999999999556 0.250453932463001174E-02
 1.03275697893337726 0.252877402816197982E-02
 1.06535879679594414 0.261835449819148398E-02
 1.09765481940320497 0.277266701517636703E-02
 1.12950314141174601 0.298688148410794149E-02
 1.16077418109798325 0.326004461755435545E-02
 1.19135346229080774 0.359343083606654748E-02
 1.22114347323775752 0.398109167413176774E-02
 1.25006458944389376 0.441641001691320256E-02
 1.27805513167770068 0.490247756381720096E-02
 1.30507069154981470 0.544011182221103805E-02
 1.33108289159114879 0.602476112220112856E-02
 1.35607775620713644 0.665238075025358002E-02
 1.38005385946751158 0.731798769566567846E-02
 1.40302039214902230 0.801796914151362353E-02
 1.42499526036600299 0.875359477169265418E-02
 1.44600329685888118 0.952614156819569201E-02
 1.46607463726284526 0.103311554297315332E-01
 1.48524328953102192 0.111606862275297897E-01
 1.50354590591621506 0.120060502975953085E-01
 1.52102075339694531 0.128613889828549186E-01
 1.53770686951584601 0.137219421500812937E-01
 1.55364338540008129 0.145848583966297959E-01
 1.56886899534371382 0.154481078553389932E-01
 1.58342155192779788 0.163052974458909421E-01
 1.59733776655359017 0.171471325947615584E-01
 1.61065299693935415 0.179677459938692129E-01
 1.62340110519551750 0.187649911761100276E-01
 1.63561437227960260 0.195355556763768048E-01
 1.64732345676853553 0.202742606266288275E-01
 1.65855738786874918 0.209770611879843416E-01
 1.66934358436067853 0.216413417277749077E-01
 1.67970789272411247 0.222645993007531927E-01
 1.68967463901601400 0.228443158706161283E-01
 1.69926669018716248 0.233784256946633490E-01
 1.70850552144921330 0.238656152335401557E-01
 1.71741128706292590 0.243052543751785463E-01
 1.72600289253504613 0.246972278428088006E-01
 1.73429806670776032 0.250419342776819764E-01
 1.74231343262087002 0.253401743390139905E-01
 1.75006457634046853 0.255928670060901961E-01
 1.75756611319403411 0.258008350302598964E-01
 1.76483175104333090 0.259647338048162972E-01
 1.77187435037395868 0.260851566511524531E-01
 1.77870598109268663 0.261628811436086933E-01
 1.78533797600803945 0.261990324718444981E-01
 1.79178098103187544 0.261950539699704020E-01
 1.79804500218465790 0.261526052179673479E-01
 1.80413944951857586 0.260734675400075173E-01
 1.81007317809370161 0.259594366458441930E-01
 1.81585452615539600 0.258122192080350935E-01
 1.82149135066809720 0.256333871117049791E-01
 1.82699106036302350 0.254243845929162937E-01
 1.83236064645632535 0.251865465079210531E-01
 1.83760671119080277 0.249211099576023207E-01
 1.84273549434916850 0.246292140538780478E-01
 1.84775289788055153 0.243118907816045060E-01
 1.85266450877491584 0.239700585828770824E-01
 1.85747562031265367 0.236045117837647735E-01
 1.86219125180903466 0.232158882283542700E-01
 1.86681616696562358 0.228046253496969435E-01
 1.87135489093338148 0.223709389092062727E-01
 1.87581172618498138 0.219148371320789723E-01
 1.88019076728701284 0.214361508416235740E-01
 1.88449591465621968 0.209345596452067337E-01
 1.88873088737776040 0.204096104777891710E-01
 1.89289923515769787 0.198607311234700462E-01
 1.89700434947652008 0.192872390625506568E-01
 1.90104947400545554 0.186883512353190756E-01
 1.90503771434267422 0.180632100833184248E-01
 1.90897204712212654 0.174109371333375160E-01
 1.91285532854377660 0.167307115712383193E-01
 1.91669030237027949 0.160218665967385709E-01
 1.92047960743175627 0.152840011000962683E-01
 1.92422578467718974 0.145171066626192322E-01
 1.92793128380807777 0.137217074098929439E-01
 1.93159846952735892 0.128990084098061820E-01
 1.93522962743418470 0.120510495266245576E-01
 1.93882696959291567 0.111808620128741407E-01
 1.94239263980269272 0.102926206216479368E-01
 1.94592871859206551 0.939177732275625274E-02
 1.94943722796150132 0.848515914096677204E-02
 1.95292013589503810 0.758101158218347278E-02
 1.95637936066096163 0.668896607070147784E-02
 1.95981677492010453 0.581989775696366632E-02
 1.96323420965923701 0.498562704500317422E-02
 1.96663345796595213 0.419840029914406512E-02
 1.97001627866054196 0.347009693292617966E-02
 1.97338439979950442 0.281112553034541281E-02
 1.97673952206458559 0.222908410554378475E-02
 1.98008332205058002 0.172734651083723150E-02
 1.98341745546455739 0.130398289440070690E-02
 1.98674356024864895 0.951468426662031028E-03
 1.99006325963809938 0.657718679377130135E-03
 1.99337816516593191 0.408644804619052971E-03
 1.99668987962525302 0.191776245435700411E-03
 2.00000000000000000 0.128387631022196455E-07
