 0.000000000000000000E+00 -0.357243159508450576E-05
 0.331012037474653908E-02 0.629873993106890573E-01
 0.662183483406764140E-02 0.122606183511033945
 0.993674036189995391E-02 0.173741786333483139
 0.132564397513506016E-01 0.212127676339206261
 0.165825445354421674E-01 0.234878971031603573
 0.199166779494195367E-01 0.240980936368767856
 0.232604779354139701E-01 0.231036496075472664
 0.266156002004951375E-01 0.206965232271243471
 0.299837213394578139E-01 0.171534385375997439
 0.333665420340474306E-01 0.127931103075041491
 0.367657903407625497E-01 0.793786854184259094E-01
 0.401832250798950241E-01 0.288599639160811994E-01
 0.436206393390381475E-01 -0.210694960744587934E-01
 0.470798641049610112E-01 -0.683722448154998885E-01
 0.505627720384977941E-01 -0.111551670235472494
 0.540712814079340465E-01 -0.149620755207109768
 0.576073601973068339E-01 -0.182039709149124262
 0.611730304070841058E-01 -0.208636820191701322
 0.647703725658153040E-01 -0.229525758101670641
 0.684015304726404150E-01 -0.245027177574432403
 0.720687161919215669E-01 -0.255599665999065861
 0.757742153228098125E-01 -0.261782171682401865
 0.795203925682432811E-01 -0.264148356178438293
 0.833096976297200698E-01 -0.263272208423442566
 0.871446714562229552E-01 -0.259703642593422490
 0.910279528778730196E-01 -0.253952539236537211
 0.949622856573255625E-01 -0.246479574359162151
 0.989505259945437921E-01 -0.237692209099193946
 0.102995650523479032 -0.227944317249732187
 0.107100764842301688 -0.217538170613364668
 0.111269112622238708 -0.206727817092533489
 0.115504085343779872 -0.195723260522852077
 0.119809232712986713 -0.184695118986199419
 0.124188273815018180 -0.173779499357231249
 0.128645109066618080 -0.163082803411063182
 0.133183833034375976 -0.152686262587673288
 0.137808748190964891 -0.142650096728873826
 0.142524379687345437 -0.133017214044681864
 0.147335491225083715 -0.123816384971909860
 0.152247102119448030 -0.115064863912330312
 0.157264505650830833 -0.106770528991094030
 0.162393288809196790 -0.989337647797439990E-01
 0.167639353543673986 -0.915492641239571275E-01
 0.173008939636976056 -0.846076042453937360E-01
 0.178508649331902358 -0.780963764623662932E-01
 0.184145473844603558 -0.720010016481526655E-01
 0.189926821906297949 -0.663054501417592590E-01
 0.195860550481423701 -0.609927852456268876E-01
 0.201954997815341208 -0.560454058468400282E-01
 0.208219018968123892 -0.514451461921372824E-01
 0.214662023991960105 -0.471735500522079618E-01
 0.221294018907312928 -0.432121079908892869E-01
 0.228125649626040428 -0.395421779092623923E-01
 0.235168248956668657 -0.361452285734422396E-01
 0.242433886805965448 -0.330036252341967817E-01
 0.249935423659531253 -0.301011042446159942E-01
 0.257686567379129539 -0.274224866351890709E-01
 0.265701933292239012 -0.249529983775065335E-01
 0.273997107464953427 -0.226780393582508809E-01
 0.282588712937073661 -0.205834735432681888E-01
 0.291494478550786251 -0.186559205203614270E-01
 0.300733309812837302 -0.168835135452845980E-01
 0.310325360983985998 -0.152561107620792485E-01
 0.320292107275887084 -0.137641986259689937E-01
 0.330656415639321022 -0.123980975733949655E-01
 0.341442612131250156 -0.111481126495934901E-01
 0.352676543231464024 -0.100053182074937574E-01
 0.364385627720396954 -0.896213586489905470E-02
 0.376598894804481832 -0.801197662643845371E-02
 0.389347003060644958 -0.714853604036559762E-02
 0.402662233446409612 -0.636603882476635165E-02
 0.416578448072201457 -0.565866706201827337E-02
 0.431131004656285288 -0.501950231571312612E-02
 0.446356614599918045 -0.444139769395990400E-02
 0.462293130484153547 -0.391826567663676548E-02
 0.478979246603053799 -0.344543553156176395E-02
 0.496454094083784270 -0.301849000907276248E-02
 0.514756710468977419 -0.263297653970015521E-02
 0.533925362737153852 -0.228549436657222993E-02
 0.553996703141117930 -0.197475154382423723E-02
 0.575004739633996120 -0.169868234658104508E-02
 0.596979607850977034 -0.145279698479885608E-02
 0.619946140532487755 -0.123276045619472334E-02
 0.643922243792862670 -0.103695259627462045E-02
 0.668917108408850547 -0.862613000404467830E-03
 0.694929308450184635 -0.705945087013603711E-03
 0.721944868322298650 -0.566564922672733876E-03
 0.749935410556105575 -0.444191964158920647E-03
 0.778856526762241597 -0.337688830145384505E-03
 0.808646537709191593 -0.246748263808024447E-03
 0.839225818902016085 -0.171002884691505994E-03
 0.870496858588253319 -0.109890908206839480E-03
 0.902345180596794139 -0.625816134265841622E-04
 0.934641203204055193 -0.283997824259520689E-04
 0.967243021066621855 -0.740087143606535525E-05
 0.999999999999999556 -0.100974324897143481E-07
 1.03275697893337726 -0.613316158000394036E-05
 1.06535879679594414 -0.254779698154005840E-04
 1.09765481940320497 -0.582716668969079346E-04
 1.12950314141174601 -0.104571521318152423E-03
 1.16077418109798325 -0.165053349393293750E-03
 1.19135346229080774 -0.241375710182127975E-03
 1.22114347323775752 -0.334897440731954962E-03
 1.25006458944389376 -0.446262537124198476E-03
 1.27805513167770068 -0.575629605575972533E-03
 1.30507069154981470 -0.723475705399291178E-03
 1.33108289159114879 -0.891022828903753031E-03
 1.35607775620713644 -0.107770441425972751E-02
 1.38005385946751158 -0.128415614876228748E-02
 1.40302039214902230 -0.151435605510082442E-02
 1.42499526036600299 -0.177202957503426353E-02
 1.44600329685888118 -0.205884377162710930E-02
 1.46607463726284526 -0.237577492732426445E-02
 1.48524328953102192 -0.272613071911060115E-02
 1.50354590591621506 -0.311487606213869776E-02
 1.52102075339694531 -0.354633741936178715E-02
 1.53770686951584601 -0.402446797171066972E-02
 1.55364338540008129 -0.455442568697406614E-02
 1.56886899534371382 -0.514210482801195131E-02
 1.58342155192779788 -0.579177474453043510E-02
 1.59733776655359017 -0.650596786643527301E-02
 1.61065299693935415 -0.728895972249910505E-02
 1.62340110519551750 -0.814889019302432460E-02
 1.63561437227960260 -0.909519962624223167E-02
 1.64732345676853553 -0.101363376993410925E-01
 1.65855738786874918 -0.112795011760942962E-01
 1.66934358436067853 -0.125305370352000022E-01
 1.67970789272411247 -0.138951084755425548E-01
 1.68967463901601400 -0.153805674449436006E-01
 1.69926669018716248 -0.169961942817187239E-01
 1.70850552144921330 -0.187528862148850645E-01
 1.71741128706292590 -0.206629887491145275E-01
 1.72600289253504613 -0.227396834698387722E-01
 1.73429806670776032 -0.249961164527210192E-01
 1.74231343262087002 -0.274453080572044511E-01
 1.75006457634046853 -0.301009982824575126E-01
 1.75756611319403411 -0.329782766536767316E-01
 1.76483175104333090 -0.360930077139377664E-01
 1.77187435037395868 -0.394606899499885255E-01
 1.77870598109268663 -0.430962514859275780E-01
 1.78533797600803945 -0.470148195649635683E-01
 1.79178098103187544 -0.512326894456677714E-01
 1.79804500218465790 -0.557678295357331641E-01
 1.80413944951857586 -0.606396250600717279E-01
 1.81007317809370161 -0.658680617477281211E-01
 1.81585452615539600 -0.714727581207802859E-01
 1.82149135066809720 -0.774722231216710827E-01
 1.82699106036302350 -0.838833966621781446E-01
 1.83236064645632535 -0.907212069883545497E-01
 1.83760671119080277 -0.979978736408007034E-01
 1.84273549434916850 -0.105721919319744367
 1.84775289788055153 -0.113896961073839939
 1.85266450877491584 -0.122520425690476636
 1.85747562031265367 -0.131582296052804526
 1.86219125180903466 -0.141063657816138832
 1.86681616696562358 -0.150934686964770387
 1.87135489093338148 -0.161151991688278012
 1.87581172618498138 -0.171655443883389658
 1.88019076728701284 -0.182364581784958180
 1.88449591465621968 -0.193174560939429280
 1.88873088737776040 -0.203951656770047368
 1.89289923515769787 -0.214528442536243369
 1.89700434947652008 -0.224698875613778160
 1.90104947400545554 -0.234213560343887572
 1.90503771434267422 -0.242775463338330083
 1.90897204712212654 -0.250036492498423524
 1.91285532854377660 -0.255595620699402226
 1.91669030237027949 -0.258999523281205513
 1.92047960743175627 -0.259746910069521053
 1.92422578467718974 -0.257297935010200318
 1.92793128380807777 -0.251090220978416712
 1.93159846952735892 -0.240563130824724081
 1.93522962743418470 -0.225191803937096841
 1.93882696959291567 -0.204532170791980134
 1.94239263980269272 -0.178277472392843306
 1.94592871859206551 -0.146325631949865920
 1.94943722796150132 -0.108855163859662540
 1.95292013589503810 -0.664046384627450526E-01
 1.95637936066096163 -0.199482660368880058E-01
 1.95981677492010453 0.290448853081412585E-01
 1.96323420965923701 0.785815225093991071E-01
 1.96663345796595213 0.126166466494603252
 1.97001627866054196 0.168890187746897985
 1.97338439979950442 0.203608714626362625
 1.97673952206458559 0.227210111722081998
 1.98008332205058002 0.236985134082370957
 1.98341745546455739 0.231041688812397977
 1.98674356024864895 0.208762550556880894
 1.99006325963809938 0.171103739620563078
 1.99337816516593191 0.120851194948912694
 1.99668987962525302 0.621512018206057809E-01
 2.00000000000000000 -0.347208062054924345E-05
