 0.000000000000000000E+00 0.533332535702396660E-05
 0.331012037474653908E-02 -0.215387331438582047
 0.662183483406764140E-02 -0.405542454385513229
 0.993674036189995391E-02 -0.551930721595738416
 0.132564397513506016E-01 -0.642906524908549604
 0.165825445354421674E-01 -0.681167850256007679
 0.199166779494195367E-01 -0.681392080693903113
 0.232604779354139701E-01 -0.664612756985552111
 0.266156002004951375E-01 -0.650982724926096323
 0.299837213394578139E-01 -0.655332387388970927
 0.333665420340474306E-01 -0.685312633469419952
 0.367657903407625497E-01 -0.741906496029142049
 0.401832250798950241E-01 -0.821168638029965092
 0.436206393390381475E-01 -0.916294349829211874
 0.470798641049610112E-01 -1.01947490001103924
 0.505627720384977941E-01 -1.12325399483099653
 0.540712814079340465E-01 -1.22135092661048361
 0.576073601973068339E-01 -1.30903442150697269
 0.611730304070841058E-01 -1.38317427421734385
 0.647703725658153040E-01 -1.44209420860414861
 0.684015304726404150E-01 -1.48531768591856594
 0.720687161919215669E-01 -1.51327685342988683
 0.757742153228098125E-01 -1.52703199260411671
 0.795203925682432811E-01 -1.52803076777717139
 0.833096976297200698E-01 -1.51791796658253975
 0.871446714562229552E-01 -1.49839302444705647
 0.910279528778730196E-01 -1.47110736032606981
 0.949622856573255625E-01 -1.43759645192372876
 0.989505259945437921E-01 -1.39924363385320083
 0.102995650523479032 -1.35726803067103430
 0.107100764842301688 -1.31272284506272685
 0.111269112622238708 -1.26649430191273793
 0.115504085343779872 -1.21930522199239166
 0.119809232712986713 -1.17172970655541508
 0.124188273815018180 -1.12421339001846099
 0.128645109066618080 -1.07709326182014831
 0.133183833034375976 -1.03061596124458332
 0.137808748190964891 -0.984950515607724952
 0.142524379687345437 -0.940197345187306355
 0.147335491225083715 -0.896403619534915541
 0.152247102119448030 -0.853589662500510382
 0.157264505650830833 -0.811778228705529625
 0.162393288809196790 -0.771012468808451201
 0.167639353543673986 -0.731354336845492892
 0.173008939636976056 -0.692865590527881769
 0.178508649331902358 -0.655590811344328506
 0.184145473844603558 -0.619557587638481233
 0.189926821906297949 -0.584776641255999929
 0.195860550481423701 -0.551234814874974832
 0.201954997815341208 -0.518886426766755782
 0.208219018968123892 -0.487671552225715954
 0.214662023991960105 -0.457574911639463955
 0.221294018907312928 -0.428629283142017370
 0.228125649626040428 -0.400886302858765087
 0.235168248956668657 -0.374408380156744214
 0.242433886805965448 -0.349248673368853679
 0.249935423659531253 -0.325427678816094357
 0.257686567379129539 -0.302920775560103772
 0.265701933292239012 -0.281662577848345308
 0.273997107464953427 -0.261552988943880682
 0.282588712937073661 -0.242503666925496908
 0.291494478550786251 -0.224514362271686363
 0.300733309812837302 -0.207588020563981124
 0.310325360983985998 -0.191640872867692408
 0.320292107275887084 -0.176563534191673394
 0.330656415639321022 -0.162333214815260946
 0.341442612131250156 -0.149005134353360269
 0.352676543231464024 -0.136595714133635165
 0.364385627720396954 -0.125069570679214287
 0.376598894804481832 -0.114400773074271392
 0.389347003060644958 -0.104520016760136031
 0.402662233446409612 -0.952616510168651370E-01
 0.416578448072201457 -0.864622996710692482E-01
 0.431131004656285288 -0.781150214402440285E-01
 0.446356614599918045 -0.703385698012640032E-01
 0.462293130484153547 -0.632487291765535947E-01
 0.478979246603053799 -0.568680487986081423E-01
 0.496454094083784270 -0.510849251654420661E-01
 0.514756710468977419 -0.457372657481137368E-01
 0.533925362737153852 -0.408083922418871134E-01
 0.553996703141117930 -0.362307598151052207E-01
 0.575004739633996120 -0.319152397056249731E-01
 0.596979607850977034 -0.278775976849568383E-01
 0.619946140532487755 -0.242303656813317482E-01
 0.643922243792862670 -0.209458231104924751E-01
 0.668917108408850547 -0.180420365420161551E-01
 0.694929308450184635 -0.155774466034623686E-01
 0.721944868322298650 -0.134954488491788403E-01
 0.749935410556105575 -0.116836258840218882E-01
 0.778856526762241597 -0.101141030697983678E-01
 0.808646537709191593 -0.881169313528106825E-02
 0.839225818902016085 -0.776275471682417919E-02
 0.870496858588253319 -0.688879973296723219E-02
 0.902345180596794139 -0.620380098624771607E-02
 0.934641203204055193 -0.573802456021072979E-02
 0.967243021066621855 -0.548985082779706538E-02
 0.999999999999999556 -0.542287081635184354E-02
 1.03275697893337726 -0.550377261808447302E-02
 1.06535879679594414 -0.574878008925146580E-02
 1.09765481940320497 -0.616866417985539005E-02
 1.12950314141174601 -0.682830030217956418E-02
 1.16077418109798325 -0.776281439342908514E-02
 1.19135346229080774 -0.889440862839055608E-02
 1.22114347323775752 -0.101990565681863814E-01
 1.25006458944389376 -0.117114920005390831E-01
 1.27805513167770068 -0.135371669855573248E-01
 1.30507069154981470 -0.157465635964954831E-01
 1.33108289159114879 -0.183079148221760059E-01
 1.35607775620713644 -0.212066647229091597E-01
 1.38005385946751158 -0.244010941342117788E-01
 1.40302039214902230 -0.279001175717519118E-01
 1.42499526036600299 -0.317729093587940450E-01
 1.44600329685888118 -0.360278584321166370E-01
 1.46607463726284526 -0.406827210335750644E-01
 1.48524328953102192 -0.457340611643324013E-01
 1.50354590591621506 -0.512085116116980446E-01
 1.52102075339694531 -0.571335432621627587E-01
 1.53770686951584601 -0.635594524905522262E-01
 1.55364338540008129 -0.704933394999119473E-01
 1.56886899534371382 -0.779133421792901210E-01
 1.58342155192779788 -0.858293767167862126E-01
 1.59733776655359017 -0.943562079697367467E-01
 1.61065299693935415 -0.103657924961246664
 1.62340110519551750 -0.113721617871639341
 1.63561437227960260 -0.124523119839894003
 1.64732345676853553 -0.136126938489074645
 1.65855738786874918 -0.148557986294766797
 1.66934358436067853 -0.161820442497243505
 1.67970789272411247 -0.175971580205311645
 1.68967463901601400 -0.191087157096351073
 1.69926669018716248 -0.207245128220855390
 1.70850552144921330 -0.224506535594066997
 1.71741128706292590 -0.242869394971766128
 1.72600289253504613 -0.262288217340911400
 1.73429806670776032 -0.282717506989185907
 1.74231343262087002 -0.304149773269051349
 1.75006457634046853 -0.326615269575461997
 1.75756611319403411 -0.350172528057015042
 1.76483175104333090 -0.374912734103067358
 1.77187435037395868 -0.400920374233088905
 1.77870598109268663 -0.428213495420090351
 1.78533797600803945 -0.456752242036643885
 1.79178098103187544 -0.486489621905890346
 1.79804500218465790 -0.517380659082142924
 1.80413944951857586 -0.549369844286940356
 1.81007317809370161 -0.582414519214920157
 1.81585452615539600 -0.616523980031244645
 1.82149135066809720 -0.651749370922145466
 1.82699106036302350 -0.688121733076551556
 1.83236064645632535 -0.725619574146649682
 1.83760671119080277 -0.764191213215386189
 1.84273549434916850 -0.803786799021842246
 1.84775289788055153 -0.844385271460377229
 1.85266450877491584 -0.885993426679798302
 1.85747562031265367 -0.928609780064608814
 1.86219125180903466 -0.972190302033287379
 1.86681616696562358 -1.01664209882956280
 1.87135489093338148 -1.06182871082014474
 1.87581172618498138 -1.10756267424161514
 1.88019076728701284 -1.15358801540591860
 1.88449591465621968 -1.19956726858904505
 1.88873088737776040 -1.24507280679302879
 1.89289923515769787 -1.28957271937504858
 1.89700434947652008 -1.33240930456745543
 1.90104947400545554 -1.37277686613544159
 1.90503771434267422 -1.40970457218493594
 1.90897204712212654 -1.44204592171613588
 1.91285532854377660 -1.46847773103724899
 1.91669030237027949 -1.48751464549334900
 1.92047960743175627 -1.49754543169703003
 1.92422578467718974 -1.49689708970380209
 1.92793128380807777 -1.48393416752984764
 1.93159846952735892 -1.45720182167563550
 1.93522962743418470 -1.41561902835139342
 1.93882696959291567 -1.35872117139777204
 1.94239263980269272 -1.28693970759145282
 1.94592871859206551 -1.20188963044675723
 1.94943722796150132 -1.10661780055500936
 1.95292013589503810 -1.00574228455428716
 1.95637936066096163 -0.905392154780845115
 1.95981677492010453 -0.812829640220972927
 1.96323420965923701 -0.735639476193126862
 1.96663345796595213 -0.680414137572121991
 1.97001627866054196 -0.650971796593044383
 1.97338439979950442 -0.646374867934652486
 1.97673952206458559 -0.659253518836215302
 1.98008332205058002 -0.675271280130357976
 1.98341745546455739 -0.674817182615318090
 1.98674356024864895 -0.637173544963794636
 1.99006325963809938 -0.547556988038399028
 1.99337816516593191 -0.402830337840381691
 1.99668987962525302 -0.214198069155261711
 2.00000000000000000 0.525365323110739748E-05
