 0.000000000000000000E+00 -0.500797574209440829E-03
 0.331012037474653908E-02 -0.565052358408155934E-02
 0.662183483406764140E-02 -0.185273787111652176E-01
 0.993674036189995391E-02 -0.329355764543170712E-01
 0.132564397513506016E-01 -0.490275590106240000E-01
 0.165825445354421674E-01 -0.628227860628211565E-01
 0.199166779494195367E-01 -0.754305470893274210E-01
 0.232604779354139701E-01 -0.857482323237346439E-01
 0.266156002004951375E-01 -0.943356127486605495E-01
 0.299837213394578139E-01 -0.101226944484819101
 0.333665420340474306E-01 -0.106792073143342631
 0.367657903407625497E-01 -0.111267360890339104
 0.401832250798950241E-01 -0.114895201484886397
 0.436206393390381475E-01 -0.117843467701353094
 0.470798641049610112E-01 -0.120232244762631890
 0.505627720384977941E-01 -0.122132136417835047
 0.540712814079340465E-01 -0.123579530253194181
 0.576073601973068339E-01 -0.124587467170018784
 0.611730304070841058E-01 -0.125156897001930917
 0.647703725658153040E-01 -0.125285044086470648
 0.684015304726404150E-01 -0.124971438903435511
 0.720687161919215669E-01 -0.124221517972968848
 0.757742153228098125E-01 -0.123048272496573352
 0.795203925682432811E-01 -0.121472386699262858
 0.833096976297200698E-01 -0.119521368207672091
 0.871446714562229552E-01 -0.117228114773824665
 0.910279528778730196E-01 -0.114629282451662456
 0.949622856573255625E-01 -0.111763716605300795
 0.989505259945437921E-01 -0.108671095692698894
 0.102995650523479032 -0.105390843028760506
 0.107100764842301688 -0.101961303884820997
 0.111269112622238708 -0.984191348721921017E-01
 0.115504085343779872 -0.947988231804333947E-01
 0.119809232712986713 -0.911323011412532719E-01
 0.124188273815018180 -0.874486713603437466E-01
 0.128645109066618080 -0.837740303812604947E-01
 0.133183833034375976 -0.801313682625280077E-01
 0.137808748190964891 -0.765405438239648989E-01
 0.142524379687345437 -0.730183257324716756E-01
 0.147335491225083715 -0.695784778221952144E-01
 0.152247102119448030 -0.662319022930656781E-01
 0.157264505650830833 -0.629868672159213383E-01
 0.162393288809196790 -0.598492867621846572E-01
 0.167639353543673986 -0.568230013633771944E-01
 0.173008939636976056 -0.539100549093491505E-01
 0.178508649331902358 -0.511109969305111392E-01
 0.184145473844603558 -0.484252518323819645E-01
 0.189926821906297949 -0.458515158976940118E-01
 0.195860550481423701 -0.433880596965591989E-01
 0.201954997815341208 -0.410329259025148663E-01
 0.208219018968123892 -0.387840059535578957E-01
 0.214662023991960105 -0.366389188938268384E-01
 0.221294018907312928 -0.345948178744983695E-01
 0.228125649626040428 -0.326482227076999240E-01
 0.235168248956668657 -0.307948834318806687E-01
 0.242433886805965448 -0.290298781934475308E-01
 0.249935423659531253 -0.273480901249503923E-01
 0.257686567379129539 -0.257448504109309868E-01
 0.265701933292239012 -0.242164226622159258E-01
 0.273997107464953427 -0.227600522118721928E-01
 0.282588712937073661 -0.213734680420477018E-01
 0.291494478550786251 -0.200542337196683781E-01
 0.300733309812837302 -0.187995707325663182E-01
 0.310325360983985998 -0.176063870325123446E-01
 0.320292107275887084 -0.164711079804573078E-01
 0.330656415639321022 -0.153895212687852282E-01
 0.341442612131250156 -0.143572557048011300E-01
 0.352676543231464024 -0.133706285366856827E-01
 0.364385627720396954 -0.124264821959149153E-01
 0.376598894804481832 -0.115222331474956544E-01
 0.389347003060644958 -0.106569010922037740E-01
 0.402662233446409612 -0.983107542835426514E-02
 0.416578448072201457 -0.904562671877435012E-02
 0.431131004656285288 -0.830154808541875774E-02
 0.446356614599918045 -0.759993903276090683E-02
 0.462293130484153547 -0.694073296975888238E-02
 0.478979246603053799 -0.632176229465953796E-02
 0.496454094083784270 -0.573891291043219457E-02
 0.514756710468977419 -0.518742190075884881E-02
 0.533925362737153852 -0.466421879801465818E-02
 0.553996703141117930 -0.417182769439103374E-02
 0.575004739633996120 -0.371484162059460823E-02
 0.596979607850977034 -0.329322364827469355E-02
 0.619946140532487755 -0.290554164181818257E-02
 0.643922243792862670 -0.255018428156646854E-02
 0.668917108408850547 -0.222318822608822417E-02
 0.694929308450184635 -0.192221030663215818E-02
 0.721944868322298650 -0.164746058069849223E-02
 0.749935410556105575 -0.139801221910462216E-02
 0.778856526762241597 -0.116941438688388487E-02
 0.808646537709191593 -0.960080283247524376E-03
 0.839225818902016085 -0.770710272469298072E-03
 0.870496858588253319 -0.599167059801299930E-03
 0.902345180596794139 -0.441285338402443573E-03
 0.934641203204055193 -0.292582646002230223E-03
 0.967243021066621855 -0.148905412933803292E-03
 0.999999999999999556 -0.771797767799556258E-05
 1.03275697893337726 0.132835528016789700E-03
 1.06535879679594414 0.274831394999022977E-03
 1.09765481940320497 0.422193824530528884E-03
 1.12950314141174601 0.580536369369321573E-03
 1.16077418109798325 0.754923512582730068E-03
 1.19135346229080774 0.949647216739652887E-03
 1.22114347323775752 0.116767033473985280E-02
 1.25006458944389376 0.140927555321637503E-02
 1.27805513167770068 0.167373342276778037E-02
 1.30507069154981470 0.196292404616616074E-02
 1.33108289159114879 0.227954516623285128E-02
 1.35607775620713644 0.262434989424199143E-02
 1.38005385946751158 0.299629455364227833E-02
 1.40302039214902230 0.339533702395747490E-02
 1.42499526036600299 0.382335134356502409E-02
 1.44600329685888118 0.428272871970967854E-02
 1.46607463726284526 0.477504417189649529E-02
 1.48524328953102192 0.530156206757070262E-02
 1.50354590591621506 0.586430608631180374E-02
 1.52102075339694531 0.646595628554827960E-02
 1.53770686951584601 0.710687154184689359E-02
 1.55364338540008129 0.778404132352534302E-02
 1.56886899534371382 0.849438458931325163E-02
 1.58342155192779788 0.923688835220016005E-02
 1.59733776655359017 0.100121894705999161E-01
 1.61065299693935415 0.108223512796171550E-01
 1.62340110519551750 0.116706899458621713E-01
 1.63561437227960260 0.125603677336483463E-01
 1.64732345676853553 0.134933842135308811E-01
 1.65855738786874918 0.144707376735234827E-01
 1.66934358436067853 0.154927750033228059E-01
 1.67970789272411247 0.165598983785059488E-01
 1.68967463901601400 0.176739529547387808E-01
 1.69926669018716248 0.188389222209640016E-01
 1.70850552144921330 0.200599375555846199E-01
 1.71741128706292590 0.213419907664887734E-01
 1.72600289253504613 0.226896972167562883E-01
 1.73429806670776032 0.241076600827638508E-01
 1.74231343262087002 0.256005662876830874E-01
 1.75006457634046853 0.271728944411766746E-01
 1.75756611319403411 0.288284990706971396E-01
 1.76483175104333090 0.305704789763090040E-01
 1.77187435037395868 0.324015305697452280E-01
 1.77870598109268663 0.343244660107344113E-01
 1.78533797600803945 0.363424260516426803E-01
 1.79178098103187544 0.384587726841950708E-01
 1.79804500218465790 0.406769112751558942E-01
 1.80413944951857586 0.430001174262118757E-01
 1.81007317809370161 0.454311653473817925E-01
 1.81585452615539600 0.479718746965653101E-01
 1.82149135066809720 0.506230102497013529E-01
 1.82699106036302350 0.533845308466495486E-01
 1.83236064645632535 0.562557499810633910E-01
 1.83760671119080277 0.592351395974057143E-01
 1.84273549434916850 0.623199066831938431E-01
 1.84775289788055153 0.655055946123117017E-01
 1.85266450877491584 0.687858344555076218E-01
 1.85747562031265367 0.721522226123285232E-01
 1.86219125180903466 0.755941944484724709E-01
 1.86681616696562358 0.790987939190197498E-01
 1.87135489093338148 0.826503713505677279E-01
 1.87581172618498138 0.862302999796234204E-01
 1.88019076728701284 0.898167673815561118E-01
 1.88449591465621968 0.933846768266617805E-01
 1.88873088737776040 0.969056831852304068E-01
 1.89289923515769787 0.100348376204857578
 1.89700434947652008 0.103678616813610153
 1.90104947400545554 0.106860018604090015
 1.90503771434267422 0.109854586370734961
 1.90897204712212654 0.112623553507961105
 1.91285532854377660 0.115128427482017709
 1.91669030237027949 0.117332189767291831
 1.92047960743175627 0.119200577384854622
 1.92422578467718974 0.120703382252386679
 1.92793128380807777 0.121815678485036535
 1.93159846952735892 0.122518817493431173
 1.93522962743418470 0.122800941609256253
 1.93882696959291567 0.122656687441159387
 1.94239263980269272 0.122085645650069616
 1.94592871859206551 0.121089112698535117
 1.94943722796150132 0.119664570772910303
 1.95292013589503810 0.117797889716980089
 1.95637936066096163 0.115452610041093903
 1.95981677492010453 0.112559435248868980
 1.96323420965923701 0.109001245247839648
 1.96663345796595213 0.104614616643340708
 1.97001627866054196 0.991633695924021841E-01
 1.97338439979950442 0.924170535126643405E-01
 1.97673952206458559 0.840134675512398260E-01
 1.98008332205058002 0.739179390528093005E-01
 1.98341745546455739 0.615783374506052444E-01
 1.98674356024864895 0.480718652064576271E-01
 1.99006325963809938 0.323046358626177949E-01
 1.99337816516593191 0.181795801641866615E-01
 1.99668987962525302 0.554632710369393819E-02
 2.00000000000000000 0.491660008098361383E-03
