 0.000000000000000000E+00 -0.000000000000000000E+00
 0.331012037474653908E-02 -0.405953956755255944E-07
 0.662183483406764140E-02 -0.354126778371366581E-07
 0.993674036189995391E-02 -0.513427277833504370E-07
 0.132564397513506016E-01 -0.593779934623997975E-07
 0.165825445354421674E-01 -0.792543112339252141E-07
 0.199166779494195367E-01 -0.952238050863221338E-07
 0.232604779354139701E-01 -0.119557197080853837E-06
 0.266156002004951375E-01 -0.141376581085738658E-06
 0.299837213394578139E-01 -0.168584682749672527E-06
 0.333665420340474306E-01 -0.193641145687660869E-06
 0.367657903407625497E-01 -0.221569563512341160E-06
 0.401832250798950241E-01 -0.247317649367578221E-06
 0.436206393390381475E-01 -0.274028784125721033E-06
 0.470798641049610112E-01 -0.298460508001803469E-06
 0.505627720384977941E-01 -0.322566272155439690E-06
 0.540712814079340465E-01 -0.344360413965518467E-06
 0.576073601973068339E-01 -0.365065257356982115E-06
 0.611730304070841058E-01 -0.383529958517589277E-06
 0.647703725658153040E-01 -0.400537567177441995E-06
 0.684015304726404150E-01 -0.415470288674843629E-06
 0.720687161919215669E-01 -0.428850669724958000E-06
 0.757742153228098125E-01 -0.440388128887462757E-06
 0.795203925682432811E-01 -0.450449409029958801E-06
 0.833096976297200698E-01 -0.458935088119571328E-06
 0.871446714562229552E-01 -0.466115956198626198E-06
 0.910279528778730196E-01 -0.471998481907922427E-06
 0.949622856573255625E-01 -0.476792727424060390E-06
 0.989505259945437921E-01 -0.480559330350090961E-06
 0.102995650523479032 -0.483466197228509157E-06
 0.107100764842301688 -0.485594384813850554E-06
 0.111269112622238708 -0.487076422367637798E-06
 0.115504085343779872 -0.487991384715482704E-06
 0.119809232712986713 -0.488438988689226507E-06
 0.124188273815018180 -0.488485006966371728E-06
 0.128645109066618080 -0.488202027261012341E-06
 0.133183833034375976 -0.487642993200844954E-06
 0.137808748190964891 -0.486864142513830088E-06
 0.142524379687345437 -0.485912094538092093E-06
 0.147335491225083715 -0.484834637298552399E-06
 0.152247102119448030 -0.483671783487178780E-06
 0.157264505650830833 -0.482458725960903849E-06
 0.162393288809196790 -0.481220209544030291E-06
 0.167639353543673986 -0.479971829886231243E-06
 0.173008939636976056 -0.478716280137674452E-06
 0.178508649331902358 -0.477442531264625999E-06
 0.184145473844603558 -0.476125049745924533E-06
 0.189926821906297949 -0.474727356430108621E-06
 0.195860550481423701 -0.473205708868889820E-06
 0.201954997815341208 -0.471514473700405447E-06
 0.208219018968123892 -0.469610577201334977E-06
 0.214662023991960105 -0.467454290635455887E-06
 0.221294018907312928 -0.465004921493973685E-06
 0.228125649626040428 -0.462215917457097443E-06
 0.235168248956668657 -0.459035075702698574E-06
 0.242433886805965448 -0.455410636910892300E-06
 0.249935423659531253 -0.451298143553002518E-06
 0.257686567379129539 -0.446666825067551869E-06
 0.265701933292239012 -0.441505774813560492E-06
 0.273997107464953427 -0.435824434884882441E-06
 0.282588712937073661 -0.429641726258155991E-06
 0.291494478550786251 -0.422965265131586526E-06
 0.300733309812837302 -0.415769131427658247E-06
 0.310325360983985998 -0.407988939637357728E-06
 0.320292107275887084 -0.399553322429814304E-06
 0.330656415639321022 -0.390418883065953422E-06
 0.341442612131250156 -0.380569024485865807E-06
 0.352676543231464024 -0.369999919956694625E-06
 0.364385627720396954 -0.358740589624564469E-06
 0.376598894804481832 -0.346898022041232810E-06
 0.389347003060644958 -0.334653164723432826E-06
 0.402662233446409612 -0.322178861890935712E-06
 0.416578448072201457 -0.309522212402543367E-06
 0.431131004656285288 -0.296623478897370192E-06
 0.446356614599918045 -0.283422164559687496E-06
 0.462293130484153547 -0.269875697490845045E-06
 0.478979246603053799 -0.256019673479879545E-06
 0.496454094083784270 -0.242029267722776435E-06
 0.514756710468977419 -0.228072732284286215E-06
 0.533925362737153852 -0.214275958175237100E-06
 0.553996703141117930 -0.200768070999814693E-06
 0.575004739633996120 -0.187604880472989901E-06
 0.596979607850977034 -0.174738054973463517E-06
 0.619946140532487755 -0.162054995672085028E-06
 0.643922243792862670 -0.149407280443821302E-06
 0.668917108408850547 -0.136748347110631095E-06
 0.694929308450184635 -0.124240711272305467E-06
 0.721944868322298650 -0.111991960607267727E-06
 0.749935410556105575 -0.998167597996643360E-07
 0.778856526762241597 -0.875802419381009747E-07
 0.808646537709191593 -0.753452854970346906E-07
 0.839225818902016085 -0.631436775124975155E-07
 0.870496858588253319 -0.508457761818697120E-07
 0.902345180596794139 -0.383662138858126825E-07
 0.934641203204055193 -0.257539716393752408E-07
 0.967243021066621855 -0.130444008351810498E-07
 0.999999999999999556 -0.271849418517136010E-09
 1.03275697893337726 0.123933289063757918E-07
 1.06535879679594414 0.248495645951607297E-07
 1.09765481940320497 0.371512155992663260E-07
 1.12950314141174601 0.494108074607440741E-07
 1.16077418109798325 0.616797278699837114E-07
 1.19135346229080774 0.738839454492208141E-07
 1.22114347323775752 0.859999836185289290E-07
 1.25006458944389376 0.981267654379778377E-07
 1.27805513167770068 0.110425092845802474E-06
 1.30507069154981470 0.123026518499373759E-06
 1.33108289159114879 0.135952916937245728E-06
 1.35607775620713644 0.149124461036213607E-06
 1.38005385946751158 0.162613211537205923E-06
 1.40302039214902230 0.176332830914929984E-06
 1.42499526036600299 0.189971501164562320E-06
 1.44600329685888118 0.203404561451836580E-06
 1.46607463726284526 0.216779972686705483E-06
 1.48524328953102192 0.230281929045216846E-06
 1.50354590591621506 0.243983328042001605E-06
 1.52102075339694531 0.257856459424129117E-06
 1.53770686951584601 0.271803779173247072E-06
 1.55364338540008129 0.285624161241539696E-06
 1.56886899534371382 0.299117459649116329E-06
 1.58342155192779788 0.312244821287135183E-06
 1.59733776655359017 0.325035224303633138E-06
 1.61065299693935415 0.337429286483957650E-06
 1.62340110519551750 0.349318843195236852E-06
 1.63561437227960260 0.360635678782732159E-06
 1.64732345676853553 0.371348752125717450E-06
 1.65855738786874918 0.381444330652174596E-06
 1.66934358436067853 0.390909307554624970E-06
 1.67970789272411247 0.399724837663742964E-06
 1.68967463901601400 0.407871575099784354E-06
 1.69926669018716248 0.415331751340199030E-06
 1.70850552144921330 0.422095964509563293E-06
 1.71741128706292590 0.428175603329367542E-06
 1.72600289253504613 0.433602975568375211E-06
 1.73429806670776032 0.438422916610866894E-06
 1.74231343262087002 0.442689162548605803E-06
 1.75006457634046853 0.446461551557781523E-06
 1.75756611319403411 0.449804899692569926E-06
 1.76483175104333090 0.452788476806452655E-06
 1.77187435037395868 0.455482230378578824E-06
 1.77870598109268663 0.457949700993416987E-06
 1.78533797600803945 0.460239563659580956E-06
 1.79178098103187544 0.462381220665835891E-06
 1.79804500218465790 0.464387434621262616E-06
 1.80413944951857586 0.466263576315121399E-06
 1.81007317809370161 0.468018689977361024E-06
 1.81585452615539600 0.469668737592250910E-06
 1.82149135066809720 0.471231078926036198E-06
 1.82699106036302350 0.472717451272457920E-06
 1.83236064645632535 0.474132662322793714E-06
 1.83760671119080277 0.475475839036506128E-06
 1.84273549434916850 0.476742650915688406E-06
 1.84775289788055153 0.477922905663431763E-06
 1.85266450877491584 0.479000167605690878E-06
 1.85747562031265367 0.479948228047814994E-06
 1.86219125180903466 0.480736180975692661E-06
 1.86681616696562358 0.481325292427647140E-06
 1.87135489093338148 0.481676900260085001E-06
 1.87581172618498138 0.481740390133643545E-06
 1.88019076728701284 0.481465828705672349E-06
 1.88449591465621968 0.480782751146716504E-06
 1.88873088737776040 0.479628487916366437E-06
 1.89289923515769787 0.477909065374234686E-06
 1.89700434947652008 0.475553461113890463E-06
 1.90104947400545554 0.472439453637657720E-06
 1.90503771434267422 0.468496217399713771E-06
 1.90897204712212654 0.463565429148779805E-06
 1.91285532854377660 0.457591961242036571E-06
 1.91669030237027949 0.450368890190538393E-06
 1.92047960743175627 0.441888088788272943E-06
 1.92422578467718974 0.431878174207010796E-06
 1.92793128380807777 0.420435039202819738E-06
 1.93159846952735892 0.407193820620804180E-06
 1.93522962743418470 0.392442607104382536E-06
 1.93882696959291567 0.375664366225149588E-06
 1.94239263980269272 0.357473042396350599E-06
 1.94592871859206551 0.337093964378697832E-06
 1.94943722796150132 0.315669987086532859E-06
 1.95292013589503810 0.291990906058000118E-06
 1.95637936066096163 0.268027460950905388E-06
 1.95981677492010453 0.241843354229109751E-06
 1.96323420965923701 0.216654649976046760E-06
 1.96663345796595213 0.189339648815902310E-06
 1.97001627866054196 0.164905422957119677E-06
 1.97338439979950442 0.138351153415310278E-06
 1.97673952206458559 0.117148510215297387E-06
 1.98008332205058002 0.934190199127596206E-07
 1.98341745546455739 0.779597132642298988E-07
 1.98674356024864895 0.585348708100011492E-07
 1.99006325963809938 0.508244257671396603E-07
 1.99337816516593191 0.351458408299294374E-07
 1.99668987962525302 0.404628184498202658E-07
 2.00000000000000000 0.000000000000000000E+00
