 0.000000000000000000E+00 0.225007058167252375E-14
 0.331012037474653908E-02 0.148764022330843467E-06
 0.662183483406764140E-02 0.578327329021914188E-06
 0.993674036189995391E-02 0.126689184905496595E-05
 0.132564397513506016E-01 0.218886408703529732E-05
 0.165825445354421674E-01 0.331146369284599489E-05
 0.199166779494195367E-01 0.459572967539058221E-05
 0.232604779354139701E-01 0.599955068689067226E-05
 0.266156002004951375E-01 0.748078678462399810E-05
 0.299837213394578139E-01 0.899961844530766193E-05
 0.333665420340474306E-01 0.105199596626243900E-04
 0.367657903407625497E-01 0.120100157988351035E-04
 0.401832250798950241E-01 0.134423134069995029E-04
 0.436206393390381475E-01 0.147934182513863079E-04
 0.470798641049610112E-01 0.160435578467967901E-04
 0.505627720384977941E-01 0.171762494556311458E-04
 0.540712814079340465E-01 0.181779948274081676E-04
 0.576073601973068339E-01 0.190380478788513214E-04
 0.611730304070841058E-01 0.197482408815847031E-04
 0.647703725658153040E-01 0.203028428403170226E-04
 0.684015304726404150E-01 0.206984282816004992E-04
 0.720687161919215669E-01 0.209337474593052092E-04
 0.757742153228098125E-01 0.210096005568290135E-04
 0.795203925682432811E-01 0.209287184293337173E-04
 0.833096976297200698E-01 0.206956393505295001E-04
 0.871446714562229552E-01 0.203165585014648090E-04
 0.910279528778730196E-01 0.197991287543931755E-04
 0.949622856573255625E-01 0.191522092319090666E-04
 0.989505259945437921E-01 0.183855800461755480E-04
 0.102995650523479032 0.175096552108897668E-04
 0.107100764842301688 0.165352188249931565E-04
 0.111269112622238708 0.154731842994759650E-04
 0.115504085343779872 0.143343609814435727E-04
 0.119809232712986713 0.131292305226474008E-04
 0.124188273815018180 0.118677686281262801E-04
 0.128645109066618080 0.105593547904216612E-04
 0.133183833034375976 0.921277673554358266E-05
 0.137808748190964891 0.783628697321955508E-05
 0.142524379687345437 0.643764580553598808E-05
 0.147335491225083715 0.502410875890804526E-05
 0.152247102119448030 0.360239000351502935E-05
 0.157264505650830833 0.217870011946113797E-05
 0.162393288809196790 0.758924642232148834E-06
 0.167639353543673986 -0.651124437286391605E-06
 0.173008939636976056 -0.204556631392917401E-05
 0.178508649331902358 -0.341854767046893045E-05
 0.184145473844603558 -0.476448943691361321E-05
 0.189926821906297949 -0.607821217921345391E-05
 0.195860550481423701 -0.735473696029189719E-05
 0.201954997815341208 -0.858888302203468820E-05
 0.208219018968123892 -0.977509248362944348E-05
 0.214662023991960105 -0.109078097254691982E-04
 0.221294018907312928 -0.119821937140433004E-04
 0.228125649626040428 -0.129945761877849346E-04
 0.235168248956668657 -0.139423516756472330E-04
 0.242433886805965448 -0.148235970166866117E-04
 0.249935423659531253 -0.156369997299406713E-04
 0.257686567379129539 -0.163821921636945502E-04
 0.265701933292239012 -0.170600192136019680E-04
 0.273997107464953427 -0.176723992171550235E-04
 0.282588712937073661 -0.182218277604171871E-04
 0.291494478550786251 -0.187104402468103328E-04
 0.300733309812837302 -0.191385206597920600E-04
 0.310325360983985998 -0.195036804426458179E-04
 0.320292107275887084 -0.198020948062351970E-04
 0.330656415639321022 -0.200307740346068324E-04
 0.341442612131250156 -0.201890738600241616E-04
 0.352676543231464024 -0.202793785376241656E-04
 0.364385627720396954 -0.203065247452546289E-04
 0.376598894804481832 -0.202756568758268186E-04
 0.389347003060644958 -0.201909904243481376E-04
 0.402662233446409612 -0.200565603474659365E-04
 0.416578448072201457 -0.198765825862845672E-04
 0.431131004656285288 -0.196534787810983684E-04
 0.446356614599918045 -0.193879471981910659E-04
 0.462293130484153547 -0.190763197611574073E-04
 0.478979246603053799 -0.187081178458835654E-04
 0.496454094083784270 -0.182693578989340007E-04
 0.514756710468977419 -0.177503726803946025E-04
 0.533925362737153852 -0.171561231889511017E-04
 0.553996703141117930 -0.165031585365210296E-04
 0.575004739633996120 -0.158057955560395352E-04
 0.596979607850977034 -0.150727418522491398E-04
 0.619946140532487755 -0.143030301028826111E-04
 0.643922243792862670 -0.134864665235914418E-04
 0.668917108408850547 -0.126128679297442260E-04
 0.694929308450184635 -0.116902494729965226E-04
 0.721944868322298650 -0.107454405773001027E-04
 0.749935410556105575 -0.981190459929282806E-05
 0.778856526762241597 -0.892055587423414236E-05
 0.808646537709191593 -0.809263606375388249E-05
 0.839225818902016085 -0.734181332324099263E-05
 0.870496858588253319 -0.667940068992747081E-05
 0.902345180596794139 -0.612322819518479208E-05
 0.934641203204055193 -0.569732431717489333E-05
 0.967243021066621855 -0.542113886027519550E-05
 0.999999999999999556 -0.530481223643166783E-05
 1.03275697893337726 -0.535363042081884083E-05
 1.06535879679594414 -0.557051117363425070E-05
 1.09765481940320497 -0.594515470006855361E-05
 1.12950314141174601 -0.645305797058974065E-05
 1.16077418109798325 -0.707270673862490252E-05
 1.19135346229080774 -0.778422519394695420E-05
 1.22114347323775752 -0.857844348255840549E-05
 1.25006458944389376 -0.943475823193541032E-05
 1.27805513167770068 -0.103150174166315528E-04
 1.30507069154981470 -0.112010619602376218E-04
 1.33108289159114879 -0.120833989536876765E-04
 1.35607775620713644 -0.129477596465298143E-04
 1.38005385946751158 -0.137833621456025058E-04
 1.40302039214902230 -0.145733102913169233E-04
 1.42499526036600299 -0.153049757112011022E-04
 1.44600329685888118 -0.159719934787020387E-04
 1.46607463726284526 -0.165786981499138564E-04
 1.48524328953102192 -0.171382788834926721E-04
 1.50354590591621506 -0.176586413112134195E-04
 1.52102075339694531 -0.181412010323876984E-04
 1.53770686951584601 -0.185830842629526350E-04
 1.55364338540008129 -0.189748262503566349E-04
 1.56886899534371382 -0.193031411255092158E-04
 1.58342155192779788 -0.195603257849358893E-04
 1.59733776655359017 -0.197473607182684527E-04
 1.61065299693935415 -0.198664967895693234E-04
 1.62340110519551750 -0.199174882337362794E-04
 1.63561437227960260 -0.199001322911518042E-04
 1.64732345676853553 -0.198141444031117152E-04
 1.65855738786874918 -0.196589070405352173E-04
 1.66934358436067853 -0.194342986078199424E-04
 1.67970789272411247 -0.191409203287513318E-04
 1.68967463901601400 -0.187808411230142564E-04
 1.69926669018716248 -0.183581870805175875E-04
 1.70850552144921330 -0.178785445726193737E-04
 1.71741128706292590 -0.173472744853812135E-04
 1.72600289253504613 -0.167676313705364533E-04
 1.73429806670776032 -0.161403134219134917E-04
 1.74231343262087002 -0.154640618929262425E-04
 1.75006457634046853 -0.147361704100463518E-04
 1.75756611319403411 -0.139529446132560248E-04
 1.76483175104333090 -0.131107002101367444E-04
 1.77187435037395868 -0.122071611796591836E-04
 1.77870598109268663 -0.112424182310835377E-04
 1.78533797600803945 -0.102189935460382808E-04
 1.79178098103187544 -0.914114428112438217E-05
 1.79804500218465790 -0.801381474867290919E-05
 1.80413944951857586 -0.684175618970627945E-05
 1.81007317809370161 -0.562914611869343351E-05
 1.81585452615539600 -0.437971487423874230E-05
 1.82149135066809720 -0.309717378228376339E-05
 1.82699106036302350 -0.178567517421433751E-05
 1.83236064645632535 -0.450076406078513711E-06
 1.83760671119080277 0.904099572133796568E-06
 1.84273549434916850 0.227091246375504447E-05
 1.84775289788055153 0.364424710382879724E-05
 1.85266450877491584 0.501792255729591629E-05
 1.85747562031265367 0.638566408180146358E-05
 1.86219125180903466 0.774097636030466832E-05
 1.86681616696562358 0.907697199722906020E-05
 1.87135489093338148 0.103862106488678931E-04
 1.87581172618498138 0.116605914588630909E-04
 1.88019076728701284 0.128913272583721237E-04
 1.88449591465621968 0.140690026432329907E-04
 1.88873088737776040 0.151836852111693835E-04
 1.89289923515769787 0.162250527087451932E-04
 1.89700434947652008 0.171825232877923118E-04
 1.90104947400545554 0.180453982076479684E-04
 1.90503771434267422 0.188030272038222969E-04
 1.90897204712212654 0.194449967387328563E-04
 1.91285532854377660 0.199613351797969534E-04
 1.91669030237027949 0.203427331002469705E-04
 1.92047960743175627 0.205807881186113942E-04
 1.92422578467718974 0.206682882693211259E-04
 1.92793128380807777 0.205995348440494308E-04
 1.93159846952735892 0.203706822921903598E-04
 1.93522962743418470 0.199800580733892593E-04
 1.93882696959291567 0.194284292117088628E-04
 1.94239263980269272 0.187192002661086940E-04
 1.94592871859206551 0.178585466576698459E-04
 1.94943722796150132 0.168555004776441912E-04
 1.95292013589503810 0.157220116017021018E-04
 1.95637936066096163 0.144730091441862900E-04
 1.95981677492010453 0.131264884273728699E-04
 1.96323420965923701 0.117036395667799613E-04
 1.96663345796595213 0.102290189449371851E-04
 1.97001627866054196 0.873071896903382689E-05
 1.97338439979950442 0.724046455625416339E-05
 1.97673952206458559 0.579346846830844118E-05
 1.98008332205058002 0.442787618909742776E-05
 1.98341745546455739 0.318349899530612782E-05
 1.98674356024864895 0.209972236930870256E-05
 1.99006325963809938 0.121267082089723561E-05
 1.99337816516593191 0.552375872463175226E-06
 1.99668987962525302 0.141787561529039727E-06
 2.00000000000000000 0.205631360506712400E-14
