 0.000000000000000000E+00 -0.358581953097874726E-07
 0.331012037474653908E-02 -0.107251124439102195E-01
 0.662183483406764140E-02 -0.226373012104970871E-01
 0.993674036189995391E-02 -0.359276282899553823E-01
 0.132564397513506016E-01 -0.507378395868245471E-01
 0.165825445354421674E-01 -0.671271136496348619E-01
 0.199166779494195367E-01 -0.850545902258271896E-01
 0.232604779354139701E-01 -0.104374171721750661
 0.266156002004951375E-01 -0.124846758477705780
 0.299837213394578139E-01 -0.146163748039076002
 0.333665420340474306E-01 -0.167975101875789345
 0.367657903407625497E-01 -0.189917824734621959
 0.401832250798950241E-01 -0.211639885429974001
 0.436206393390381475E-01 -0.232818536286041183
 0.470798641049610112E-01 -0.253172137585999879
 0.505627720384977941E-01 -0.272466382646254335
 0.540712814079340465E-01 -0.290515925457135560
 0.576073601973068339E-01 -0.307182803065541798
 0.611730304070841058E-01 -0.322372755199695382
 0.647703725658153040E-01 -0.336030286895115660
 0.684015304726404150E-01 -0.348133075202366193
 0.720687161919215669E-01 -0.358686222401642330
 0.757742153228098125E-01 -0.367716754663958811
 0.795203925682432811E-01 -0.375268620821397114
 0.833096976297200698E-01 -0.381398284978783531
 0.871446714562229552E-01 -0.386170917065924102
 0.910279528778730196E-01 -0.389657182049854722
 0.949622856573255625E-01 -0.391930639625649224
 0.989505259945437921E-01 -0.393065751483527070
 0.102995650523479032 -0.393136449594840454
 0.107100764842301688 -0.392215161737367313
 0.111269112622238708 -0.390372173382800725
 0.115504085343779872 -0.387675230644450142
 0.119809232712986713 -0.384189276535593316
 0.124188273815018180 -0.379976192235478127
 0.128645109066618080 -0.375094531426367339
 0.133183833034375976 -0.369599416350903931
 0.137808748190964891 -0.363542739491546585
 0.142524379687345437 -0.356973594738819289
 0.147335491225083715 -0.349938733903808807
 0.152247102119448030 -0.342482881689319008
 0.157264505650830833 -0.334648823180705546
 0.162393288809196790 -0.326477308412597478
 0.167639353543673986 -0.318006924804358382
 0.173008939636976056 -0.309274116385655662
 0.178508649331902358 -0.300313543247894610
 0.184145473844603558 -0.291158490319134600
 0.189926821906297949 -0.281840744428485335
 0.195860550481423701 -0.272390206863320106
 0.201954997815341208 -0.262834862527712321
 0.208219018968123892 -0.253201318357967720
 0.214662023991960105 -0.243515449589040117
 0.221294018907312928 -0.233802881258818152
 0.228125649626040428 -0.224089540544189947
 0.235168248956668657 -0.214401186767892826
 0.242433886805965448 -0.204762065396412951
 0.249935423659531253 -0.195195358263103996
 0.257686567379129539 -0.185724071114832634
 0.265701933292239012 -0.176370230514692722
 0.273997107464953427 -0.167155234496079302
 0.282588712937073661 -0.158100833951708236
 0.291494478550786251 -0.149228425810342652
 0.300733309812837302 -0.140557000264637633
 0.310325360983985998 -0.132103177398111421
 0.320292107275887084 -0.123884043254539195
 0.330656415639321022 -0.115915511910779173
 0.341442612131250156 -0.108210514496752466
 0.352676543231464024 -0.100781717528284506
 0.364385627720396954 -0.936415910781621674E-01
 0.376598894804481832 -0.867990046947630794E-01
 0.389347003060644958 -0.802592083396903300E-01
 0.402662233446409612 -0.740250539529489909E-01
 0.416578448072201457 -0.680993669547081404E-01
 0.431131004656285288 -0.624840243788850197E-01
 0.446356614599918045 -0.571780994720105309E-01
 0.462293130484153547 -0.521791873692256311E-01
 0.478979246603053799 -0.474827191385646039E-01
 0.496454094083784270 -0.430827286128924458E-01
 0.514756710468977419 -0.389742300337140579E-01
 0.533925362737153852 -0.351514752636634328E-01
 0.553996703141117930 -0.316038043918327877E-01
 0.575004739633996120 -0.283170943586569107E-01
 0.596979607850977034 -0.252830335127195924E-01
 0.619946140532487755 -0.225005461794213144E-01
 0.643922243792862670 -0.199619627871347807E-01
 0.668917108408850547 -0.176581548278464638E-01
 0.694929308450184635 -0.155786513014459158E-01
 0.721944868322298650 -0.137116230415005348E-01
 0.749935410556105575 -0.120484762862302797E-01
 0.778856526762241597 -0.105862885593788533E-01
 0.808646537709191593 -0.932264494041401548E-02
 0.839225818902016085 -0.825321614903290826E-02
 0.870496858588253319 -0.737407816817833503E-02
 0.902345180596794139 -0.668573748428382200E-02
 0.934641203204055193 -0.619048012005585149E-02
 0.967243021066621855 -0.588928102919190205E-02
 0.999999999999999556 -0.578157397022750243E-02
 1.03275697893337726 -0.586705550070748191E-02
 1.06535879679594414 -0.614664579044365417E-02
 1.09765481940320497 -0.661820621896418593E-02
 1.12950314141174601 -0.727979873611183954E-02
 1.16077418109798325 -0.813516012112941271E-02
 1.19135346229080774 -0.919186799402065859E-02
 1.22114347323775752 -0.104554925070087026E-01
 1.25006458944389376 -0.119319161291115833E-01
 1.27805513167770068 -0.136251459442132215E-01
 1.30507069154981470 -0.155372164051339329E-01
 1.33108289159114879 -0.176736568954067239E-01
 1.35607775620713644 -0.200378850721448960E-01
 1.38005385946751158 -0.226306045324820224E-01
 1.40302039214902230 -0.254579648695508406E-01
 1.42499526036600299 -0.285311990451858934E-01
 1.44600329685888118 -0.318636556465820217E-01
 1.46607463726284526 -0.354681436115253448E-01
 1.48524328953102192 -0.393541046066805192E-01
 1.50354590591621506 -0.435273378860669691E-01
 1.52102075339694531 -0.479935766066543409E-01
 1.53770686951584601 -0.527591325281499338E-01
 1.55364338540008129 -0.578275729712833045E-01
 1.56886899534371382 -0.632017219752258469E-01
 1.58342155192779788 -0.688782639571795668E-01
 1.59733776655359017 -0.748550772750625065E-01
 1.61065299693935415 -0.811322408963683905E-01
 1.62340110519551750 -0.877065049768260691E-01
 1.63561437227960260 -0.945707609885369227E-01
 1.64732345676853553 -0.101715382086017034
 1.65855738786874918 -0.109130208976393278
 1.66934358436067853 -0.116804855327686918
 1.67970789272411247 -0.124726825230665472
 1.68967463901601400 -0.132884095983150430
 1.69926669018716248 -0.141263780167223740
 1.70850552144921330 -0.149852692564416440
 1.71741128706292590 -0.158636944252748213
 1.72600289253504613 -0.167599918019696148
 1.73429806670776032 -0.176722677782100990
 1.74231343262087002 -0.185984868724411001
 1.75006457634046853 -0.195365029259974149
 1.75756611319403411 -0.204841297211609541
 1.76483175104333090 -0.214391103248070397
 1.77187435037395868 -0.223990513336343677
 1.77870598109268663 -0.233614560439427132
 1.78533797600803945 -0.243237560488814092
 1.79178098103187544 -0.252832767804421432
 1.79804500218465790 -0.262372405744086212
 1.80413944951857586 -0.271828097250983447
 1.81007317809370161 -0.281170912571878706
 1.81585452615539600 -0.290371192131695655
 1.82149135066809720 -0.299398572318309020
 1.82699106036302350 -0.308221796660277325
 1.83236064645632535 -0.316808286038177012
 1.83760671119080277 -0.325124135250889235
 1.84273549434916850 -0.333134266868024886
 1.84775289788055153 -0.340802200801390787
 1.85266450877491584 -0.348089752150481158
 1.85747562031265367 -0.354956911624972837
 1.86219125180903466 -0.361361601018032164
 1.86681616696562358 -0.367259214194380068
 1.87135489093338148 -0.372602307400714650
 1.87581172618498138 -0.377340472279413919
 1.88019076728701284 -0.381420051610001976
 1.88449591465621968 -0.384783739543730352
 1.88873088737776040 -0.387370478131239204
 1.89289923515769787 -0.389115754808421477
 1.89700434947652008 -0.389951965549913682
 1.90104947400545554 -0.389808646846869056
 1.90503771434267422 -0.388612835866348205
 1.90897204712212654 -0.386289899670696657
 1.91285532854377660 -0.382764895235172820
 1.91669030237027949 -0.377964342598891889
 1.92047960743175627 -0.371818342122233136
 1.92422578467718974 -0.364263079243290322
 1.92793128380807777 -0.355243814194366847
 1.93159846952735892 -0.344718457856563409
 1.93522962743418470 -0.332661823741766671
 1.93882696959291567 -0.319070573492104270
 1.94239263980269272 -0.303968693972381410
 1.94592871859206551 -0.287413151540224787
 1.94943722796150132 -0.269499284115047255
 1.95292013589503810 -0.250365466472580123
 1.95637936066096163 -0.230196494787657108
 1.95981677492010453 -0.209224873093943414
 1.96323420965923701 -0.187728964395404457
 1.96663345796595213 -0.166026721041648367
 1.97001627866054196 -0.144464045699513793
 1.97338439979950442 -0.123396903979034647
 1.97673952206458559 -0.103168043771237880
 1.98008332205058002 -0.840793377785605534E-01
 1.98341745546455739 -0.663645590523033041E-01
 1.98674356024864895 -0.501666557960671056E-01
 1.99006325963809938 -0.355259499176708848E-01
 1.99337816516593191 -0.223851104346182127E-01
 1.99668987962525302 -0.106056790965851945E-01
 2.00000000000000000 -0.349039280218851836E-07
