 0.000000000000000000E+00 26.0414689927321170
 0.331012037474653908E-02 35.7675891023837949
 0.662183483406764140E-02 45.9039881534317189
 0.993674036189995391E-02 55.9171985834722776
 0.132564397513506016E-01 65.6934133759733356
 0.165825445354421674E-01 76.0399626800141846
 0.199166779494195367E-01 87.0482079605431380
 0.232604779354139701E-01 98.5690934662449365
 0.266156002004951375E-01 110.112957690508225
 0.299837213394578139E-01 120.982107047572171
 0.333665420340474306E-01 130.600286866585549
 0.367657903407625497E-01 138.493827492397230
 0.401832250798950241E-01 144.454478132378767
 0.436206393390381475E-01 148.429798474190477
 0.470798641049610112E-01 150.552323554306724
 0.505627720384977941E-01 151.028948530438697
 0.540712814079340465E-01 150.132353838665495
 0.576073601973068339E-01 148.132718509155836
 0.611730304070841058E-01 145.291377562508131
 0.647703725658153040E-01 141.831937983358813
 0.684015304726404150E-01 137.943167929783186
 0.720687161919215669E-01 133.774075096779256
 0.757742153228098125E-01 129.441130717767720
 0.795203925682432811E-01 125.031263552321036
 0.833096976297200698E-01 120.608360989150214
 0.871446714562229552E-01 116.217639927785271
 0.910279528778730196E-01 111.890214087400821
 0.949622856573255625E-01 107.646857230013737
 0.989505259945437921E-01 103.501671134757672
 0.102995650523479032 99.4642540512763134
 0.107100764842301688 95.5407961207985323
 0.111269112622238708 91.7348262030208161
 0.115504085343779872 88.0474838988759529
 0.119809232712986713 84.4776136459520046
 0.124188273815018180 81.0227422783516431
 0.128645109066618080 77.6806960387044683
 0.133183833034375976 74.4498779658371319
 0.137808748190964891 71.3278953779221894
 0.142524379687345437 68.3111200116042596
 0.147335491225083715 65.3960079602306763
 0.152247102119448030 62.5795916615888075
 0.157264505650830833 59.8582459757742456
 0.162393288809196790 57.2277891478934180
 0.167639353543673986 54.6845100930243362
 0.173008939636976056 52.2252432055620375
 0.178508649331902358 49.8470923157083305
 0.184145473844603558 47.5480288279215415
 0.189926821906297949 45.3266367609081584
 0.195860550481423701 43.1811769614961420
 0.201954997815341208 41.1090017109819996
 0.208219018968123892 39.1059939078646224
 0.214662023991960105 37.1703661509305832
 0.221294018907312928 35.3019870213517066
 0.228125649626040428 33.4989079282335211
 0.235168248956668657 31.7596808485283368
 0.242433886805965448 30.0839777896995351
 0.249935423659531253 28.4679304258773662
 0.257686567379129539 26.9069941850187000
 0.265701933292239012 25.4028390421102728
 0.273997107464953427 23.9590564338877527
 0.282588712937073661 22.5747900321394290
 0.291494478550786251 21.2460510332829102
 0.300733309812837302 19.9704988751690102
 0.310325360983985998 18.7495134381437190
 0.320292107275887084 17.5834672674319599
 0.330656415639321022 16.4653516309120107
 0.341442612131250156 15.3927895892929634
 0.352676543231464024 14.3692156382976801
 0.364385627720396954 13.3950722634226249
 0.376598894804481832 12.4710594599713254
 0.389347003060644958 11.5919402320255749
 0.402662233446409612 10.7529974368942121
 0.416578448072201457 9.95558593162274086
 0.431131004656285288 9.20245416203925259
 0.446356614599918045 8.48906776305097210
 0.462293130484153547 7.81380282059820264
 0.478979246603053799 7.17250994396417063
 0.496454094083784270 6.56644445896552575
 0.514756710468977419 5.98909831725422048
 0.533925362737153852 5.45120342895327248
 0.553996703141117930 4.94850291255650099
 0.575004739633996120 4.48000741369732935
 0.596979607850977034 4.04363688653755649
 0.619946140532487755 3.64211536705754702
 0.643922243792862670 3.26887203524787351
 0.668917108408850547 2.92689213128457482
 0.694929308450184635 2.61775903320563819
 0.721944868322298650 2.33746845553860405
 0.749935410556105575 2.08831722032727329
 0.778856526762241597 1.86679824045344467
 0.808646537709191593 1.67314744381553138
 0.839225818902016085 1.50985335409728716
 0.870496858588253319 1.37678187248517792
 0.902345180596794139 1.27255536076586551
 0.934641203204055193 1.19827143572913153
 0.967243021066621855 1.15368326765472151
 0.999999999999999556 1.13935444539542075
 1.03275697893337726 1.15525895094244868
 1.06535879679594414 1.20041695406159743
 1.09765481940320497 1.27422830273475030
 1.12950314141174601 1.37806305195026213
 1.16077418109798325 1.51223462297200295
 1.19135346229080774 1.67404629656058046
 1.22114347323775752 1.86757400600563606
 1.25006458944389376 2.09147865781711495
 1.27805513167770068 2.34298019710234318
 1.30507069154981470 2.62559497415265497
 1.33108289159114879 2.93608615072539614
 1.35607775620713644 3.27540355949387907
 1.38005385946751158 3.64694739410635460
 1.40302039214902230 4.04770822543473585
 1.42499526036600299 4.48152013487962542
 1.44600329685888118 4.94639432301087467
 1.46607463726284526 5.44391582564116661
 1.48524328953102192 5.97532887778083133
 1.50354590591621506 6.53777916534885328
 1.52102075339694531 7.13816852672480984
 1.53770686951584601 7.77306829443576675
 1.55364338540008129 8.44479547384494289
 1.56886899534371382 9.15888196901680374
 1.58342155192779788 9.91183342550103141
 1.59733776655359017 10.7049072021841098
 1.61065299693935415 11.5382554558517167
 1.62340110519551750 12.4190219274944997
 1.63561437227960260 13.3482205403323704
 1.64732345676853553 14.3228648300334473
 1.65855738786874918 15.3440752680102772
 1.66934358436067853 16.4158345048324037
 1.67970789272411247 17.5388109376363701
 1.68967463901601400 18.7126434864548372
 1.69926669018716248 19.9364993573847364
 1.70850552144921330 21.2086470070265953
 1.71741128706292590 22.5309996540815476
 1.72600289253504613 23.9098769380046541
 1.73429806670776032 25.3474682333968708
 1.74231343262087002 26.8422968355363203
 1.75006457634046853 28.3965076357774642
 1.75756611319403411 30.0088858245170655
 1.76483175104333090 31.6795100129102387
 1.77187435037395868 33.4133886561107971
 1.77870598109268663 35.2143930267907734
 1.78533797600803945 37.0808462203082243
 1.79178098103187544 39.0089666167500297
 1.79804500218465790 40.9980670402821445
 1.80413944951857586 43.0526856239393396
 1.81007317809370161 45.1799501824891792
 1.81585452615539600 47.3850872573055781
 1.82149135066809720 49.6710331242953487
 1.82699106036302350 52.0399040852193835
 1.83236064645632535 54.4931173675437179
 1.83760671119080277 57.0327174748486456
 1.84273549434916850 59.6625679784578935
 1.84775289788055153 62.3870933619955750
 1.85266450877491584 65.2106163169503219
 1.85747562031265367 68.1373309024953784
 1.86219125180903466 71.1705408996922984
 1.86681616696562358 74.3125747750266328
 1.87135489093338148 77.5651564218839837
 1.87581172618498138 80.9302077980637335
 1.88019076728701284 84.4096855025803876
 1.88449591465621968 88.0044825920251839
 1.88873088737776040 91.7144642265143659
 1.89289923515769787 95.5391023202745089
 1.89700434947652008 99.4772673731620500
 1.90104947400545554 103.526124668719675
 1.90503771434267422 107.680096430166856
 1.90897204712212654 111.930153295801546
 1.91285532854377660 116.262440900994974
 1.91669030237027949 120.655981553827445
 1.92047960743175627 125.079501935708763
 1.92422578467718974 129.487644869187619
 1.92793128380807777 133.816189691955401
 1.93159846952735892 137.978044188274026
 1.93522962743418470 141.857229443145656
 1.93882696959291567 145.306068652781562
 1.94239263980269272 148.138081816061856
 1.94592871859206551 150.133205617186036
 1.94943722796150132 151.034980694975758
 1.95292013589503810 150.578236307979665
 1.95637936066096163 148.493468922780863
 1.95981677492010453 144.573106081748591
 1.96323420965923701 138.679418470830484
 1.96663345796595213 130.855859343737620
 1.97001627866054196 121.299802795490720
 1.97338439979950442 110.474172363519585
 1.97673952206458559 98.9462995977535797
 1.98008332205058002 87.4101456854806713
 1.98341745546455739 76.3580102682315243
 1.98674356024864895 65.9526334503821516
 1.99006325963809938 56.1138163060836916
 1.99337816516593191 46.0494025752164049
 1.99668987962525302 35.8650968264896690
 2.00000000000000000 26.0919374795136179
