 0.000000000000000000E+00 0.951264765526196226E-06
 0.331012037474653908E-02 0.204012980395409348E-01
 0.662183483406764140E-02 0.546937680990079098E-01
 0.993674036189995391E-02 0.105859130484478092
 0.132564397513506016E-01 0.176789799147195198
 0.165825445354421674E-01 0.269488194566627315
 0.199166779494195367E-01 0.384715341484552331
 0.232604779354139701E-01 0.521987343152900851
 0.266156002004951375E-01 0.679810655136148689
 0.299837213394578139E-01 0.855992383257011547
 0.333665420340474306E-01 1.04793627664620570
 0.367657903407625497E-01 1.25290452993288670
 0.401832250798950241E-01 1.46821731507790565
 0.436206393390381475E-01 1.69139592201575906
 0.470798641049610112E-01 1.92024745430653887
 0.505627720384977941E-01 2.15290372299741195
 0.540712814079340465E-01 2.38782451054769673
 0.576073601973068339E-01 2.62377663061595801
 0.611730304070841058E-01 2.85979710372813756
 0.647703725658153040E-01 3.09514790968739062
 0.684015304726404150E-01 3.32926822088224661
 0.720687161919215669E-01 3.56172817891069027
 0.757742153228098125E-01 3.79218659540290659
 0.795203925682432811E-01 4.02035415656090844
 0.833096976297200698E-01 4.24596281261984299
 0.871446714562229552E-01 4.46874074861309545
 0.910279528778730196E-01 4.68839192848961250
 0.949622856573255625E-01 4.90457967340929279
 0.989505259945437921E-01 5.11691360128741923
 0.102995650523479032 5.32493922642888862
 0.107100764842301688 5.52813084569866131
 0.111269112622238708 5.72588864314985813
 0.115504085343779872 5.91753916871635344
 0.119809232712986713 6.10233748414520694
 0.124188273815018180 6.27947006791046292
 0.128645109066618080 6.44805895748717717
 0.133183833034375976 6.60717016874078666
 0.137808748190964891 6.75583087719911290
 0.142524379687345437 6.89305568564957394
 0.147335491225083715 7.01787391811793793
 0.152247102119448030 7.12934733131342036
 0.157264505650830833 7.22657743349897430
 0.162393288809196790 7.30871076008955534
 0.167639353543673986 7.37494498612060312
 0.173008939636976056 7.42453284753875664
 0.178508649331902358 7.45678600688178861
 0.184145473844603558 7.47108316862993060
 0.189926821906297949 7.46688071507196582
 0.195860550481423701 7.44372811724544103
 0.201954997815341208 7.40129498167746824
 0.208219018968123892 7.33940310139363472
 0.214662023991960105 7.25804662334700268
 0.221294018907312928 7.15738959600369284
 0.228125649626040428 7.03775242935332379
 0.235168248956668657 6.89960278586345765
 0.242433886805965448 6.74355182698215572
 0.249935423659531253 6.57036163020154707
 0.257686567379129539 6.38097927431783063
 0.265701933292239012 6.17657056633487311
 0.273997107464953427 5.95851480951955104
 0.282588712937073661 5.72836759060103340
 0.291494478550786251 5.48779973166000801
 0.300733309812837302 5.23854206944257950
 0.310325360983985998 4.98237007505603824
 0.320292107275887084 4.72111593098401183
 0.330656415639321022 4.45664301219723935
 0.341442612131250156 4.19079897928669709
 0.352676543231464024 3.92537280143043610
 0.364385627720396954 3.66202700926196023
 0.376598894804481832 3.40226217226964067
 0.389347003060644958 3.14749213583540977
 0.402662233446409612 2.89921468836835405
 0.416578448072201457 2.65898465699797537
 0.431131004656285288 2.42826313939622107
 0.446356614599918045 2.20819127912506197
 0.462293130484153547 1.99957212493971426
 0.478979246603053799 1.80296693725053991
 0.496454094083784270 1.61867732372139694
 0.514756710468977419 1.44682921091276184
 0.533925362737153852 1.28749731086714614
 0.553996703141117930 1.14066414280936712
 0.575004739633996120 1.00620467983542161
 0.596979607850977034 0.883906203836109627
 0.619946140532487755 0.773371966219141171
 0.643922243792862670 0.674154336416839306
 0.668917108408850547 0.585822381025608463
 0.694929308450184635 0.507741059596064304
 0.721944868322298650 0.439218899590876566
 0.749935410556105575 0.379723316574866965
 0.778856526762241597 0.328817720370369659
 0.808646537709191593 0.285964524138198839
 0.839225818902016085 0.250729081137768539
 0.870496858588253319 0.222594064852286500
 0.902345180596794139 0.201046984180366872
 0.934641203204055193 0.185886421915906430
 0.967243021066621855 0.176998516818333784
 0.999999999999999556 0.174185839488111727
 1.03275697893337726 0.177299661100941197
 1.06535879679594414 0.186348732264394135
 1.09765481940320497 0.201572212692850194
 1.12950314141174601 0.223291094016296876
 1.16077418109798325 0.251742777771849391
 1.19135346229080774 0.287217068989614632
 1.22114347323775752 0.330260977491843910
 1.25006458944389376 0.381467631259484352
 1.27805513167770068 0.441222399209782068
 1.30507069154981470 0.510110610267221931
 1.33108289159114879 0.588750137901941084
 1.35607775620713644 0.677579313315451071
 1.38005385946751158 0.777186836023411987
 1.40302039214902230 0.888182238849935191
 1.42499526036600299 1.01095115044839989
 1.44600329685888118 1.14573020696997974
 1.46607463726284526 1.29278854629987094
 1.48524328953102192 1.45245456384026572
 1.50354590591621506 1.62502975127691518
 1.52102075339694531 1.81052058092431656
 1.53770686951584601 2.00860731193770858
 1.55364338540008129 2.21876914348023213
 1.56886899534371382 2.44030896548046083
 1.58342155192779788 2.67221156813858540
 1.59733776655359017 2.91322188003265437
 1.61065299693935415 3.16203763741232402
 1.62340110519551750 3.41738235437478988
 1.63561437227960260 3.67785878588996695
 1.64732345676853553 3.94181251164153057
 1.65855738786874918 4.20745015977063908
 1.66934358436067853 4.47294700831384962
 1.67970789272411247 4.73639950884793670
 1.68967463901601400 4.99586262306372841
 1.69926669018716248 5.24947253891312560
 1.70850552144921330 5.49551497508637166
 1.71741128706292590 5.73238140020974285
 1.72600289253504613 5.95853079614183212
 1.73429806670776032 6.17249836673476082
 1.74231343262087002 6.37292005863142208
 1.75006457634046853 6.55854059164229053
 1.75756611319403411 6.72820729711841992
 1.76483175104333090 6.88090876219871372
 1.77187435037395868 7.01582043863938054
 1.77870598109268663 7.13231654543556282
 1.78533797600803945 7.22996159802527583
 1.79178098103187544 7.30849877370798051
 1.79804500218465790 7.36783773029316169
 1.80413944951857586 7.40803946487157461
 1.81007317809370161 7.42930138152403163
 1.81585452615539600 7.43194911219007004
 1.82149135066809720 7.41643180609832875
 1.82699106036302350 7.38330757872532129
 1.83236064645632535 7.33322128867178424
 1.83760671119080277 7.26688798038197881
 1.84273549434916850 7.18508100812808337
 1.84775289788055153 7.08861970877872771
 1.85266450877491584 6.97836012215087376
 1.85747562031265367 6.85518869056201030
 1.86219125180903466 6.72001325663637772
 1.86681616696562358 6.57375038753797192
 1.87135489093338148 6.41731098588027393
 1.87581172618498138 6.25158438284460338
 1.88019076728701284 6.07742334709653864
 1.88449591465621968 5.89563451431849739
 1.88873088737776040 5.70697419296739206
 1.89289923515769787 5.51214480645744143
 1.89700434947652008 5.31178919633823643
 1.90104947400545554 5.10648460441177487
 1.90503771434267422 4.89673956756412920
 1.90897204712212654 4.68299512434091358
 1.91285532854377660 4.46562986544942842
 1.91669030237027949 4.24496835419939078
 1.92047960743175627 4.02129307000849856
 1.92422578467718974 3.79486050754585191
 1.92793128380807777 3.56592238818081464
 1.93159846952735892 3.33475251551916019
 1.93522962743418470 3.10167914394893085
 1.93882696959291567 2.86712280955332766
 1.94239263980269272 2.63163982479113701
 1.94592871859206551 2.39597071877026035
 1.94943722796150132 2.16109039585800522
 1.95292013589503810 1.92825407731612297
 1.95637936066096163 1.69903208614083190
 1.95981677492010453 1.47532656501730930
 1.96323420965923701 1.25936357833971324
 1.96663345796595213 1.05365137701611222
 1.97001627866054196 0.860896139691877504
 1.97338439979950442 0.683862290261603389
 1.97673952206458559 0.525177717578128478
 1.98008332205058002 0.387075391432857074
 1.98341745546455739 0.271096639174768117
 1.98674356024864895 0.177773176524296306
 1.99006325963809938 0.106378151805074830
 1.99337816516593191 0.549159407056034263E-01
 1.99668987962525302 0.204668679880367702E-01
 2.00000000000000000 0.980395446599703947E-06
