 0.000000000000000000E+00 -0.304480375318213307E-12
 0.331012037474653908E-02 -0.122817836948030298E-05
 0.662183483406764140E-02 -0.538133610256711262E-05
 0.993674036189995391E-02 -0.135609865683941624E-04
 0.132564397513506016E-01 -0.274160002674125126E-04
 0.165825445354421674E-01 -0.494119795542515602E-04
 0.199166779494195367E-01 -0.832965484067389896E-04
 0.232604779354139701E-01 -0.134375039351042824E-03
 0.266156002004951375E-01 -0.209341039308026655E-03
 0.299837213394578139E-01 -0.315643399096557180E-03
 0.333665420340474306E-01 -0.460577567452481859E-03
 0.367657903407625497E-01 -0.650351441480491780E-03
 0.401832250798950241E-01 -0.889336023702463180E-03
 0.436206393390381475E-01 -0.117962241929103133E-02
 0.470798641049610112E-01 -0.152091054533304857E-02
 0.505627720384977941E-01 -0.191068633207235375E-02
 0.540712814079340465E-01 -0.234460265210280914E-02
 0.576073601973068339E-01 -0.281697000186982138E-02
 0.611730304070841058E-01 -0.332127218102526650E-02
 0.647703725658153040E-01 -0.385064278984983358E-02
 0.684015304726404150E-01 -0.439826196406002245E-02
 0.720687161919215669E-01 -0.495765586009204104E-02
 0.757742153228098125E-01 -0.552289826201532701E-02
 0.795203925682432811E-01 -0.608872325741317486E-02
 0.833096976297200698E-01 -0.665056337234016040E-02
 0.871446714562229552E-01 -0.720453196691504209E-02
 0.910279528778730196E-01 -0.774737067455979166E-02
 0.949622856573255625E-01 -0.827637918512676846E-02
 0.989505259945437921E-01 -0.878933857488263699E-02
 0.102995650523479032 -0.928443722386348633E-02
 0.107100764842301688 -0.976020918368671053E-02
 0.111269112622238708 -0.102154894451641654E-01
 0.115504085343779872 -0.106493758768241922E-01
 0.119809232712986713 -0.110611762638158535E-01
 0.124188273815018180 -0.114503276699370032E-01
 0.128645109066618080 -0.118163029826597096E-01
 0.133183833034375976 -0.121585378556397453E-01
 0.137808748190964891 -0.124763947478414104E-01
 0.142524379687345437 -0.127691497608958988E-01
 0.147335491225083715 -0.130359840414359680E-01
 0.152247102119448030 -0.132759845761190355E-01
 0.157264505650830833 -0.134881716429932404E-01
 0.162393288809196790 -0.136715507644699849E-01
 0.167639353543673986 -0.138251650209495203E-01
 0.173008939636976056 -0.139481319667052305E-01
 0.178508649331902358 -0.140396588066051403E-01
 0.184145473844603558 -0.140990157605361110E-01
 0.189926821906297949 -0.141254731496458855E-01
 0.195860550481423701 -0.141182680396533550E-01
 0.201954997815341208 -0.140766626313255667E-01
 0.208219018968123892 -0.140000857983587444E-01
 0.214662023991960105 -0.138882809788187355E-01
 0.221294018907312928 -0.137413733575861650E-01
 0.228125649626040428 -0.135598085686007962E-01
 0.235168248956668657 -0.133441793551007486E-01
 0.242433886805965448 -0.130951004219510628E-01
 0.249935423659531253 -0.128133741428597195E-01
 0.257686567379129539 -0.125003725285545830E-01
 0.265701933292239012 -0.121582128032750054E-01
 0.273997107464953427 -0.117895212233032429E-01
 0.282588712937073661 -0.113969687519821158E-01
 0.291494478550786251 -0.109829661931505548E-01
 0.300733309812837302 -0.105498197542085569E-01
 0.310325360983985998 -0.101001645835532821E-01
 0.320292107275887084 -0.963713324655994866E-02
 0.330656415639321022 -0.916424324428565668E-02
 0.341442612131250156 -0.868499816229146952E-02
 0.352676543231464024 -0.820235798789150511E-02
 0.364385627720396954 -0.771895366582393914E-02
 0.376598894804481832 -0.723756767653882440E-02
 0.389347003060644958 -0.676097337632424692E-02
 0.402662233446409612 -0.629199637391294336E-02
 0.416578448072201457 -0.583379848835258175E-02
 0.431131004656285288 -0.538907449210630253E-02
 0.446356614599918045 -0.495924272749154703E-02
 0.462293130484153547 -0.454495139573693474E-02
 0.478979246603053799 -0.414748720384082274E-02
 0.496454094083784270 -0.376919921207203917E-02
 0.514756710468977419 -0.341152923161081294E-02
 0.533925362737153852 -0.307389724431320673E-02
 0.553996703141117930 -0.275616731148804360E-02
 0.575004739633996120 -0.245930034754802745E-02
 0.596979607850977034 -0.218335072316335529E-02
 0.619946140532487755 -0.192833486601781874E-02
 0.643922243792862670 -0.169482161974764405E-02
 0.668917108408850547 -0.148318502930420829E-02
 0.694929308450184635 -0.129302051458122635E-02
 0.721944868322298650 -0.112341526043442316E-02
 0.749935410556105575 -0.973178897176321949E-03
 0.778856526762241597 -0.841130678716149843E-03
 0.808646537709191593 -0.726657790135776921E-03
 0.839225818902016085 -0.630057959608856842E-03
 0.870496858588253319 -0.551410607390289006E-03
 0.902345180596794139 -0.490164534339010936E-03
 0.934641203204055193 -0.446190567911453767E-03
 0.967243021066621855 -0.419946561675669226E-03
 0.999999999999999556 -0.411641395479453030E-03
 1.03275697893337726 -0.420889986329395520E-03
 1.06535879679594414 -0.447291079703938976E-03
 1.09765481940320497 -0.490870391179480539E-03
 1.12950314141174601 -0.552076300167666091E-03
 1.16077418109798325 -0.630846156035853086E-03
 1.19135346229080774 -0.726591943197240752E-03
 1.22114347323775752 -0.839719510909602766E-03
 1.25006458944389376 -0.971334870043866075E-03
 1.27805513167770068 -0.112246309768614799E-02
 1.30507069154981470 -0.129296792768350045E-02
 1.33108289159114879 -0.148299372565335701E-02
 1.35607775620713644 -0.169247597849602111E-02
 1.38005385946751158 -0.192268249762580579E-02
 1.40302039214902230 -0.217554637246442431E-02
 1.42499526036600299 -0.245110627474212596E-02
 1.44600329685888118 -0.274807644605006311E-02
 1.46607463726284526 -0.306464683963579565E-02
 1.48524328953102192 -0.340053670897547296E-02
 1.50354590591621506 -0.375803709627870255E-02
 1.52102075339694531 -0.413916129249083942E-02
 1.53770686951584601 -0.454340059199053424E-02
 1.55364338540008129 -0.496782606186672773E-02
 1.56886899534371382 -0.540861874537860391E-02
 1.58342155192779788 -0.586249334211325426E-02
 1.59733776655359017 -0.632710654737396114E-02
 1.61065299693935415 -0.680018314943035222E-02
 1.62340110519551750 -0.727945790393334444E-02
 1.63561437227960260 -0.776261502646592022E-02
 1.64732345676853553 -0.824701646795684279E-02
 1.65855738786874918 -0.872965802401937628E-02
 1.66934358436067853 -0.920756927137913669E-02
 1.67970789272411247 -0.967756797656742392E-02
 1.68967463901601400 -0.101358622561544456E-01
 1.69926669018716248 -0.105787500139563045E-01
 1.70850552144921330 -0.110034720956060112E-01
 1.71741128706292590 -0.114080735053654330E-01
 1.72600289253504613 -0.117907413234200550E-01
 1.73429806670776032 -0.121495375741886083E-01
 1.74231343262087002 -0.124824762090914778E-01
 1.75006457634046853 -0.127876017630469217E-01
 1.75756611319403411 -0.130630343632311633E-01
 1.76483175104333090 -0.133070293410917657E-01
 1.77187435037395868 -0.135180908805235950E-01
 1.77870598109268663 -0.136951386916533413E-01
 1.78533797600803945 -0.138375878742550487E-01
 1.79178098103187544 -0.139452238551184427E-01
 1.79804500218465790 -0.140180266310316898E-01
 1.80413944951857586 -0.140561546700199557E-01
 1.81007317809370161 -0.140600517800238342E-01
 1.81585452615539600 -0.140304722418758809E-01
 1.82149135066809720 -0.139683551582236824E-01
 1.82699106036302350 -0.138746755537740209E-01
 1.83236064645632535 -0.137503837894512454E-01
 1.83760671119080277 -0.135964261401002404E-01
 1.84273549434916850 -0.134137789711219809E-01
 1.84775289788055153 -0.132034342157043762E-01
 1.85266450877491584 -0.129663287688570900E-01
 1.85747562031265367 -0.127032707907137245E-01
 1.86219125180903466 -0.124149174498791731E-01
 1.86681616696562358 -0.121018102076546202E-01
 1.87135489093338148 -0.117644371998930526E-01
 1.87581172618498138 -0.114032908282717081E-01
 1.88019076728701284 -0.110189030203529017E-01
 1.88449591465621968 -0.106118619170571075E-01
 1.88873088737776040 -0.101828279325568392E-01
 1.89289923515769787 -0.973256176553617854E-02
 1.89700434947652008 -0.926196582854156743E-02
 1.90104947400545554 -0.877213691715151601E-02
 1.90503771434267422 -0.826442951270298098E-02
 1.90897204712212654 -0.774053020263200733E-02
 1.91285532854377660 -0.720254109991852638E-02
 1.91669030237027949 -0.665306607485388873E-02
 1.92047960743175627 -0.609529196375073121E-02
 1.92422578467718974 -0.553305551062459842E-02
 1.92793128380807777 -0.497088444286466341E-02
 1.93159846952735892 -0.441399995737312180E-02
 1.93522962743418470 -0.386826796668491386E-02
 1.93882696959291567 -0.334008722842436215E-02
 1.94239263980269272 -0.283620284889032600E-02
 1.94592871859206551 -0.236343377120162195E-02
 1.94943722796150132 -0.192830739790107730E-02
 1.95292013589503810 -0.153660769980042155E-02
 1.95637936066096163 -0.119286575753605514E-02
 1.95981677492010453 -0.899850504412312048E-03
 1.96323420965923701 -0.658147203189158626E-03
 1.96663345796595213 -0.465928069957951055E-03
 1.97001627866054196 -0.319013968249091083E-03
 1.97338439979950442 -0.211284172853207203E-03
 1.97673952206458559 -0.135419088755753898E-03
 1.98008332205058002 -0.838576586571129073E-04
 1.98341745546455739 -0.497525243754309967E-04
 1.98674356024864895 -0.276560911467845991E-04
 1.99006325963809938 -0.137291826864486088E-04
 1.99337816516593191 -0.547564175881656327E-05
 1.99668987962525302 -0.125740054342978662E-05
 2.00000000000000000 -0.324215421929439014E-12
