 0.000000000000000000E+00 0.883280941117957699E-02
 0.331012037474653908E-02 -0.347791629547722914E-01
 0.662183483406764140E-02 -0.719536269589309552E-01
 0.993674036189995391E-02 -0.105063464100126264
 0.132564397513506016E-01 -0.132176188235476055
 0.165825445354421674E-01 -0.145804464501024078
 0.199166779494195367E-01 -0.147231374016688954
 0.232604779354139701E-01 -0.137277007039782767
 0.266156002004951375E-01 -0.119967253801180826
 0.299837213394578139E-01 -0.991039747565427842E-01
 0.333665420340474306E-01 -0.782174645520038042E-01
 0.367657903407625497E-01 -0.597340733771275847E-01
 0.401832250798950241E-01 -0.450055393918412996E-01
 0.436206393390381475E-01 -0.344232951815798133E-01
 0.470798641049610112E-01 -0.277005618548715124E-01
 0.505627720384977941E-01 -0.241454812951951425E-01
 0.540712814079340465E-01 -0.228970255066454180E-01
 0.576073601973068339E-01 -0.230933441927179996E-01
 0.611730304070841058E-01 -0.239773036616738530E-01
 0.647703725658153040E-01 -0.249484933479013522E-01
 0.684015304726404150E-01 -0.255763605392699718E-01
 0.720687161919215669E-01 -0.255884473444625733E-01
 0.757742153228098125E-01 -0.248459972738459788E-01
 0.795203925682432811E-01 -0.233151090203548850E-01
 0.833096976297200698E-01 -0.210381298320057274E-01
 0.871446714562229552E-01 -0.181082375008255712E-01
 0.910279528778730196E-01 -0.146486336101976557E-01
 0.949622856573255625E-01 -0.107958371065792497E-01
 0.989505259945437921E-01 -0.668671524445616037E-02
 0.102995650523479032 -0.245012253623616907E-02
 0.107100764842301688 0.179740726069701085E-02
 0.111269112622238708 0.595379598669723564E-02
 0.115504085343779872 0.993192048504145351E-02
 0.119809232712986713 0.136592044346201657E-01
 0.124188273815018180 0.170779046017381954E-01
 0.128645109066618080 0.201456163172429766E-01
 0.133183833034375976 0.228341995879038431E-01
 0.137808748190964891 0.251271398640637821E-01
 0.142524379687345437 0.270176053206218417E-01
 0.147335491225083715 0.285079708511014086E-01
 0.152247102119448030 0.296088052018441197E-01
 0.157264505650830833 0.303366575330069645E-01
 0.162393288809196790 0.307124339429863252E-01
 0.167639353543673986 0.307601948436276480E-01
 0.173008939636976056 0.305063168036350078E-01
 0.178508649331902358 0.299794361301576710E-01
 0.184145473844603558 0.292112101795178707E-01
 0.189926821906297949 0.282344967683432549E-01
 0.195860550481423701 0.270792922969574495E-01
 0.201954997815341208 0.257719267689868470E-01
 0.208219018968123892 0.243359498587104768E-01
 0.214662023991960105 0.227958601095448778E-01
 0.221294018907312928 0.211767984757371235E-01
 0.228125649626040428 0.195011840523810522E-01
 0.235168248956668657 0.177935103482356888E-01
 0.242433886805965448 0.160818026896781402E-01
 0.249935423659531253 0.143855838375321482E-01
 0.257686567379129539 0.127143110476054221E-01
 0.265701933292239012 0.110812068446066222E-01
 0.273997107464953427 0.950222193737421984E-02
 0.282588712937073661 0.799350143129794188E-02
 0.291494478550786251 0.657709559044997345E-02
 0.300733309812837302 0.526927719885058113E-02
 0.310325360983985998 0.406944865122929600E-02
 0.320292107275887084 0.296713095187895034E-02
 0.330656415639321022 0.195163134460816720E-02
 0.341442612131250156 0.102739783821507113E-02
 0.352676543231464024 0.207523985471928031E-03
 0.364385627720396954 -0.504964619438664098E-03
 0.376598894804481832 -0.111203556426229980E-02
 0.389347003060644958 -0.163088069120559745E-02
 0.402662233446409612 -0.207253452287047392E-02
 0.416578448072201457 -0.242991232581935175E-02
 0.431131004656285288 -0.269891723731589470E-02
 0.446356614599918045 -0.289795857200480893E-02
 0.462293130484153547 -0.303874424953816174E-02
 0.478979246603053799 -0.310768285591308700E-02
 0.496454094083784270 -0.311067510350401073E-02
 0.514756710468977419 -0.307140872205427518E-02
 0.533925362737153852 -0.298199498643600836E-02
 0.553996703141117930 -0.286186823215379017E-02
 0.575004739633996120 -0.272892520553762478E-02
 0.596979607850977034 -0.258746408797739733E-02
 0.619946140532487755 -0.243966544218891974E-02
 0.643922243792862670 -0.229150842777514933E-02
 0.668917108408850547 -0.212846324568450890E-02
 0.694929308450184635 -0.196060225737815577E-02
 0.721944868322298650 -0.180575613036356819E-02
 0.749935410556105575 -0.166427633563317047E-02
 0.778856526762241597 -0.153387002208655080E-02
 0.808646537709191593 -0.141925781250589562E-02
 0.839225818902016085 -0.132762513685815721E-02
 0.870496858588253319 -0.125489258249997086E-02
 0.902345180596794139 -0.119708138734568245E-02
 0.934641203204055193 -0.115138535202960446E-02
 0.967243021066621855 -0.111387685082378033E-02
 0.999999999999999556 -0.109683357975725649E-02
 1.03275697893337726 -0.110429505294696337E-02
 1.06535879679594414 -0.113079206368123155E-02
 1.09765481940320497 -0.117149140996187389E-02
 1.12950314141174601 -0.123017760413901534E-02
 1.16077418109798325 -0.131008767097170347E-02
 1.19135346229080774 -0.141738963392525953E-02
 1.22114347323775752 -0.153677843684235237E-02
 1.25006458944389376 -0.166479202185480920E-02
 1.27805513167770068 -0.181360888465023997E-02
 1.30507069154981470 -0.197335498271389038E-02
 1.33108289159114879 -0.213112530326604053E-02
 1.35607775620713644 -0.228630905684798838E-02
 1.38005385946751158 -0.244269632705653404E-02
 1.40302039214902230 -0.259895784503852076E-02
 1.42499526036600299 -0.272271532687533464E-02
 1.44600329685888118 -0.282392530252751316E-02
 1.46607463726284526 -0.292192041753912843E-02
 1.48524328953102192 -0.299325424319849421E-02
 1.50354590591621506 -0.302174560548185188E-02
 1.52102075339694531 -0.299653505316075036E-02
 1.53770686951584601 -0.290822372917443669E-02
 1.55364338540008129 -0.274805700123144803E-02
 1.56886899534371382 -0.251843982139610643E-02
 1.58342155192779788 -0.223136288180859422E-02
 1.59733776655359017 -0.188173533219861697E-02
 1.61065299693935415 -0.144847149013461931E-02
 1.62340110519551750 -0.912803021014076121E-03
 1.63561437227960260 -0.278180328123091194E-03
 1.64732345676853553 0.446372329563739418E-03
 1.65855738786874918 0.126588986291282504E-02
 1.66934358436067853 0.219138553427750560E-02
 1.67970789272411247 0.322698511005604666E-02
 1.68967463901601400 0.436906719768330280E-02
 1.69926669018716248 0.560333922070650747E-02
 1.70850552144921330 0.691896453622376818E-02
 1.71741128706292590 0.832051907307560477E-02
 1.72600289253504613 0.981385198006588105E-02
 1.73429806670776032 0.113865564963456234E-01
 1.74231343262087002 0.130159842780057065E-01
 1.75006457634046853 0.146832163437362901E-01
 1.75756611319403411 0.163706355511528852E-01
 1.76483175104333090 0.180669180022139074E-01
 1.77187435037395868 0.197630326791470648E-01
 1.77870598109268663 0.214405343099443556E-01
 1.78533797600803945 0.230704339218638019E-01
 1.79178098103187544 0.246221518788639453E-01
 1.79804500218465790 0.260675650855124556E-01
 1.80413944951857586 0.273790581575455751E-01
 1.81007317809370161 0.285277755888666863E-01
 1.81585452615539600 0.294829446083572436E-01
 1.82149135066809720 0.302135622908714860E-01
 1.82699106036302350 0.306897341868112225E-01
 1.83236064645632535 0.308830539104922898E-01
 1.83760671119080277 0.307691301227613380E-01
 1.84273549434916850 0.303286500100249171E-01
 1.84775289788055153 0.295444791579614376E-01
 1.85266450877491584 0.283995603257917936E-01
 1.85747562031265367 0.268774653327726043E-01
 1.86219125180903466 0.249646752059388514E-01
 1.86681616696562358 0.226547810671486223E-01
 1.87135489093338148 0.199530513692242721E-01
 1.87581172618498138 0.168784365456444777E-01
 1.88019076728701284 0.134624685877901377E-01
 1.88449591465621968 0.974742466816567836E-02
 1.88873088737776040 0.578673510403163172E-02
 1.89289923515769787 0.164749274362576965E-02
 1.89700434947652008 -0.258721140077582470E-02
 1.90104947400545554 -0.681744458062631328E-02
 1.90503771434267422 -0.109271402650566972E-01
 1.90897204712212654 -0.147867970142008462E-01
 1.91285532854377660 -0.182591325570389713E-01
 1.91669030237027949 -0.212078049457353028E-01
 1.92047960743175627 -0.235096148686571547E-01
 1.92422578467718974 -0.250711703870620008E-01
 1.92793128380807777 -0.258500924873573158E-01
 1.93159846952735892 -0.258801273363073389E-01
 1.93522962743418470 -0.252989674287228336E-01
 1.93882696959291567 -0.243763672252510048E-01
 1.94239263980269272 -0.235377789582384873E-01
 1.94592871859206551 -0.233753099633190603E-01
 1.94943722796150132 -0.246347777670595444E-01
 1.95292013589503810 -0.281662287965032294E-01
 1.95637936066096163 -0.348231658283021661E-01
 1.95981677492010453 -0.452997921542781651E-01
 1.96323420965923701 -0.598993725181870551E-01
 1.96663345796595213 -0.782616813675468259E-01
 1.97001627866054196 -0.990755457154516433E-01
 1.97338439979950442 -0.119953010622781103
 1.97673952206458559 -0.137382142212194275
 1.98008332205058002 -0.147541768766300957
 1.98341745546455739 -0.146336927382268944
 1.98674356024864895 -0.132854473234088749
 1.99006325963809938 -0.105717146490863903
 1.99337816516593191 -0.724239625082599148E-01
 1.99668987962525302 -0.349831960605974726E-01
 2.00000000000000000 0.886827133583909140E-02
