 0.000000000000000000E+00 -0.131853144547920511E-04
 0.331012037474653908E-02 -0.141940614619018013E-04
 0.662183483406764140E-02 -0.152657978588376225E-04
 0.993674036189995391E-02 -0.163539794841127047E-04
 0.132564397513506016E-01 -0.172904747239553996E-04
 0.165825445354421674E-01 -0.178950720915128645E-04
 0.199166779494195367E-01 -0.180174461535139987E-04
 0.232604779354139701E-01 -0.175710884968136861E-04
 0.266156002004951375E-01 -0.165237580522555608E-04
 0.299837213394578139E-01 -0.148977184531905693E-04
 0.333665420340474306E-01 -0.127572821853732907E-04
 0.367657903407625497E-01 -0.101913228562767503E-04
 0.401832250798950241E-01 -0.730499355223652278E-05
 0.436206393390381475E-01 -0.420380926502898328E-05
 0.470798641049610112E-01 -0.990032797177231387E-06
 0.505627720384977941E-01 0.224650580423003074E-05
 0.540712814079340465E-01 0.542853617035175194E-05
 0.576073601973068339E-01 0.849503999778988968E-05
 0.611730304070841058E-01 0.113994111159017575E-04
 0.647703725658153040E-01 0.141098002107444383E-04
 0.684015304726404150E-01 0.166064860377379531E-04
 0.720687161919215669E-01 0.188806710045930033E-04
 0.757742153228098125E-01 0.209319771043051441E-04
 0.795203925682432811E-01 0.227669138196269585E-04
 0.833096976297200698E-01 0.243968656081112797E-04
 0.871446714562229552E-01 0.258366623863721702E-04
 0.910279528778730196E-01 0.271030714241462312E-04
 0.949622856573255625E-01 0.282137320661230762E-04
 0.989505259945437921E-01 0.291862483386791578E-04
 0.102995650523479032 0.300376230390428468E-04
 0.107100764842301688 0.307838519156129777E-04
 0.111269112622238708 0.314396558266663315E-04
 0.115504085343779872 0.320182129254487815E-04
 0.119809232712986713 0.325308980411991253E-04
 0.124188273815018180 0.329871206193991609E-04
 0.128645109066618080 0.333943568423087324E-04
 0.133183833034375976 0.337583048142487633E-04
 0.137808748190964891 0.340829909537873198E-04
 0.142524379687345437 0.343707616705372270E-04
 0.147335491225083715 0.346222791137098480E-04
 0.152247102119448030 0.348366927770496786E-04
 0.157264505650830833 0.350120219435214318E-04
 0.162393288809196790 0.351456536473940742E-04
 0.167639353543673986 0.352348171523780525E-04
 0.173008939636976056 0.352768868278070707E-04
 0.178508649331902358 0.352694568797672924E-04
 0.184145473844603558 0.352103782355823775E-04
 0.189926821906297949 0.350980582311134347E-04
 0.195860550481423701 0.349320188522382150E-04
 0.201954997815341208 0.347130796727489869E-04
 0.208219018968123892 0.344426880251126044E-04
 0.214662023991960105 0.341220192409707310E-04
 0.221294018907312928 0.337514738624904344E-04
 0.228125649626040428 0.333304967301632557E-04
 0.235168248956668657 0.328577020522195686E-04
 0.242433886805965448 0.323311502000425951E-04
 0.249935423659531253 0.317487548003560083E-04
 0.257686567379129539 0.311092388863242180E-04
 0.265701933292239012 0.304134296948222670E-04
 0.273997107464953427 0.296651073448847661E-04
 0.282588712937073661 0.288705281523691154E-04
 0.291494478550786251 0.280361608078800164E-04
 0.300733309812837302 0.271651884671583140E-04
 0.310325360983985998 0.262558021327456371E-04
 0.320292107275887084 0.253049977142601068E-04
 0.330656415639321022 0.243140500914305131E-04
 0.341442612131250156 0.232900165672895483E-04
 0.352676543231464024 0.222443297082019085E-04
 0.364385627720396954 0.211886852523473220E-04
 0.376598894804481832 0.201317621748405281E-04
 0.389347003060644958 0.190799181855821533E-04
 0.402662233446409612 0.180362618363695025E-04
 0.416578448072201457 0.170002753797818676E-04
 0.431131004656285288 0.159747091374769601E-04
 0.446356614599918045 0.149684963497064425E-04
 0.462293130484153547 0.139879340081114806E-04
 0.478979246603053799 0.130279805617130600E-04
 0.496454094083784270 0.120755323924347850E-04
 0.514756710468977419 0.111258288435143074E-04
 0.533925362737153852 0.101900208031030763E-04
 0.553996703141117930 0.928392400529484698E-05
 0.575004739633996120 0.841815395803103125E-05
 0.596979607850977034 0.759502716615123497E-05
 0.619946140532487755 0.680600959674732977E-05
 0.643922243792862670 0.604267992206286465E-05
 0.668917108408850547 0.531347307692322969E-05
 0.694929308450184635 0.463229314922501359E-05
 0.721944868322298650 0.399971630980430160E-05
 0.749935410556105575 0.340985490615071963E-05
 0.778856526762241597 0.285480191567813546E-05
 0.808646537709191593 0.233521524154410709E-05
 0.839225818902016085 0.186016736500697752E-05
 0.870496858588253319 0.143595343109208058E-05
 0.902345180596794139 0.105298694837706053E-05
 0.934641203204055193 0.691389503065913136E-06
 0.967243021066621855 0.341984091098102733E-06
 0.999999999999999556 0.446099412654930804E-08
 1.03275697893337726 -0.332335086149565622E-06
 1.06535879679594414 -0.682065671641447237E-06
 1.09765481940320497 -0.105335585417180888E-05
 1.12950314141174601 -0.145286657378106228E-05
 1.16077418109798325 -0.188410683484121288E-05
 1.19135346229080774 -0.235380439130830661E-05
 1.22114347323775752 -0.287153435573805216E-05
 1.25006458944389376 -0.343681736768185926E-05
 1.27805513167770068 -0.404114849935640352E-05
 1.30507069154981470 -0.467943442499914395E-05
 1.33108289159114879 -0.535309807257557608E-05
 1.35607775620713644 -0.606507778224520740E-05
 1.38005385946751158 -0.681834119721816250E-05
 1.40302039214902230 -0.761413435906304667E-05
 1.42499526036600299 -0.844879839416102118E-05
 1.44600329685888118 -0.931936601836839353E-05
 1.46607463726284526 -0.102264108804487662E-04
 1.48524328953102192 -0.111687693044847707E-04
 1.50354590591621506 -0.121416503712415448E-04
 1.52102075339694531 -0.131362918725872268E-04
 1.53770686951584601 -0.141386912404137149E-04
 1.55364338540008129 -0.151405597492222038E-04
 1.56886899534371382 -0.161468554707467595E-04
 1.58342155192779788 -0.171672088235064572E-04
 1.59733776655359017 -0.182036127880402797E-04
 1.61065299693935415 -0.192498095953725006E-04
 1.62340110519551750 -0.202991665114786809E-04
 1.63561437227960260 -0.213474025559211102E-04
 1.64732345676853553 -0.223901744538201785E-04
 1.65855738786874918 -0.234216761080266967E-04
 1.66934358436067853 -0.244363652009630014E-04
 1.67970789272411247 -0.254302882214276667E-04
 1.68967463901601400 -0.263996162082997717E-04
 1.69926669018716248 -0.273398900079631616E-04
 1.70850552144921330 -0.282466675397199359E-04
 1.71741128706292590 -0.291154975568711261E-04
 1.72600289253504613 -0.299412376170838733E-04
 1.73429806670776032 -0.307183834845502058E-04
 1.74231343262087002 -0.314425806002980787E-04
 1.75006457634046853 -0.321107354801465145E-04
 1.75756611319403411 -0.327194122532838136E-04
 1.76483175104333090 -0.332647653899942347E-04
 1.77187435037395868 -0.337446617810623713E-04
 1.77870598109268663 -0.341601108529534560E-04
 1.78533797600803945 -0.345142966836880423E-04
 1.79178098103187544 -0.348106282743379779E-04
 1.79804500218465790 -0.350516618705216471E-04
 1.80413944951857586 -0.352389852632308144E-04
 1.81007317809370161 -0.353736108423765737E-04
 1.81585452615539600 -0.354564641791312087E-04
 1.82149135066809720 -0.354886776912386126E-04
 1.82699106036302350 -0.354718145183794607E-04
 1.83236064645632535 -0.354081637655343133E-04
 1.83760671119080277 -0.353009263535919562E-04
 1.84273549434916850 -0.351539137543852945E-04
 1.84775289788055153 -0.349707106548173948E-04
 1.85266450877491584 -0.347537663119960476E-04
 1.85747562031265367 -0.345038800869314712E-04
 1.86219125180903466 -0.342201206218354173E-04
 1.86681616696562358 -0.338999670276043976E-04
 1.87135489093338148 -0.335394840569385873E-04
 1.87581172618498138 -0.331334229306829502E-04
 1.88019076728701284 -0.326752128848098320E-04
 1.88449591465621968 -0.321568711330081516E-04
 1.88873088737776040 -0.315688934064178899E-04
 1.89289923515769787 -0.309002213401110063E-04
 1.89700434947652008 -0.301383266417990633E-04
 1.90104947400545554 -0.292693522004434013E-04
 1.90503771434267422 -0.282782730793069387E-04
 1.90897204712212654 -0.271491017594749347E-04
 1.91285532854377660 -0.258652721121430266E-04
 1.91669030237027949 -0.244101701554957336E-04
 1.92047960743175627 -0.227679248211147775E-04
 1.92422578467718974 -0.209242687859973875E-04
 1.92793128380807777 -0.188678571264388291E-04
 1.93159846952735892 -0.165916545449581994E-04
 1.93522962743418470 -0.140951060797654159E-04
 1.93882696959291567 -0.113859327702031488E-04
 1.94239263980269272 -0.848286099548141773E-05
 1.94592871859206551 -0.541692822346834332E-05
 1.94943722796150132 -0.223414241292117970E-05
 1.95292013589503810 0.100482978834219237E-05
 1.95637936066096163 0.422276003445266638E-05
 1.95981677492010453 0.732953256550173081E-05
 1.96323420965923701 0.102223442821863640E-04
 1.96663345796595213 0.127950356650394950E-04
 1.97001627866054196 0.149418537573136926E-04
 1.97338439979950442 0.165734321462188936E-04
 1.97673952206458559 0.176250868571476456E-04
 1.98008332205058002 0.180742765649842997E-04
 1.98341745546455739 0.179530867146590933E-04
 1.98674356024864895 0.173481313828708410E-04
 1.99006325963809938 0.164099098823040343E-04
 1.99337816516593191 0.153192685944422302E-04
 1.99668987962525302 0.142446798353146126E-04
 2.00000000000000000 0.132323584543099353E-04
