 0.000000000000000000E+00 0.142786649894069342E-10
 0.331012037474653908E-02 -0.936943935819781467E-06
 0.662183483406764140E-02 -0.223335247914475895E-05
 0.993674036189995391E-02 -0.386597475537190753E-05
 0.132564397513506016E-01 -0.580492905629790027E-05
 0.165825445354421674E-01 -0.802319154391408241E-05
 0.199166779494195367E-01 -0.105074392115827964E-04
 0.232604779354139701E-01 -0.132583830733874903E-04
 0.266156002004951375E-01 -0.162805793991149389E-04
 0.299837213394578139E-01 -0.195687857874879511E-04
 0.333665420340474306E-01 -0.230993461811733002E-04
 0.367657903407625497E-01 -0.268306144425936463E-04
 0.401832250798950241E-01 -0.307108149313982512E-04
 0.436206393390381475E-01 -0.346889524018175916E-04
 0.470798641049610112E-01 -0.387237730780109378E-04
 0.505627720384977941E-01 -0.427880097706945863E-04
 0.540712814079340465E-01 -0.468676086222568036E-04
 0.576073601973068339E-01 -0.509573891673057895E-04
 0.611730304070841058E-01 -0.550551400625173912E-04
 0.647703725658153040E-01 -0.591560902511348608E-04
 0.684015304726404150E-01 -0.632492120181889385E-04
 0.720687161919215669E-01 -0.673158431240858217E-04
 0.757742153228098125E-01 -0.713299001289951248E-04
 0.795203925682432811E-01 -0.752582934611728055E-04
 0.833096976297200698E-01 -0.790604949182317144E-04
 0.871446714562229552E-01 -0.826873365980273942E-04
 0.910279528778730196E-01 -0.860801391020437831E-04
 0.949622856573255625E-01 -0.891710702370482371E-04
 0.989505259945437921E-01 -0.918847032380177349E-04
 0.102995650523479032 -0.941408163961117276E-04
 0.107100764842301688 -0.958596448549500692E-04
 0.111269112622238708 -0.969710978469451361E-04
 0.115504085343779872 -0.974270586075818282E-04
 0.119809232712986713 -0.972115947740696915E-04
 0.124188273815018180 -0.963419927149917305E-04
 0.128645109066618080 -0.948572974095335139E-04
 0.133183833034375976 -0.927980068164678290E-04
 0.137808748190964891 -0.901853969309360004E-04
 0.142524379687345437 -0.870090217336024055E-04
 0.147335491225083715 -0.832269451423067773E-04
 0.152247102119448030 -0.787783080813308833E-04
 0.157264505650830833 -0.736028864140913564E-04
 0.162393288809196790 -0.676573030486536962E-04
 0.167639353543673986 -0.609204290596898084E-04
 0.173008939636976056 -0.533911049183152374E-04
 0.178508649331902358 -0.450829762547298949E-04
 0.184145473844603558 -0.360162793455635964E-04
 0.189926821906297949 -0.262122991756095002E-04
 0.195860550481423701 -0.157041028643569426E-04
 0.201954997815341208 -0.456288884977587505E-05
 0.208219018968123892 0.708386682776758475E-05
 0.214662023991960105 0.190518183731759964E-04
 0.221294018907312928 0.310950417796028550E-04
 0.228125649626040428 0.428926377794458484E-04
 0.235168248956668657 0.540729451837919516E-04
 0.242433886805965448 0.643086660785390261E-04
 0.249935423659531253 0.734061710791680659E-04
 0.257686567379129539 0.812780126300870567E-04
 0.265701933292239012 0.878295682882042708E-04
 0.273997107464953427 0.929106028787434992E-04
 0.282588712937073661 0.963987053846374677E-04
 0.291494478550786251 0.983656669587856016E-04
 0.300733309812837302 0.991555773373851697E-04
 0.310325360983985998 0.992090349140496431E-04
 0.320292107275887084 0.987875295177552333E-04
 0.330656415639321022 0.979110227297429382E-04
 0.341442612131250156 0.965446319976668628E-04
 0.352676543231464024 0.946916695887014528E-04
 0.364385627720396954 0.922978834773177393E-04
 0.376598894804481832 0.891992521809472781E-04
 0.389347003060644958 0.852028175991879932E-04
 0.402662233446409612 0.800440360917782694E-04
 0.416578448072201457 0.733953340399261700E-04
 0.431131004656285288 0.651981162573571566E-04
 0.446356614599918045 0.557517869093619535E-04
 0.462293130484153547 0.457815421975581871E-04
 0.478979246603053799 0.362506194447924439E-04
 0.496454094083784270 0.276245975781023428E-04
 0.514756710468977419 0.203003878979917241E-04
 0.533925362737153852 0.148662941590671434E-04
 0.553996703141117930 0.113599207350295460E-04
 0.575004739633996120 0.940470749434032450E-05
 0.596979607850977034 0.850546111333402490E-05
 0.619946140532487755 0.754904376431105082E-05
 0.643922243792862670 0.593079964440112771E-05
 0.668917108408850547 0.435221027708476124E-05
 0.694929308450184635 0.337791108821010724E-05
 0.721944868322298650 0.272807324908942596E-05
 0.749935410556105575 0.206039714583686677E-05
 0.778856526762241597 0.163505327727104085E-05
 0.808646537709191593 0.229490241370042087E-05
 0.839225818902016085 0.391569152295981623E-05
 0.870496858588253319 0.610200059780816909E-05
 0.902345180596794139 0.778360945362121289E-05
 0.934641203204055193 0.829893256414923051E-05
 0.967243021066621855 0.798574243722565480E-05
 0.999999999999999556 0.739170197815584313E-05
 1.03275697893337726 0.712746616159023152E-05
 1.06535879679594414 0.763152047838189716E-05
 1.09765481940320497 0.901353208977405599E-05
 1.12950314141174601 0.105052285592573360E-04
 1.16077418109798325 0.123870527160360975E-04
 1.19135346229080774 0.147897674169481058E-04
 1.22114347323775752 0.170890693736847298E-04
 1.25006458944389376 0.188653355492999036E-04
 1.27805513167770068 0.194932238855772438E-04
 1.30507069154981470 0.182638034073903464E-04
 1.33108289159114879 0.156065171019405171E-04
 1.35607775620713644 0.123491219917092841E-04
 1.38005385946751158 0.793827902114489081E-05
 1.40302039214902230 0.201601710905982633E-05
 1.42499526036600299 -0.507088499215422670E-05
 1.44600329685888118 -0.128198283643880534E-04
 1.46607463726284526 -0.208348411313439591E-04
 1.48524328953102192 -0.287866796901726226E-04
 1.50354590591621506 -0.359928580931884209E-04
 1.52102075339694531 -0.418189803202764584E-04
 1.53770686951584601 -0.462182904550498673E-04
 1.55364338540008129 -0.496127241166797838E-04
 1.56886899534371382 -0.525529223931449043E-04
 1.58342155192779788 -0.556591756226044754E-04
 1.59733776655359017 -0.593125117571448302E-04
 1.61065299693935415 -0.630951439024804721E-04
 1.62340110519551750 -0.660983133134110260E-04
 1.63561437227960260 -0.675037524640910300E-04
 1.64732345676853553 -0.669505838705456899E-04
 1.65855738786874918 -0.645485123087556861E-04
 1.66934358436067853 -0.605918247654620791E-04
 1.67970789272411247 -0.553819601042377684E-04
 1.68967463901601400 -0.491696249220869883E-04
 1.69926669018716248 -0.420778021878465689E-04
 1.70850552144921330 -0.341799142137553705E-04
 1.71741128706292590 -0.256881007272759485E-04
 1.72600289253504613 -0.169843017734380072E-04
 1.73429806670776032 -0.854063552472475922E-05
 1.74231343262087002 -0.785791702081735216E-06
 1.75006457634046853 0.599792301044942809E-05
 1.75756611319403411 0.116617215783667642E-04
 1.76483175104333090 0.161377714261543957E-04
 1.77187435037395868 0.194273915995810386E-04
 1.77870598109268663 0.216099387102346413E-04
 1.78533797600803945 0.228369161902368324E-04
 1.79178098103187544 0.233247800915071506E-04
 1.79804500218465790 0.233406660779150697E-04
 1.80413944951857586 0.231413901264138307E-04
 1.81007317809370161 0.228910527164453700E-04
 1.81585452615539600 0.226158452831405096E-04
 1.82149135066809720 0.222173419528578661E-04
 1.82699106036302350 0.215249155540836638E-04
 1.83236064645632535 0.203550803342285856E-04
 1.83760671119080277 0.185576203644990512E-04
 1.84273549434916850 0.160439582628830171E-04
 1.84775289788055153 0.127990502665004794E-04
 1.85266450877491584 0.887530059247184139E-05
 1.85747562031265367 0.437261833028047004E-05
 1.86219125180903466 -0.582027169852535146E-06
 1.86681616696562358 -0.584807453501438391E-05
 1.87135489093338148 -0.112826372570769937E-04
 1.87581172618498138 -0.167546207006270176E-04
 1.88019076728701284 -0.221576582472926494E-04
 1.88449591465621968 -0.274141317581880718E-04
 1.88873088737776040 -0.324677867754350914E-04
 1.89289923515769787 -0.372697073447739657E-04
 1.89700434947652008 -0.417654039473377688E-04
 1.90104947400545554 -0.458880719389336158E-04
 1.90503771434267422 -0.495576863879714237E-04
 1.90897204712212654 -0.526824327503084490E-04
 1.91285532854377660 -0.551605306582329322E-04
 1.91669030237027949 -0.568839959748535792E-04
 1.92047960743175627 -0.577468212163542358E-04
 1.92422578467718974 -0.576577600139607354E-04
 1.92793128380807777 -0.565551678632487153E-04
 1.93159846952735892 -0.544203502393144766E-04
 1.93522962743418470 -0.512864496904462877E-04
 1.93882696959291567 -0.472410981663469492E-04
 1.94239263980269272 -0.424225436596488968E-04
 1.94592871859206551 -0.370105648455069759E-04
 1.94943722796150132 -0.312145963987551934E-04
 1.95292013589503810 -0.252615548793335523E-04
 1.95637936066096163 -0.193849103372861161E-04
 1.95981677492010453 -0.138150823269919922E-04
 1.96323420965923701 -0.876995988894354480E-05
 1.96663345796595213 -0.444377015385229065E-05
 1.97001627866054196 -0.992712672376758195E-06
 1.97338439979950442 0.148341609191996554E-05
 1.97673952206458559 0.296276091669213257E-05
 1.98008332205058002 0.352070250448538948E-05
 1.98341745546455739 0.333578387131798500E-05
 1.98674356024864895 0.266784936215260804E-05
 1.99006325963809938 0.180372651256199494E-05
 1.99337816516593191 0.988663477808647241E-06
 1.99668987962525302 0.372288221517001395E-06
 2.00000000000000000 -0.198459947630847002E-11
