 0.000000000000000000E+00 -0.000000000000000000E+00
 0.331012037474653908E-02 0.542838273361296442E-06
 0.662183483406764140E-02 0.125628373003302450E-04
 0.993674036189995391E-02 0.506455674770252303E-04
 0.132564397513506016E-01 0.108456805950600264E-03
 0.165825445354421674E-01 0.177831801173935420E-03
 0.199166779494195367E-01 0.227024824031975834E-03
 0.232604779354139701E-01 0.233017982682978930E-03
 0.266156002004951375E-01 0.164989444281000188E-03
 0.299837213394578139E-01 0.167370795204534062E-05
 0.333665420340474306E-01 -0.275574690870816449E-03
 0.367657903407625497E-01 -0.677760677893483442E-03
 0.401832250798950241E-01 -0.121099570171172028E-02
 0.436206393390381475E-01 -0.187618082263020318E-02
 0.470798641049610112E-01 -0.267046919307443315E-02
 0.505627720384977941E-01 -0.358793285721671672E-02
 0.540712814079340465E-01 -0.462042375801336152E-02
 0.576073601973068339E-01 -0.575813833045241575E-02
 0.611730304070841058E-01 -0.699010154862863154E-02
 0.647703725658153040E-01 -0.830451947403311637E-02
 0.684015304726404150E-01 -0.968906529132030313E-02
 0.720687161919215669E-01 -0.111311085790883075E-01
 0.757742153228098125E-01 -0.126179086767655661E-01
 0.795203925682432811E-01 -0.141367796488498232E-01
 0.833096976297200698E-01 -0.156752338360280075E-01
 0.871446714562229552E-01 -0.172211074522687808E-01
 0.910279528778730196E-01 -0.187626710789830543E-01
 0.949622856573255625E-01 -0.202887261747884164E-01
 0.989505259945437921E-01 -0.217886873964382097E-01
 0.102995650523479032 -0.232526510740947018E-01
 0.107100764842301688 -0.246714519393305513E-01
 0.111269112622238708 -0.260367094939483387E-01
 0.115504085343779872 -0.273408613279491584E-01
 0.119809232712986713 -0.285771774812225710E-01
 0.124188273815018180 -0.297397518007913690E-01
 0.128645109066618080 -0.308234742026850528E-01
 0.133183833034375976 -0.318239976577655015E-01
 0.137808748190964891 -0.327377152709047298E-01
 0.142524379687345437 -0.335617512353364456E-01
 0.147335491225083715 -0.342939555941796995E-01
 0.152247102119448030 -0.349328891578955456E-01
 0.157264505650830833 -0.354777922865442130E-01
 0.162393288809196790 -0.359285404069689188E-01
 0.167639353543673986 -0.362855898645351865E-01
 0.173008939636976056 -0.365499101755184935E-01
 0.178508649331902358 -0.367228970792890311E-01
 0.184145473844603558 -0.368062696570476966E-01
 0.189926821906297949 -0.368019626658603952E-01
 0.195860550481423701 -0.367120381909692636E-01
 0.201954997815341208 -0.365386492902837964E-01
 0.208219018968123892 -0.362840663462469168E-01
 0.214662023991960105 -0.359507587004944743E-01
 0.221294018907312928 -0.355415166150421166E-01
 0.228125649626040428 -0.350595735553331234E-01
 0.235168248956668657 -0.345086740266460912E-01
 0.242433886805965448 -0.338930067271976249E-01
 0.249935423659531253 -0.332169102416952772E-01
 0.257686567379129539 -0.324844217855978709E-01
 0.265701933292239012 -0.316989975436805099E-01
 0.273997107464953427 -0.308636481232667549E-01
 0.282588712937073661 -0.299813314385203693E-01
 0.291494478550786251 -0.290552932590197981E-01
 0.300733309812837302 -0.280891924105972322E-01
 0.310325360983985998 -0.270870117018862065E-01
 0.320292107275887084 -0.260529434543208434E-01
 0.330656415639321022 -0.249913612050081738E-01
 0.341442612131250156 -0.239066428183860903E-01
 0.352676543231464024 -0.228029282498151478E-01
 0.364385627720396954 -0.216843820530914499E-01
 0.376598894804481832 -0.205556372732231853E-01
 0.389347003060644958 -0.194216394492940266E-01
 0.402662233446409612 -0.182870274299009247E-01
 0.416578448072201457 -0.171554818142234493E-01
 0.431131004656285288 -0.160299342767229354E-01
 0.446356614599918045 -0.149141370758223216E-01
 0.462293130484153547 -0.138138576115997558E-01
 0.478979246603053799 -0.127366114032786328E-01
 0.496454094083784270 -0.116905766707523298E-01
 0.514756710468977419 -0.106819422483811818E-01
 0.533925362737153852 -0.971321968206277815E-02
 0.553996703141117930 -0.878434381428035496E-02
 0.575004739633996120 -0.789433928332309610E-02
 0.596979607850977034 -0.704386930566179310E-02
 0.619946140532487755 -0.623701695483802002E-02
 0.643922243792862670 -0.547949734635742348E-02
 0.668917108408850547 -0.477561372461776223E-02
 0.694929308450184635 -0.412651874530674517E-02
 0.721944868322298650 -0.352986442295276544E-02
 0.749935410556105575 -0.298017546083742101E-02
 0.778856526762241597 -0.247344841636499375E-02
 0.808646537709191593 -0.200681440670330124E-02
 0.839225818902016085 -0.157728818650083803E-02
 0.870496858588253319 -0.118763648609084851E-02
 0.902345180596794139 -0.841230107928083565E-03
 0.934641203204055193 -0.535865342490928582E-03
 0.967243021066621855 -0.260241603635581655E-03
 0.999999999999999556 0.423358981926787335E-05
 1.03275697893337726 0.271380650721473064E-03
 1.06535879679594414 0.553549443554842563E-03
 1.09765481940320497 0.864987111712320388E-03
 1.12950314141174601 0.121441592753912119E-02
 1.16077418109798325 0.160257188758913273E-02
 1.19135346229080774 0.203075568232347634E-02
 1.22114347323775752 0.250099621755462114E-02
 1.25006458944389376 0.301478947608354838E-02
 1.27805513167770068 0.357885650382807957E-02
 1.30507069154981470 0.419522284133165644E-02
 1.33108289159114879 0.485710049538789004E-02
 1.35607775620713644 0.556028951530089348E-02
 1.38005385946751158 0.630553904176578417E-02
 1.40302039214902230 0.709151781214479790E-02
 1.42499526036600299 0.791828545547892948E-02
 1.44600329685888118 0.879103004440332826E-02
 1.46607463726284526 0.971287201657466959E-02
 1.48524328953102192 0.106817970666903059E-01
 1.50354590591621506 0.116931336055265470E-01
 1.52102075339694531 0.127409398084096549E-01
 1.53770686951584601 0.138192217445675582E-01
 1.55364338540008129 0.149225684431636783E-01
 1.56886899534371382 0.160453908978916530E-01
 1.58342155192779788 0.171815931076691568E-01
 1.59733776655359017 0.183251155573815883E-01
 1.61065299693935415 0.194712015160856573E-01
 1.62340110519551750 0.206163042931512691E-01
 1.63561437227960260 0.217564592842207187E-01
 1.64732345676853553 0.228867171423935631E-01
 1.65855738786874918 0.240018894682491220E-01
 1.66934358436067853 0.250973343579123480E-01
 1.67970789272411247 0.261689724791879658E-01
 1.68967463901601400 0.272130971350513749E-01
 1.69926669018716248 0.282262226518580836E-01
 1.70850552144921330 0.292045639981572160E-01
 1.71741128706292590 0.301437085073753309E-01
 1.72600289253504613 0.310390019927801672E-01
 1.73429806670776032 0.318860970002901034E-01
 1.74231343262087002 0.326811466330436465E-01
 1.75006457634046853 0.334206874004887092E-01
 1.75756611319403411 0.341014382971339888E-01
 1.76483175104333090 0.347201593933910493E-01
 1.77187435037395868 0.352735737717349007E-01
 1.77870598109268663 0.357583188678202504E-01
 1.78533797600803945 0.361709558006853352E-01
 1.79178098103187544 0.365080532923120968E-01
 1.79804500218465790 0.367662988651935932E-01
 1.80413944951857586 0.369425970740107981E-01
 1.81007317809370161 0.370341502499639472E-01
 1.81585452615539600 0.370385113305607555E-01
 1.82149135066809720 0.369535970736156669E-01
 1.82699106036302350 0.367776807350398208E-01
 1.83236064645632535 0.365093880215341324E-01
 1.83760671119080277 0.361477057622862710E-01
 1.84273549434916850 0.356920133221563587E-01
 1.84775289788055153 0.351421393874748120E-01
 1.85266450877491584 0.344984257370521616E-01
 1.85747562031265367 0.337617750717316215E-01
 1.86219125180903466 0.329336801049267339E-01
 1.86681616696562358 0.320162493979130949E-01
 1.87135489093338148 0.310122416042621016E-01
 1.87581172618498138 0.299251070283321971E-01
 1.88019076728701284 0.287590313043795745E-01
 1.88449591465621968 0.275189759347374101E-01
 1.88873088737776040 0.262107104569069931E-01
 1.89289923515769787 0.248408337926409040E-01
 1.89700434947652008 0.234167845247714237E-01
 1.90104947400545554 0.219468390960373613E-01
 1.90503771434267422 0.204400956049905665E-01
 1.90897204712212654 0.189064401452667119E-01
 1.91285532854377660 0.173564930055052913E-01
 1.91669030237027949 0.158015344892367925E-01
 1.92047960743175627 0.142534133014140252E-01
 1.92422578467718974 0.127244410674912569E-01
 1.92793128380807777 0.112272738182238457E-01
 1.93159846952735892 0.977477796158800032E-02
 1.93522962743418470 0.837987678639239876E-02
 1.93882696959291567 0.705537496271970051E-02
 1.94239263980269272 0.581375703273093267E-02
 1.94592871859206551 0.466695471067959250E-02
 1.94943722796150132 0.362606111983222040E-02
 1.95292013589503810 0.270097890153501519E-02
 1.95637936066096163 0.189993485591023032E-02
 1.95981677492010453 0.122891149855662877E-02
 1.96323420965923701 0.690781077097885380E-03
 1.96663345796595213 0.284633309935481207E-03
 1.97001627866054196 0.431038424217738783E-05
 1.97338439979950442 -0.161277235324294428E-03
 1.97673952206458559 -0.230889162017877756E-03
 1.98008332205058002 -0.225925833232417284E-03
 1.98341745546455739 -0.177342919728388891E-03
 1.98674356024864895 -0.108285023332458969E-03
 1.99006325963809938 -0.506058405385184336E-04
 1.99337816516593191 -0.125588236979285995E-04
 1.99668987962525302 -0.542994385975287068E-06
 2.00000000000000000 -0.000000000000000000E+00
