 0.000000000000000000E+00 0.000000000000000000E+00
 0.331012037474653908E-02 0.907740426762012724E-09
 0.662183483406764140E-02 0.185222552469410007E-08
 0.993674036189995391E-02 0.286951779905719066E-08
 0.132564397513506016E-01 0.388168356611423652E-08
 0.165825445354421674E-01 0.478680298100231511E-08
 0.199166779494195367E-01 0.545468425654425858E-08
 0.232604779354139701E-01 0.580630602453135788E-08
 0.266156002004951375E-01 0.580687264995401894E-08
 0.299837213394578139E-01 0.547759620224154181E-08
 0.333665420340474306E-01 0.485004098773451402E-08
 0.367657903407625497E-01 0.394131700324336491E-08
 0.401832250798950241E-01 0.273148642099976918E-08
 0.436206393390381475E-01 0.117366914132223605E-08
 0.470798641049610112E-01 -0.780742939550503232E-09
 0.505627720384977941E-01 -0.315337568822867311E-08
 0.540712814079340465E-01 -0.591980142399384998E-08
 0.576073601973068339E-01 -0.901067380375493246E-08
 0.611730304070841058E-01 -0.123239735929576621E-07
 0.647703725658153040E-01 -0.157439225725273172E-07
 0.684015304726404150E-01 -0.191545966905643348E-07
 0.720687161919215669E-01 -0.224511599239284161E-07
 0.757742153228098125E-01 -0.255478397956778557E-07
 0.795203925682432811E-01 -0.283867836253984270E-07
 0.833096976297200698E-01 -0.309453931936730243E-07
 0.871446714562229552E-01 -0.332413663128356947E-07
 0.910279528778730196E-01 -0.353326282083201202E-07
 0.949622856573255625E-01 -0.373108779458196532E-07
 0.989505259945437921E-01 -0.392868256666710456E-07
 0.102995650523479032 -0.413666458866643137E-07
 0.107100764842301688 -0.436225044000327369E-07
 0.111269112622238708 -0.460652334926560416E-07
 0.115504085343779872 -0.486310895585796084E-07
 0.119809232712986713 -0.511925498128601101E-07
 0.124188273815018180 -0.535918061098041289E-07
 0.128645109066618080 -0.556814528209554689E-07
 0.133183833034375976 -0.573554055946482903E-07
 0.137808748190964891 -0.585604788415337147E-07
 0.142524379687345437 -0.592910361527521776E-07
 0.147335491225083715 -0.595803059319181517E-07
 0.152247102119448030 -0.594915849697876361E-07
 0.157264505650830833 -0.590986021567570764E-07
 0.162393288809196790 -0.584579665077249709E-07
 0.167639353543673986 -0.575890199762739257E-07
 0.173008939636976056 -0.564594512297567781E-07
 0.178508649331902358 -0.549685158506100286E-07
 0.184145473844603558 -0.529600944769663265E-07
 0.189926821906297949 -0.503121811675379907E-07
 0.195860550481423701 -0.470633910473153116E-07
 0.201954997815341208 -0.434785262454493920E-07
 0.208219018968123892 -0.400031870841184790E-07
 0.214662023991960105 -0.371325563652617593E-07
 0.221294018907312928 -0.352671047621727206E-07
 0.228125649626040428 -0.346129880809796020E-07
 0.235168248956668657 -0.351002680172313528E-07
 0.242433886805965448 -0.363187757637455610E-07
 0.249935423659531253 -0.375772019652828635E-07
 0.257686567379129539 -0.380954336908409920E-07
 0.265701933292239012 -0.372422698420544316E-07
 0.273997107464953427 -0.347030206200635898E-07
 0.282588712937073661 -0.304490244764707413E-07
 0.291494478550786251 -0.246335933623694200E-07
 0.300733309812837302 -0.176221506704699605E-07
 0.310325360983985998 -0.100764338993018444E-07
 0.320292107275887084 -0.270194206883196948E-08
 0.330656415639321022 0.406269897168421273E-08
 0.341442612131250156 0.982261620881596004E-08
 0.352676543231464024 0.139255102021500884E-07
 0.364385627720396954 0.159551756822200482E-07
 0.376598894804481832 0.167830988137066943E-07
 0.389347003060644958 0.187443431077022931E-07
 0.402662233446409612 0.237267641167886667E-07
 0.416578448072201457 0.310103862794851599E-07
 0.431131004656285288 0.378643454239803382E-07
 0.446356614599918045 0.417678823792746881E-07
 0.462293130484153547 0.417100867968641935E-07
 0.478979246603053799 0.384171311512659739E-07
 0.496454094083784270 0.332661500167363815E-07
 0.514756710468977419 0.266195222118037675E-07
 0.533925362737153852 0.182153772558680656E-07
 0.553996703141117930 0.980721393190178213E-08
 0.575004739633996120 0.375799019186716500E-08
 0.596979607850977034 -0.127736007571586965E-10
 0.619946140532487755 -0.262464597121238298E-08
 0.643922243792862670 -0.369841578446995205E-08
 0.668917108408850547 -0.276223627591056974E-08
 0.694929308450184635 -0.465479185056934654E-09
 0.721944868322298650 0.307569013689032694E-08
 0.749935410556105575 0.760475887148216770E-08
 0.778856526762241597 0.110887219670954583E-07
 0.808646537709191593 0.119415595888132381E-07
 0.839225818902016085 0.108010963658277589E-07
 0.870496858588253319 0.908994617375003212E-08
 0.902345180596794139 0.692139610089577384E-08
 0.934641203204055193 0.428919575094270541E-08
 0.967243021066621855 0.219409739740032571E-08
 0.999999999999999556 0.116741753596954043E-08
 1.03275697893337726 0.208428539401584771E-08
 1.06535879679594414 0.389777680353158431E-08
 1.09765481940320497 0.461038517768637611E-08
 1.12950314141174601 0.473765755118758155E-08
 1.16077418109798325 0.555309179564244692E-08
 1.19135346229080774 0.815495898483068984E-08
 1.22114347323775752 0.115375041204345917E-07
 1.25006458944389376 0.133895436813847482E-07
 1.27805513167770068 0.133979009550917195E-07
 1.30507069154981470 0.132599193431411020E-07
 1.33108289159114879 0.145380626767469448E-07
 1.35607775620713644 0.161256628468353865E-07
 1.38005385946751158 0.171774625577274054E-07
 1.40302039214902230 0.174001285715084569E-07
 1.42499526036600299 0.163049355942129241E-07
 1.44600329685888118 0.149351692918897956E-07
 1.46607463726284526 0.141411121825224695E-07
 1.48524328953102192 0.121506097315414576E-07
 1.50354590591621506 0.799507947407769682E-08
 1.52102075339694531 0.331255127835351355E-08
 1.53770686951584601 -0.257652869572859234E-09
 1.55364338540008129 -0.195872944140723968E-08
 1.56886899534371382 -0.171069537845143186E-08
 1.58342155192779788 -0.906713733148990498E-09
 1.59733776655359017 -0.390739884301058068E-09
 1.61065299693935415 0.872774170857226130E-09
 1.62340110519551750 0.400421449554919957E-08
 1.63561437227960260 0.865965182418389341E-08
 1.64732345676853553 0.133915772551887900E-07
 1.65855738786874918 0.167394443461954262E-07
 1.66934358436067853 0.181322208115086506E-07
 1.67970789272411247 0.181385341603922843E-07
 1.68967463901601400 0.177378777241423039E-07
 1.69926669018716248 0.174713447092727646E-07
 1.70850552144921330 0.171991650168062755E-07
 1.71741128706292590 0.164791460588163086E-07
 1.72600289253504613 0.151521864429096159E-07
 1.73429806670776032 0.134363783889826757E-07
 1.74231343262087002 0.115437657258645535E-07
 1.75006457634046853 0.950543777111168028E-08
 1.75756611319403411 0.738393230422844562E-08
 1.76483175104333090 0.542875329429878596E-08
 1.77187435037395868 0.391360740203244242E-08
 1.77870598109268663 0.286654964526001074E-08
 1.78533797600803945 0.200379994142109566E-08
 1.79178098103187544 0.896773647905602803E-09
 1.79804500218465790 -0.802596340034813066E-09
 1.80413944951857586 -0.324130261787752533E-08
 1.81007317809370161 -0.634089098841143321E-08
 1.81585452615539600 -0.981643379937387324E-08
 1.82149135066809720 -0.132538022215771078E-07
 1.82699106036302350 -0.162359519271579014E-07
 1.83236064645632535 -0.184716166953747503E-07
 1.83760671119080277 -0.198813425071176206E-07
 1.84273549434916850 -0.205960305716927324E-07
 1.84775289788055153 -0.208613944888217648E-07
 1.85266450877491584 -0.209145318039053566E-07
 1.85747562031265367 -0.209093492360110542E-07
 1.86219125180903466 -0.209089219075092866E-07
 1.86681616696562358 -0.209181572556719183E-07
 1.87135489093338148 -0.209217795793122191E-07
 1.87581172618498138 -0.209027022910491263E-07
 1.88019076728701284 -0.208419859218203325E-07
 1.88449591465621968 -0.207201146009672750E-07
 1.88873088737776040 -0.205306568935051749E-07
 1.89289923515769787 -0.203001093163143144E-07
 1.89700434947652008 -0.200986215278655148E-07
 1.90104947400545554 -0.200298590467027128E-07
 1.90503771434267422 -0.202022528896459891E-07
 1.90897204712212654 -0.206950444853662521E-07
 1.91285532854377660 -0.215322786908114577E-07
 1.91669030237027949 -0.226716362821591842E-07
 1.92047960743175627 -0.240085006625631370E-07
 1.92422578467718974 -0.253905496298166988E-07
 1.92793128380807777 -0.266399153433449988E-07
 1.93159846952735892 -0.275808739437846469E-07
 1.93522962743418470 -0.280707443258335221E-07
 1.93882696959291567 -0.280234379409267737E-07
 1.94239263980269272 -0.274214561271007457E-07
 1.94592871859206551 -0.263102626086443514E-07
 1.94943722796150132 -0.247851191748298914E-07
 1.95292013589503810 -0.229657332657721808E-07
 1.95637936066096163 -0.209765752895665444E-07
 1.95981677492010453 -0.189219917223222179E-07
 1.96323420965923701 -0.168819301976347692E-07
 1.96663345796595213 -0.148990617447551478E-07
 1.97001627866054196 -0.129934756610494550E-07
 1.97338439979950442 -0.111578809493788674E-07
 1.97673952206458559 -0.939235432831932015E-08
 1.98008332205058002 -0.769640225932904212E-08
 1.98341745546455739 -0.610326293433929509E-08
 1.98674356024864895 -0.463365739601137924E-08
 1.99006325963809938 -0.331972727058590000E-08
 1.99337816516593191 -0.213566299904900221E-08
 1.99668987962525302 -0.106008941285686084E-08
 2.00000000000000000 0.000000000000000000E+00
