 0.000000000000000000E+00 -0.000000000000000000E+00
 0.331012037474653908E-02 -0.454365889835565420E-06
 0.662183483406764140E-02 -0.710069686365677897E-05
 0.993674036189995391E-02 -0.299783698093272716E-04
 0.132564397513506016E-01 -0.767356581756261589E-04
 0.165825445354421674E-01 -0.146271407088538019E-03
 0.199166779494195367E-01 -0.228913240293857290E-03
 0.232604779354139701E-01 -0.310091295642471790E-03
 0.266156002004951375E-01 -0.375805348636326511E-03
 0.299837213394578139E-01 -0.416432964448051586E-03
 0.333665420340474306E-01 -0.428294388761098687E-03
 0.367657903407625497E-01 -0.413131402609247711E-03
 0.401832250798950241E-01 -0.376417831333923181E-03
 0.436206393390381475E-01 -0.325400945658075875E-03
 0.470798641049610112E-01 -0.267427824152264215E-03
 0.505627720384977941E-01 -0.208823038361893566E-03
 0.540712814079340465E-01 -0.154319744522610566E-03
 0.576073601973068339E-01 -0.106938009755715372E-03
 0.611730304070841058E-01 -0.681506430759922269E-04
 0.647703725658153040E-01 -0.381982520302207788E-04
 0.684015304726404150E-01 -0.164577264027705982E-04
 0.720687161919215669E-01 -0.179666381376141953E-05
 0.757742153228098125E-01 0.713245695507648170E-05
 0.795203925682432811E-01 0.116773185700920592E-04
 0.833096976297200698E-01 0.130496247712034545E-04
 0.871446714562229552E-01 0.122618523407099116E-04
 0.910279528778730196E-01 0.101199992264399032E-04
 0.949622856573255625E-01 0.724430187002409432E-05
 0.989505259945437921E-01 0.409101555065969908E-05
 0.102995650523479032 0.955004087307825396E-06
 0.107100764842301688 -0.205483950937446889E-05
 0.111269112622238708 -0.504592691713985738E-05
 0.115504085343779872 -0.833386529752213965E-05
 0.119809232712986713 -0.123740431389280296E-04
 0.124188273815018180 -0.176668183415767908E-04
 0.128645109066618080 -0.247135682446769348E-04
 0.133183833034375976 -0.340583297299468899E-04
 0.137808748190964891 -0.463432533007549234E-04
 0.142524379687345437 -0.622692917186791977E-04
 0.147335491225083715 -0.824372757968008536E-04
 0.152247102119448030 -0.107171301805381353E-03
 0.157264505650830833 -0.136461828571790518E-03
 0.162393288809196790 -0.170037004624392556E-03
 0.167639353543673986 -0.207449678704609914E-03
 0.173008939636976056 -0.248129885008772032E-03
 0.178508649331902358 -0.291423980618546073E-03
 0.184145473844603558 -0.336701195709470237E-03
 0.189926821906297949 -0.383629937697264531E-03
 0.195860550481423701 -0.432404670546247762E-03
 0.201954997815341208 -0.483519151412320090E-03
 0.208219018968123892 -0.537168069817484778E-03
 0.214662023991960105 -0.592803900993160325E-03
 0.221294018907312928 -0.649250955712007884E-03
 0.228125649626040428 -0.705297590749017324E-03
 0.235168248956668657 -0.760118070557050060E-03
 0.242433886805965448 -0.813101487167979886E-03
 0.249935423659531253 -0.863604460000414625E-03
 0.257686567379129539 -0.911026322246108380E-03
 0.265701933292239012 -0.955016020583887614E-03
 0.273997107464953427 -0.995484472506673801E-03
 0.282588712937073661 -0.103241318753778460E-02
 0.291494478550786251 -0.106583897383550502E-02
 0.300733309812837302 -0.109598051658880351E-02
 0.310325360983985998 -0.112309205223553232E-02
 0.320292107275887084 -0.114699253479958537E-02
 0.330656415639321022 -0.116669691736866199E-02
 0.341442612131250156 -0.118049593809809827E-02
 0.352676543231464024 -0.118693567434366692E-02
 0.364385627720396954 -0.118646117098411682E-02
 0.376598894804481832 -0.118138706965194122E-02
 0.389347003060644958 -0.117269184899100446E-02
 0.402662233446409612 -0.115872242276666179E-02
 0.416578448072201457 -0.113903501731645517E-02
 0.431131004656285288 -0.111549199532413770E-02
 0.446356614599918045 -0.108920692360233232E-02
 0.462293130484153547 -0.105980019141554776E-02
 0.478979246603053799 -0.102625817722394553E-02
 0.496454094083784270 -0.988264119388001421E-03
 0.514756710468977419 -0.946826762086804908E-03
 0.533925362737153852 -0.904289946231383356E-03
 0.553996703141117930 -0.860731197007939906E-03
 0.575004739633996120 -0.815169771763584817E-03
 0.596979607850977034 -0.767671426312292369E-03
 0.619946140532487755 -0.717850626676594101E-03
 0.643922243792862670 -0.667240192672032559E-03
 0.668917108408850547 -0.619103940692063387E-03
 0.694929308450184635 -0.574898101518208130E-03
 0.721944868322298650 -0.533330141559980255E-03
 0.749935410556105575 -0.493040564720996998E-03
 0.778856526762241597 -0.456933309261383345E-03
 0.808646537709191593 -0.426200377950428609E-03
 0.839225818902016085 -0.399667760891184675E-03
 0.870496858588253319 -0.377287341571868196E-03
 0.902345180596794139 -0.359976718597328042E-03
 0.934641203204055193 -0.348196137898797956E-03
 0.967243021066621855 -0.341301601880291121E-03
 0.999999999999999556 -0.338734138749511215E-03
 1.03275697893337726 -0.340669332150131713E-03
 1.06535879679594414 -0.347561748354485343E-03
 1.09765481940320497 -0.360177670027260716E-03
 1.12950314141174601 -0.378481277195941504E-03
 1.16077418109798325 -0.402018315014473463E-03
 1.19135346229080774 -0.428295804397545133E-03
 1.22114347323775752 -0.457636818361157628E-03
 1.25006458944389376 -0.492420316353659338E-03
 1.27805513167770068 -0.530931793266233411E-03
 1.30507069154981470 -0.571659261847406140E-03
 1.33108289159114879 -0.616128363893378612E-03
 1.35607775620713644 -0.663728657129145734E-03
 1.38005385946751158 -0.712750740418742978E-03
 1.40302039214902230 -0.761289607838793033E-03
 1.42499526036600299 -0.809485474491267762E-03
 1.44600329685888118 -0.857825489705170505E-03
 1.46607463726284526 -0.905284730020325672E-03
 1.48524328953102192 -0.950584505689317221E-03
 1.50354590591621506 -0.991567145271460282E-03
 1.52102075339694531 -0.102734546498026527E-02
 1.53770686951584601 -0.106014031988370763E-02
 1.55364338540008129 -0.108891385123472350E-02
 1.56886899534371382 -0.111108528340611318E-02
 1.58342155192779788 -0.112748244071499636E-02
 1.59733776655359017 -0.114039907226683624E-02
 1.61065299693935415 -0.115137112280337575E-02
 1.62340110519551750 -0.115914557909525882E-02
 1.63561437227960260 -0.116000506363540747E-02
 1.64732345676853553 -0.115237180087812674E-02
 1.65855738786874918 -0.113889940037238419E-02
 1.66934358436067853 -0.112257941870580902E-02
 1.67970789272411247 -0.110307072153545621E-02
 1.68967463901601400 -0.107892977742823763E-02
 1.69926669018716248 -0.105025032222849624E-02
 1.70850552144921330 -0.101763027113581676E-02
 1.71741128706292590 -0.981448282438363495E-03
 1.72600289253504613 -0.942196115895080496E-03
 1.73429806670776032 -0.900293274069096663E-03
 1.74231343262087002 -0.856103010503879869E-03
 1.75006457634046853 -0.810362646409729256E-03
 1.75756611319403411 -0.763949592692077695E-03
 1.76483175104333090 -0.717286910022503455E-03
 1.77187435037395868 -0.670123751313805339E-03
 1.77870598109268663 -0.621883644549667053E-03
 1.78533797600803945 -0.572289039244810007E-03
 1.79178098103187544 -0.521651631723286891E-03
 1.79804500218465790 -0.470641883055602269E-03
 1.80413944951857586 -0.419961556019570555E-03
 1.81007317809370161 -0.370309692956424861E-03
 1.81585452615539600 -0.322457641547901615E-03
 1.82149135066809720 -0.277186934951508045E-03
 1.82699106036302350 -0.235101515765933066E-03
 1.83236064645632535 -0.196495285100224524E-03
 1.83760671119080277 -0.161401104481351341E-03
 1.84273549434916850 -0.129730421161992698E-03
 1.84775289788055153 -0.101367891519180914E-03
 1.85266450877491584 -0.762181307511868494E-04
 1.85747562031265367 -0.542356734964819306E-04
 1.86219125180903466 -0.354070323655301321E-04
 1.86681616696562358 -0.196890114605193527E-04
 1.87135489093338148 -0.697579198123565961E-05
 1.87581172618498138 0.290159770472386379E-05
 1.88019076728701284 0.101943190457383056E-04
 1.88449591465621968 0.152582226143136342E-04
 1.88873088737776040 0.185300440750208010E-04
 1.89289923515769787 0.204643148340598972E-04
 1.89700434947652008 0.214737298209253082E-04
 1.90104947400545554 0.218917313297973066E-04
 1.90503771434267422 0.219466609813643141E-04
 1.90897204712212654 0.217277367108562537E-04
 1.91285532854377660 0.211276946444884075E-04
 1.91669030237027949 0.197652101336173865E-04
 1.92047960743175627 0.169175424272725702E-04
 1.92422578467718974 0.115081421437238329E-04
 1.92793128380807777 0.217307552093608123E-05
 1.93159846952735892 -0.126091701157884475E-04
 1.93522962743418470 -0.343434758718452721E-04
 1.93882696959291567 -0.642897673593663236E-04
 1.94239263980269272 -0.103162746284077070E-03
 1.94592871859206551 -0.150770262069913562E-03
 1.94943722796150132 -0.205641134435179709E-03
 1.95292013589503810 -0.264720340939466735E-03
 1.95637936066096163 -0.323223887398941037E-03
 1.95981677492010453 -0.374774513647216530E-03
 1.96323420965923701 -0.411974517027309593E-03
 1.96663345796595213 -0.427536739914544355E-03
 1.97001627866054196 -0.415974173526989868E-03
 1.97338439979950442 -0.375564628728817271E-03
 1.97673952206458559 -0.310027377968180617E-03
 1.98008332205058002 -0.229017705307638905E-03
 1.98341745546455739 -0.146526768999312971E-03
 1.98674356024864895 -0.770627628832311438E-04
 1.99006325963809938 -0.302464652813051340E-04
 1.99337816516593191 -0.722774395404069342E-05
 1.99668987962525302 -0.472885403959072690E-06
 2.00000000000000000 0.000000000000000000E+00
