 0.000000000000000000E+00 -0.000000000000000000E+00
 0.331012037474653908E-02 -0.842040806734242216E-04
 0.662183483406764140E-02 -0.848992773387587606E-03
 0.993674036189995391E-02 -0.293951430274836788E-02
 0.132564397513506016E-01 -0.699840687004176041E-02
 0.165825445354421674E-01 -0.134783291482227854E-01
 0.199166779494195367E-01 -0.226456516917421524E-01
 0.232604779354139701E-01 -0.345348223992034339E-01
 0.266156002004951375E-01 -0.489838510606943958E-01
 0.299837213394578139E-01 -0.656734884180030370E-01
 0.333665420340474306E-01 -0.841816700022273295E-01
 0.367657903407625497E-01 -0.104033296118211216
 0.401832250798950241E-01 -0.124742316208347748
 0.436206393390381475E-01 -0.145843368077146041
 0.470798641049610112E-01 -0.166912967580286842
 0.505627720384977941E-01 -0.187581954662195655
 0.540712814079340465E-01 -0.207540917684698872
 0.576073601973068339E-01 -0.226540629986693609
 0.611730304070841058E-01 -0.244389095833150854
 0.647703725658153040E-01 -0.260946568318804695
 0.684015304726404150E-01 -0.276119505092477957
 0.720687161919215669E-01 -0.289854158171720111
 0.757742153228098125E-01 -0.302130257484137965
 0.795203925682432811E-01 -0.312955086250851888
 0.833096976297200698E-01 -0.322358112606274116
 0.871446714562229552E-01 -0.330386237406354089
 0.910279528778730196E-01 -0.337099648526781814
 0.949622856573255625E-01 -0.342568242189073557
 0.989505259945437921E-01 -0.346868562324569085
 0.102995650523479032 -0.350081199541999288
 0.107100764842301688 -0.352288591762289438
 0.111269112622238708 -0.353573194047929584
 0.115504085343779872 -0.354016016467384287
 0.119809232712986713 -0.353695520575080802
 0.124188273815018180 -0.352686804309596813
 0.128645109066618080 -0.351060961221226098
 0.133183833034375976 -0.348884529195244486
 0.137808748190964891 -0.346219014380055201
 0.142524379687345437 -0.343120548041471463
 0.147335491225083715 -0.339639754736902277
 0.152247102119448030 -0.335821839213626350
 0.157264505650830833 -0.331706812269752405
 0.162393288809196790 -0.327329778414148231
 0.167639353543673986 -0.322721247509994646
 0.173008939636976056 -0.317907425938576071
 0.178508649331902358 -0.312910471989094940
 0.184145473844603558 -0.307748737310349851
 0.189926821906297949 -0.302437003875819121
 0.195860550481423701 -0.296986791038619025
 0.201954997815341208 -0.291406853246870490
 0.208219018968123892 -0.285703808336967735
 0.214662023991960105 -0.279882626415497771
 0.221294018907312928 -0.273946941512564213
 0.228125649626040428 -0.267899561265567132
 0.235168248956668657 -0.261743249499485520
 0.242433886805965448 -0.255481317593232227
 0.249935423659531253 -0.249117802743733185
 0.257686567379129539 -0.242657441226269421
 0.265701933292239012 -0.236105767810821016
 0.273997107464953427 -0.229469095952700097
 0.282588712937073661 -0.222753823267337697
 0.291494478550786251 -0.215965932816701178
 0.300733309812837302 -0.209112075778524337
 0.310325360983985998 -0.202200684949553483
 0.320292107275887084 -0.195241085315774360
 0.330656415639321022 -0.188243234119090247
 0.341442612131250156 -0.181218910041945819
 0.352676543231464024 -0.174181712799353072
 0.364385627720396954 -0.167145233911212193
 0.376598894804481832 -0.160120781439158893
 0.389347003060644958 -0.153117340578112909
 0.402662233446409612 -0.146142516698463648
 0.416578448072201457 -0.139203161498839073
 0.431131004656285288 -0.132307458236549852
 0.446356614599918045 -0.125464693511487480
 0.462293130484153547 -0.118683308424710171
 0.478979246603053799 -0.111971367065558880
 0.496454094083784270 -0.105338117235388676
 0.514756710468977419 -0.987951512762284406E-01
 0.533925362737153852 -0.923535306400163625E-01
 0.553996703141117930 -0.860216822657991348E-01
 0.575004739633996120 -0.798037461537990933E-01
 0.596979607850977034 -0.737026165187903842E-01
 0.619946140532487755 -0.677192066715187058E-01
 0.643922243792862670 -0.618540827779380034E-01
 0.668917108408850547 -0.561114961275971103E-01
 0.694929308450184635 -0.504942947478247833E-01
 0.721944868322298650 -0.449979445879885517E-01
 0.749935410556105575 -0.396166137111551714E-01
 0.778856526762241597 -0.343528523562573393E-01
 0.808646537709191593 -0.292058520602788488E-01
 0.839225818902016085 -0.241635025877674145E-01
 0.870496858588253319 -0.192132436511373954E-01
 0.902345180596794139 -0.143437015736843001E-01
 0.934641203204055193 -0.954135454847574761E-02
 0.967243021066621855 -0.477907882520481157E-02
 0.999999999999999556 -0.307697885330752101E-04
 1.03275697893337726 0.471780801031756840E-02
 1.06535879679594414 0.948469475746904246E-02
 1.09765481940320497 0.142929354647158384E-01
 1.12950314141174601 0.191684375334859360E-01
 1.16077418109798325 0.241291767528437721E-01
 1.19135346229080774 0.291853648279996082E-01
 1.22114347323775752 0.343464359855182172E-01
 1.25006458944389376 0.396168902950710944E-01
 1.27805513167770068 0.450040834575611629E-01
 1.30507069154981470 0.505119190906837545E-01
 1.33108289159114879 0.561419178846172193E-01
 1.35607775620713644 0.618950143914870701E-01
 1.38005385946751158 0.677648720184439307E-01
 1.40302039214902230 0.737444464937254962E-01
 1.42499526036600299 0.798325063522390965E-01
 1.44600329685888118 0.860221068068926925E-01
 1.46607463726284526 0.923037993324564848E-01
 1.48524328953102192 0.986717452986358573E-01
 1.50354590591621506 0.105125205342907743
 1.52102075339694531 0.111667202786470285
 1.53770686951584601 0.118299389796010471
 1.55364338540008129 0.125016354027224441
 1.56886899534371382 0.131805563086516614
 1.58342155192779788 0.138652834759974641
 1.59733776655359017 0.145546010372114121
 1.61065299693935415 0.152474657576720435
 1.62340110519551750 0.159427881899177393
 1.63561437227960260 0.166395240050102755
 1.64732345676853553 0.173368070379192690
 1.65855738786874918 0.180338885238336216
 1.66934358436067853 0.187299518666820125
 1.67970789272411247 0.194241089366450403
 1.68967463901601400 0.201154925372621890
 1.69926669018716248 0.208032276878191924
 1.70850552144921330 0.214865118700795277
 1.71741128706292590 0.221646852631256913
 1.72600289253504613 0.228371631073518877
 1.73429806670776032 0.235033623428853200
 1.74231343262087002 0.241626586107933000
 1.75006457634046853 0.248143675302218009
 1.75756611319403411 0.254577667540313246
 1.76483175104333090 0.260921479939952461
 1.77187435037395868 0.267168586776059813
 1.77870598109268663 0.273313028598546226
 1.78533797600803945 0.279349174974742875
 1.79178098103187544 0.285271402058675516
 1.79804500218465790 0.291073539013701976
 1.80413944951857586 0.296748294577635463
 1.81007317809370161 0.302286942804879444
 1.81585452615539600 0.307679127386510654
 1.82149135066809720 0.312912566240684031
 1.82699106036302350 0.317972549411728977
 1.83236064645632535 0.322841261745472063
 1.83760671119080277 0.327497093589570853
 1.84273549434916850 0.331914113074307959
 1.84775289788055153 0.336061753049877010
 1.85266450877491584 0.339904670977447088
 1.85747562031265367 0.343402685291234189
 1.86219125180903466 0.346510693028777572
 1.86681616696562358 0.349178567138928864
 1.87135489093338148 0.351351088055417038
 1.87581172618498138 0.352967948569824941
 1.88019076728701284 0.353963867897525930
 1.88449591465621968 0.354268867727484615
 1.88873088737776040 0.353808769005391821
 1.89289923515769787 0.352505938237735517
 1.89700434947652008 0.350280256562562287
 1.90104947400545554 0.347050274410207915
 1.90503771434267422 0.342734571254241227
 1.90897204712212654 0.337253406937602029
 1.91285532854377660 0.330530778256641344
 1.91669030237027949 0.322496974043888385
 1.92047960743175627 0.313091677577929217
 1.92422578467718974 0.302267627719339849
 1.92793128380807777 0.289994838530191812
 1.93159846952735892 0.276265388152883762
 1.93522962743418470 0.261098790674429149
 1.93882696959291567 0.244547922087009956
 1.94239263980269272 0.226705370857156530
 1.94592871859206551 0.207709927530815186
 1.94943722796150132 0.187752732249374499
 1.95292013589503810 0.167082347279063292
 1.95637936066096163 0.146007771815142712
 1.95981677492010453 0.124898043227717873
 1.96323420965923701 0.104176827144551065
 1.96663345796595213 0.843099445824101318E-01
 1.97001627866054196 0.657841173994984235E-01
 1.97338439979950442 0.490752659479184727E-01
 1.97673952206458559 0.346064060782273752E-01
 1.98008332205058002 0.226978820300689568E-01
 1.98341745546455739 0.135129071126172187E-01
 1.98674356024864895 0.701829680143429939E-02
 1.99006325963809938 0.294868797211560478E-02
 1.99337816516593191 0.851866610203264605E-03
 1.99668987962525302 0.845084700659340377E-04
 2.00000000000000000 -0.000000000000000000E+00
