 0.000000000000000000E+00 0.251170177956982640E-06
 0.331012037474653908E-02 -0.315080643549799522E-02
 0.662183483406764140E-02 -0.756504038135734098E-02
 0.993674036189995391E-02 -0.143970070120048223E-01
 0.132564397513506016E-01 -0.238895279297999946E-01
 0.165825445354421674E-01 -0.356981988525977220E-01
 0.199166779494195367E-01 -0.488145061449561865E-01
 0.232604779354139701E-01 -0.619478517992797031E-01
 0.266156002004951375E-01 -0.738358548798252884E-01
 0.299837213394578139E-01 -0.835236407330215286E-01
 0.333665420340474306E-01 -0.905025568528924351E-01
 0.367657903407625497E-01 -0.947173637238433730E-01
 0.401832250798950241E-01 -0.964795852394507991E-01
 0.436206393390381475E-01 -0.963386714470851335E-01
 0.470798641049610112E-01 -0.949494897581409925E-01
 0.505627720384977941E-01 -0.929639150497164057E-01
 0.540712814079340465E-01 -0.909548475213827201E-01
 0.576073601973068339E-01 -0.893742101343330819E-01
 0.611730304070841058E-01 -0.885381820996296309E-01
 0.647703725658153040E-01 -0.886319884388108020E-01
 0.684015304726404150E-01 -0.897264872759686444E-01
 0.720687161919215669E-01 -0.918005839108944344E-01
 0.757742153228098125E-01 -0.947649084735653902E-01
 0.795203925682432811E-01 -0.984839708882192522E-01
 0.833096976297200698E-01 -0.102795294773409956
 0.871446714562229552E-01 -0.107524781706831801
 0.910279528778730196E-01 -0.112498307823720403
 0.949622856573255625E-01 -0.117550096709075222
 0.989505259945437921E-01 -0.122528467644880373
 0.102995650523479032 -0.127299404393292709
 0.107100764842301688 -0.131748257823828041
 0.111269112622238708 -0.135779890847104068
 0.115504085343779872 -0.139318039169827518
 0.119809232712986713 -0.142304651899587437
 0.124188273815018180 -0.144698707112526997
 0.128645109066618080 -0.146474787274249008
 0.133183833034375976 -0.147621570636043947
 0.137808748190964891 -0.148139421956231532
 0.142524379687345437 -0.148037694867611563
 0.147335491225083715 -0.147332884770995320
 0.152247102119448030 -0.146047806544189501
 0.157264505650830833 -0.144211273405777107
 0.162393288809196790 -0.141858179984492627
 0.167639353543673986 -0.139028366330105929
 0.173008939636976056 -0.135764599222929716
 0.178508649331902358 -0.132111803473190348
 0.184145473844603558 -0.128115457964296298
 0.189926821906297949 -0.123819337692532047
 0.195860550481423701 -0.119265183867915417
 0.201954997815341208 -0.114494429626257485
 0.208219018968123892 -0.109549901820321052
 0.214662023991960105 -0.104474452380770674
 0.221294018907312928 -0.993072337645995729E-01
 0.228125649626040428 -0.940827779679669074E-01
 0.235168248956668657 -0.888342699824159754E-01
 0.242433886805965448 -0.835966482011342299E-01
 0.249935423659531253 -0.784035705445605829E-01
 0.257686567379129539 -0.732829836298418275E-01
 0.265701933292239012 -0.682603720188402069E-01
 0.273997107464953427 -0.633611579830924143E-01
 0.282588712937073661 -0.586065513833140955E-01
 0.291494478550786251 -0.540122155183994923E-01
 0.300733309812837302 -0.495949496666662840E-01
 0.310325360983985998 -0.453704355334909187E-01
 0.320292107275887084 -0.413477690808827444E-01
 0.330656415639321022 -0.375345593586736484E-01
 0.341442612131250156 -0.339424078813716501E-01
 0.352676543231464024 -0.305840994680007736E-01
 0.364385627720396954 -0.274632976955945414E-01
 0.376598894804481832 -0.245681892748029589E-01
 0.389347003060644958 -0.218911768056106390E-01
 0.402662233446409612 -0.194345990727700854E-01
 0.416578448072201457 -0.171856116881277526E-01
 0.431131004656285288 -0.151247528094065591E-01
 0.446356614599918045 -0.132402838755871135E-01
 0.462293130484153547 -0.115333537515706335E-01
 0.478979246603053799 -0.100000430209460280E-01
 0.496454094083784270 -0.862961039516402934E-02
 0.514756710468977419 -0.741571784028226006E-02
 0.533925362737153852 -0.633934301892912031E-02
 0.553996703141117930 -0.537975012758624884E-02
 0.575004739633996120 -0.452893090808185149E-02
 0.596979607850977034 -0.379297492267934369E-02
 0.619946140532487755 -0.316672163150384265E-02
 0.643922243792862670 -0.263052205341679154E-02
 0.668917108408850547 -0.217249281371659176E-02
 0.694929308450184635 -0.178210331890532678E-02
 0.721944868322298650 -0.145501088224746699E-02
 0.749935410556105575 -0.118305926604389544E-02
 0.778856526762241597 -0.951782414602435692E-03
 0.808646537709191593 -0.761094889140238461E-03
 0.839225818902016085 -0.608168184375078432E-03
 0.870496858588253319 -0.489413830278227963E-03
 0.902345180596794139 -0.396502965273821451E-03
 0.934641203204055193 -0.328823087251712914E-03
 0.967243021066621855 -0.289618158582085239E-03
 0.999999999999999556 -0.279223455863318224E-03
 1.03275697893337726 -0.294753011750908110E-03
 1.06535879679594414 -0.333019391684811962E-03
 1.09765481940320497 -0.398397378927174456E-03
 1.12950314141174601 -0.489579326286436098E-03
 1.16077418109798325 -0.605026776802695997E-03
 1.19135346229080774 -0.755614006939077506E-03
 1.22114347323775752 -0.942451823924127024E-03
 1.25006458944389376 -0.116656535508088944E-02
 1.27805513167770068 -0.143855514730608009E-02
 1.30507069154981470 -0.176960027104378212E-02
 1.33108289159114879 -0.216316564507858678E-02
 1.35607775620713644 -0.262336940193186275E-02
 1.38005385946751158 -0.316023128711546714E-02
 1.40302039214902230 -0.378853558451891720E-02
 1.42499526036600299 -0.451559609718856468E-02
 1.44600329685888118 -0.534361707722759600E-02
 1.46607463726284526 -0.629007362468448402E-02
 1.48524328953102192 -0.736586326295166766E-02
 1.50354590591621506 -0.858036357718922234E-02
 1.52102075339694531 -0.995381747300084878E-02
 1.53770686951584601 -0.114968793384026772E-01
 1.55364338540008129 -0.132144815653240603E-01
 1.56886899534371382 -0.151199403102332975E-01
 1.58342155192779788 -0.172175196190370999E-01
 1.59733776655359017 -0.195106423968198425E-01
 1.61065299693935415 -0.220029290346896826E-01
 1.62340110519551750 -0.246997441387376143E-01
 1.63561437227960260 -0.276134048302951740E-01
 1.64732345676853553 -0.307518291616295757E-01
 1.65855738786874918 -0.341061508206689859E-01
 1.66934358436067853 -0.376668358053937613E-01
 1.67970789272411247 -0.414427822645336424E-01
 1.68967463901601400 -0.454434172083508850E-01
 1.69926669018716248 -0.496611991445589859E-01
 1.70850552144921330 -0.540785066051639243E-01
 1.71741128706292590 -0.586784405546246224E-01
 1.72600289253504613 -0.634472663900565864E-01
 1.73429806670776032 -0.683670392318042053E-01
 1.74231343262087002 -0.734156846565806875E-01
 1.75006457634046853 -0.785687035896111136E-01
 1.75756611319403411 -0.837983505025405029E-01
 1.76483175104333090 -0.890738200640694977E-01
 1.77187435037395868 -0.943638143468109314E-01
 1.77870598109268663 -0.996373273178346452E-01
 1.78533797600803945 -0.104860936311395633
 1.79178098103187544 -0.109995913536215240
 1.79804500218465790 -0.114999504264206409
 1.80413944951857586 -0.119827776842466288
 1.81007317809370161 -0.124437007659535664
 1.81585452615539600 -0.128782082595903263
 1.82149135066809720 -0.132816017627093941
 1.82699106036302350 -0.136492277433946374
 1.83236064645632535 -0.139767521563402330
 1.83760671119080277 -0.142602007038213491
 1.84273549434916850 -0.144958697964562205
 1.84775289788055153 -0.146803016562237654
 1.85266450877491584 -0.148102765380523194
 1.85747562031265367 -0.148828545614767216
 1.86219125180903466 -0.148955123188478894
 1.86681616696562358 -0.148463438062448577
 1.87135489093338148 -0.147343175517201386
 1.87581172618498138 -0.145595076104309162
 1.88019076728701284 -0.143232123291240299
 1.88449591465621968 -0.140280160315047281
 1.88873088737776040 -0.136778777284861125
 1.89289923515769787 -0.132782959502374315
 1.89700434947652008 -0.128365452717962208
 1.90104947400545554 -0.123618872793255077
 1.90503771434267422 -0.118656574047217994
 1.90897204712212654 -0.113611844471865966
 1.91285532854377660 -0.108635496510240737
 1.91669030237027949 -0.103892087619591039
 1.92047960743175627 -0.995545817059150934E-01
 1.92422578467718974 -0.957965156030066989E-01
 1.92793128380807777 -0.927806439434625124E-01
 1.93159846952735892 -0.906436439016882339E-01
 1.93522962743418470 -0.894770190852202385E-01
 1.93882696959291567 -0.893048413799347879E-01
 1.94239263980269272 -0.900598131402727264E-01
 1.94592871859206551 -0.915603913329619407E-01
 1.94943722796150132 -0.934936986971261902E-01
 1.95292013589503810 -0.954105777315358700E-01
 1.95637936066096163 -0.967403375311919889E-01
 1.95981677492010453 -0.968322665174659314E-01
 1.96323420965923701 -0.950308978714554387E-01
 1.96663345796595213 -0.907843436440114865E-01
 1.97001627866054196 -0.837775026400661843E-01
 1.97338439979950442 -0.740618223766803668E-01
 1.97673952206458559 -0.621427573628852079E-01
 1.98008332205058002 -0.489732411935099934E-01
 1.98341745546455739 -0.358156762269669290E-01
 1.98674356024864895 -0.239637336837898382E-01
 1.99006325963809938 -0.144325877693475321E-01
 1.99337816516593191 -0.757458274300066865E-02
 1.99668987962525302 -0.314994562174606991E-02
 2.00000000000000000 0.238211457025933057E-06
