 0.000000000000000000E+00 0.986184610046686604E-06
 0.331012037474653908E-02 -0.258369679604387170E-01
 0.662183483406764140E-02 -0.473063876733262126E-01
 0.993674036189995391E-02 -0.628767518339429371E-01
 0.132564397513506016E-01 -0.719443475278774142E-01
 0.165825445354421674E-01 -0.752767309317948358E-01
 0.199166779494195367E-01 -0.747124245134026116E-01
 0.232604779354139701E-01 -0.725505266911619651E-01
 0.266156002004951375E-01 -0.708990317531954795E-01
 0.299837213394578139E-01 -0.713085245358061892E-01
 0.333665420340474306E-01 -0.746197233979914443E-01
 0.367657903407625497E-01 -0.810133767384646902E-01
 0.401832250798950241E-01 -0.901627862655319662E-01
 0.436206393390381475E-01 -0.101419587278356552
 0.470798641049610112E-01 -0.113987893291322862
 0.505627720384977941E-01 -0.127060739095023578
 0.540712814079340465E-01 -0.139912067599668427
 0.576073601973068339E-01 -0.151948480494395299
 0.611730304070841058E-01 -0.162728929837561431
 0.647703725658153040E-01 -0.171962229819218576
 0.684015304726404150E-01 -0.179490534422212800
 0.720687161919215669E-01 -0.185266072182327379
 0.757742153228098125E-01 -0.189325930718505453
 0.795203925682432811E-01 -0.191767954311518662
 0.833096976297200698E-01 -0.192729728430064334
 0.871446714562229552E-01 -0.192371739455575869
 0.910279528778730196E-01 -0.190864387537124841
 0.949622856573255625E-01 -0.188377913838327499
 0.989505259945437921E-01 -0.185074777670914459
 0.102995650523479032 -0.181104580151885464
 0.107100764842301688 -0.176601492442683666
 0.111269112622238708 -0.171683590307094902
 0.115504085343779872 -0.166453236978748254
 0.119809232712986713 -0.160997991794646023
 0.124188273815018180 -0.155391830545291404
 0.128645109066618080 -0.149696700562347712
 0.133183833034375976 -0.143964411371338558
 0.137808748190964891 -0.138238390069959305
 0.142524379687345437 -0.132554814169005358
 0.147335491225083715 -0.126943203593726378
 0.152247102119448030 -0.121426900244341135
 0.157264505650830833 -0.116023428603138676
 0.162393288809196790 -0.110744792407891271
 0.167639353543673986 -0.105598618199358674
 0.173008939636976056 -0.100590247176319703
 0.178508649331902358 -0.957243381836709040E-01
 0.184145473844603558 -0.910045632132136656E-01
 0.189926821906297949 -0.864323906357912369E-01
 0.195860550481423701 -0.820074654750818366E-01
 0.201954997815341208 -0.777287259601231045E-01
 0.208219018968123892 -0.735949875879361587E-01
 0.214662023991960105 -0.696061596628429341E-01
 0.221294018907312928 -0.657641154355821378E-01
 0.228125649626040428 -0.620713331983691469E-01
 0.235168248956668657 -0.585273634471256063E-01
 0.242433886805965448 -0.551269662144184755E-01
 0.249935423659531253 -0.518645033558513754E-01
 0.257686567379129539 -0.487353891624452765E-01
 0.265701933292239012 -0.457348008122483718E-01
 0.273997107464953427 -0.428587672743703865E-01
 0.282588712937073661 -0.401041691630946717E-01
 0.291494478550786251 -0.374681187307288471E-01
 0.300733309812837302 -0.349489234208687216E-01
 0.310325360983985998 -0.325476089386448897E-01
 0.320292107275887084 -0.302634252768583072E-01
 0.330656415639321022 -0.280942029199376699E-01
 0.341442612131250156 -0.260385387403400531E-01
 0.352676543231464024 -0.240942745221897348E-01
 0.364385627720396954 -0.222563534453917508E-01
 0.376598894804481832 -0.205201558299262024E-01
 0.389347003060644958 -0.188810724390040888E-01
 0.402662233446409612 -0.173311268893818898E-01
 0.416578448072201457 -0.158616911023970637E-01
 0.431131004656285288 -0.144674794951636515E-01
 0.446356614599918045 -0.131495468228460637E-01
 0.462293130484153547 -0.119065452655370049E-01
 0.478979246603053799 -0.107371311463063251E-01
 0.496454094083784270 -0.964283837329395904E-02
 0.514756710468977419 -0.862630109620573550E-02
 0.533925362737153852 -0.768708036682844500E-02
 0.553996703141117930 -0.681664439285087700E-02
 0.575004739633996120 -0.600720278077504673E-02
 0.596979607850977034 -0.525815263747067378E-02
 0.619946140532487755 -0.457260999155377924E-02
 0.643922243792862670 -0.395508712509811972E-02
 0.668917108408850547 -0.340303795277748563E-02
 0.694929308450184635 -0.291189362992511514E-02
 0.721944868322298650 -0.247381045933189273E-02
 0.749935410556105575 -0.208480304834107255E-02
 0.778856526762241597 -0.174894592771987511E-02
 0.808646537709191593 -0.146587033042117065E-02
 0.839225818902016085 -0.123448464583466666E-02
 0.870496858588253319 -0.104732269643451449E-02
 0.902345180596794139 -0.901010742350853580E-03
 0.934641203204055193 -0.797779037596733215E-03
 0.967243021066621855 -0.737214820054182579E-03
 0.999999999999999556 -0.718526634892270415E-03
 1.03275697893337726 -0.739269222727816414E-03
 1.06535879679594414 -0.799410996584398520E-03
 1.09765481940320497 -0.904333729127773569E-03
 1.12950314141174601 -0.105157877151899610E-02
 1.16077418109798325 -0.124243570776271157E-02
 1.19135346229080774 -0.148253259387850188E-02
 1.22114347323775752 -0.176892435857299731E-02
 1.25006458944389376 -0.210141752115488786E-02
 1.27805513167770068 -0.248697599550478645E-02
 1.30507069154981470 -0.292823191333265028E-02
 1.33108289159114879 -0.342543200868339380E-02
 1.35607775620713644 -0.397978671434616720E-02
 1.38005385946751158 -0.459246190240513233E-02
 1.40302039214902230 -0.526940393954142619E-02
 1.42499526036600299 -0.601129894686741866E-02
 1.44600329685888118 -0.682042460895719658E-02
 1.46607463726284526 -0.769444772938149453E-02
 1.48524328953102192 -0.863104565448174869E-02
 1.50354590591621506 -0.964054700921475154E-02
 1.52102075339694531 -0.107274322382093831E-01
 1.53770686951584601 -0.118901265157560932E-01
 1.55364338540008129 -0.131348101636093451E-01
 1.56886899534371382 -0.144596866148781061E-01
 1.58342155192779788 -0.158604861111500683E-01
 1.59733776655359017 -0.173407187760550863E-01
 1.61065299693935415 -0.189078563157907623E-01
 1.62340110519551750 -0.205662934289579241E-01
 1.63561437227960260 -0.223170386494180480E-01
 1.64732345676853553 -0.241607496301152157E-01
 1.65855738786874918 -0.261001681435770946E-01
 1.66934358436067853 -0.281392731331644129E-01
 1.67970789272411247 -0.302801784607160673E-01
 1.68967463901601400 -0.325265095874853957E-01
 1.69926669018716248 -0.348851296806989425E-01
 1.70850552144921330 -0.373645830768742152E-01
 1.71741128706292590 -0.399718199075742506E-01
 1.72600289253504613 -0.427094136745455807E-01
 1.73429806670776032 -0.455792776503713068E-01
 1.74231343262087002 -0.485830133223972560E-01
 1.75006457634046853 -0.517210842831125686E-01
 1.75756611319403411 -0.549961304552198174E-01
 1.76483175104333090 -0.584116351776089518E-01
 1.77187435037395868 -0.619698668959966989E-01
 1.77870598109268663 -0.656722955863029145E-01
 1.78533797600803945 -0.695208994295110350E-01
 1.79178098103187544 -0.735189958170349434E-01
 1.79804500218465790 -0.776691836287474874E-01
 1.80413944951857586 -0.819718122663729842E-01
 1.81007317809370161 -0.864258258641520810E-01
 1.81585452615539600 -0.910294349061671476E-01
 1.82149135066809720 -0.957809959861904425E-01
 1.82699106036302350 -0.100678194610503272
 1.83236064645632535 -0.105716115046706291
 1.83760671119080277 -0.110886618877609699
 1.84273549434916850 -0.116179082761621380
 1.84775289788055153 -0.121581675085851035
 1.85266450877491584 -0.127081830738172669
 1.85747562031265367 -0.132665333260773066
 1.86219125180903466 -0.138314529741243947
 1.86681616696562358 -0.144006361031980251
 1.87135489093338148 -0.149709976029237996
 1.87581172618498138 -0.155384376050032497
 1.88019076728701284 -0.160977666960165827
 1.88449591465621968 -0.166427258270182260
 1.88873088737776040 -0.171659001385683657
 1.89289923515769787 -0.176585380857459673
 1.89700434947652008 -0.181103875403288400
 1.90104947400545554 -0.185095900705719074
 1.90503771434267422 -0.188426805929619468
 1.90897204712212654 -0.190947316354973279
 1.91285532854377660 -0.192496367420402520
 1.91669030237027949 -0.192905395536023455
 1.92047960743175627 -0.192004538190131829
 1.92422578467718974 -0.189631667177557056
 1.92793128380807777 -0.185645509624915578
 1.93159846952735892 -0.179943466467025359
 1.93522962743418470 -0.172483538339245762
 1.93882696959291567 -0.163308956641810471
 1.94239263980269272 -0.152573730337576902
 1.94592871859206551 -0.140566186741778815
 1.94943722796150132 -0.127725832170597631
 1.95292013589503810 -0.114646166479544329
 1.95637936066096163 -0.102055001708417220
 1.95981677492010453 -0.907623992444832051E-01
 1.96323420965923701 -0.815685074757614842E-01
 1.96663345796595213 -0.751271397298527294E-01
 1.97001627866054196 -0.717711974047517409E-01
 1.97338439979950442 -0.713256219601358654E-01
 1.97673952206458559 -0.729531341289548774E-01
 1.98008332205058002 -0.751025344597553574E-01
 1.98341745546455739 -0.756598038655512534E-01
 1.98674356024864895 -0.723140479609578196E-01
 1.99006325963809938 -0.632114332779359217E-01
 1.99337816516593191 -0.475701314954123447E-01
 1.99668987962525302 -0.259872451312438586E-01
 2.00000000000000000 0.987098884091453743E-06
