 0.000000000000000000E+00 0.000000000000000000E+00
 0.331012037474653908E-02 -0.108664389205727092E-01
 0.662183483406764140E-02 -0.101344732401322121
 0.993674036189995391E-02 -0.326689921190032651
 0.132564397513506016E-01 -0.730402280895856126
 0.165825445354421674E-01 -1.32452869237519222
 0.199166779494195367E-01 -2.10315447081082407
 0.232604779354139701E-01 -3.04434395908683308
 0.266156002004951375E-01 -4.11894487441200585
 0.299837213394578139E-01 -5.29346332443928169
 0.333665420340474306E-01 -6.53262242060405374
 0.367657903407625497E-01 -7.80118451016153358
 0.401832250798950241E-01 -9.06548846574422917
 0.436206393390381475E-01 -10.2948218519466614
 0.470798641049610112E-01 -11.4622232883299411
 0.505627720384977941E-01 -12.5451054665500941
 0.540712814079340465E-01 -13.5253981527931622
 0.576073601973068339E-01 -14.3894017467706679
 0.611730304070841058E-01 -15.1273711904912957
 0.647703725658153040E-01 -15.7330807934515580
 0.684015304726404150E-01 -16.2034220029530047
 0.720687161919215669E-01 -16.5379901430109157
 0.757742153228098125E-01 -16.7385654458471116
 0.795203925682432811E-01 -16.8085059732205480
 0.833096976297200698E-01 -16.7523187246014338
 0.871446714562229552E-01 -16.5756223546074182
 0.910279528778730196E-01 -16.2853928341990759
 0.949622856573255625E-01 -15.8901181333744610
 0.989505259945437921E-01 -15.3995791036475431
 0.102995650523479032 -14.8242056610425852
 0.107100764842301688 -14.1742249664044806
 0.111269112622238708 -13.4590784253000724
 0.115504085343779872 -12.6876412247924399
 0.119809232712986713 -11.8692119949072996
 0.124188273815018180 -11.0143370678480181
 0.128645109066618080 -10.1345618701427433
 0.133183833034375976 -9.24133227492933784
 0.137808748190964891 -8.34504246946807626
 0.142524379687345437 -7.45490526858618718
 0.147335491225083715 -6.57950193797772709
 0.152247102119448030 -5.72719031546311363
 0.157264505650830833 -4.90551908374487144
 0.162393288809196790 -4.12019837720867699
 0.167639353543673986 -3.37530911648759213
 0.173008939636976056 -2.67472048444732646
 0.178508649331902358 -2.02306631325056552
 0.184145473844603558 -1.42550064569874135
 0.189926821906297949 -0.886412570768450037
 0.195860550481423701 -0.407876044461516485
 0.201954997815341208 0.105040444871932238E-01
 0.208219018968123892 0.369687317663968729
 0.214662023991960105 0.670130093255043358
 0.221294018907312928 0.913171567103302606
 0.228125649626040428 1.10208848785359903
 0.235168248956668657 1.24088428393391470
 0.242433886805965448 1.33235697326633251
 0.249935423659531253 1.37848089581044531
 0.257686567379129539 1.38245966606058412
 0.265701933292239012 1.34733241732256426
 0.273997107464953427 1.27571499946204003
 0.282588712937073661 1.17273760295406526
 0.291494478550786251 1.04700175382675509
 0.300733309812837302 0.905229885562795711
 0.310325360983985998 0.747179972682079474
 0.320292107275887084 0.573953428837787216
 0.330656415639321022 0.391483106763734878
 0.341442612131250156 0.207288486625925389
 0.352676543231464024 0.236235745020448099E-01
 0.364385627720396954 -0.160534185729187873
 0.376598894804481832 -0.339459559169421332
 0.389347003060644958 -0.507141089974973536
 0.402662233446409612 -0.656791414214526581
 0.416578448072201457 -0.788280484058697106
 0.431131004656285288 -0.902909868786939573
 0.446356614599918045 -1.00231037742591300
 0.462293130484153547 -1.08463102410912882
 0.478979246603053799 -1.14817684579947277
 0.496454094083784270 -1.19248206134630008
 0.514756710468977419 -1.21793606095566398
 0.533925362737153852 -1.22572121465141404
 0.553996703141117930 -1.21682797907183859
 0.575004739633996120 -1.19281235147195686
 0.596979607850977034 -1.15399478871447614
 0.619946140532487755 -1.10408881851436980
 0.643922243792862670 -1.04310576512696196
 0.668917108408850547 -0.972302129243874158
 0.694929308450184635 -0.894361127233972653
 0.721944868322298650 -0.811446187644554229
 0.749935410556105575 -0.725173598286186327
 0.778856526762241597 -0.636201078200395398
 0.808646537709191593 -0.545532208260567142
 0.839225818902016085 -0.453773183061878360
 0.870496858588253319 -0.362306601881146273
 0.902345180596794139 -0.271068250698939084
 0.934641203204055193 -0.180446114118948869
 0.967243021066621855 -0.902352906868580662E-01
 0.999999999999999556 0.143351315540426528E-03
 1.03275697893337726 0.905410549432321549E-01
 1.06535879679594414 0.181680405010795687
 1.09765481940320497 0.272630419882666231
 1.12950314141174601 0.364809603920856262
 1.16077418109798325 0.458404328137781480
 1.19135346229080774 0.553373671671452572
 1.22114347323775752 0.647942510652554926
 1.25006458944389376 0.741503434052767085
 1.27805513167770068 0.832289160332076783
 1.30507069154981470 0.918623269993172120
 1.33108289159114879 0.996956931436251081
 1.35607775620713644 1.06592958963791840
 1.38005385946751158 1.12439824999448579
 1.40302039214902230 1.17213915539660274
 1.42499526036600299 1.20826247427067024
 1.44600329685888118 1.23175949207236912
 1.46607463726284526 1.23696883587182960
 1.48524328953102192 1.22446074505127567
 1.50354590591621506 1.19283790461631956
 1.52102075339694531 1.14110885003113860
 1.53770686951584601 1.07033460238509059
 1.55364338540008129 0.982303464193886922
 1.56886899534371382 0.875690505631642080
 1.58342155192779788 0.755480910452698828
 1.59733776655359017 0.620065120559769478
 1.61065299693935415 0.470967347352132470
 1.62340110519551750 0.306581600885312888
 1.63561437227960260 0.129013932827130556
 1.64732345676853553 -0.565995661764157262E-01
 1.65855738786874918 -0.247701244452079139
 1.66934358436067853 -0.439397602698981260
 1.67970789272411247 -0.631195952089391055
 1.68967463901601400 -0.819468963443508058
 1.69926669018716248 -0.997453820665682445
 1.70850552144921330 -1.15891364970537936
 1.71741128706292590 -1.29839416295177057
 1.72600289253504613 -1.41243232078062442
 1.73429806670776032 -1.49616989557946223
 1.74231343262087002 -1.54372645956833243
 1.75006457634046853 -1.55098123087811879
 1.75756611319403411 -1.51315602493335244
 1.76483175104333090 -1.42533730043802853
 1.77187435037395868 -1.28461556055572546
 1.77870598109268663 -1.08947261335747814
 1.78533797600803945 -0.838594210753358715
 1.79178098103187544 -0.530460414119855783
 1.79804500218465790 -0.164299808132950587
 1.80413944951857586 0.259959858189922455
 1.81007317809370161 0.742559628932255800
 1.81585452615539600 1.28371817146095468
 1.82149135066809720 1.88309267401568792
 1.82699106036302350 2.53914774476504723
 1.83236064645632535 3.24873185102242790
 1.83760671119080277 4.00723899909484604
 1.84273549434916850 4.80892454304129391
 1.84775289788055153 5.64695753606567497
 1.85266450877491584 6.51354891259013691
 1.85747562031265367 7.40043739431581837
 1.86219125180903466 8.29938538840646345
 1.86681616696562358 9.20229114586898511
 1.87135489093338148 10.1008305892196866
 1.87581172618498138 10.9859051495830595
 1.88019076728701284 11.8474109346845786
 1.88449591465621968 12.6744850413527281
 1.88873088737776040 13.4559391403916262
 1.89289923515769787 14.1806786648335059
 1.89700434947652008 14.8379971584174815
 1.90104947400545554 15.4176094305449265
 1.90503771434267422 15.9095216565914050
 1.90897204712212654 16.3040202039212154
 1.91285532854377660 16.5919222602050205
 1.91669030237027949 16.7649895607861694
 1.92047960743175627 16.8162959525191873
 1.92422578467718974 16.7404158611015212
 1.92793128380807777 16.5334192460066518
 1.93159846952735892 16.1927741230309330
 1.93522962743418470 15.7173489165853670
 1.93882696959291567 15.1077477097331929
 1.94239263980269272 14.3669824501231496
 1.94592871859206551 13.5012371147589256
 1.94943722796150132 12.5204022050280255
 1.95292013589503810 11.4382987814146322
 1.95637936066096163 10.2728270015553278
 1.95981677492010453 9.04613562226486145
 1.96323420965923701 7.78477088681821705
 1.96663345796595213 6.51927612652221455
 1.97001627866054196 5.28334098802371877
 1.97338439979950442 4.11221472956397083
 1.97673952206458559 3.04099416118919263
 1.98008332205058002 2.10273462007800882
 1.98341745546455739 1.32602877768540472
 1.98674356024864895 0.732485456001537583
 1.99006325963809938 0.328247275057783339
 1.99337816516593191 0.102031229140165186
 1.99668987962525302 0.109608394674811788E-01
 2.00000000000000000 0.000000000000000000E+00
