 0.000000000000000000E+00 0.000000000000000000E+00
 0.331012037474653908E-02 -0.452668687019801028E-06
 0.662183483406764140E-02 -0.874482293648702096E-05
 0.993674036189995391E-02 -0.405675819579186765E-04
 0.132564397513506016E-01 -0.115403472406506741E-03
 0.165825445354421674E-01 -0.249724497923498327E-03
 0.199166779494195367E-01 -0.455736093914974039E-03
 0.232604779354139701E-01 -0.739526368267585813E-03
 0.266156002004951375E-01 -0.110202192894863753E-02
 0.299837213394578139E-01 -0.153970415779606964E-02
 0.333665420340474306E-01 -0.204586728383583660E-02
 0.367657903407625497E-01 -0.261161714175613992E-02
 0.401832250798950241E-01 -0.322673758718910585E-02
 0.436206393390381475E-01 -0.388035137333033950E-02
 0.470798641049610112E-01 -0.456141373191038934E-02
 0.505627720384977941E-01 -0.525907212909947682E-02
 0.540712814079340465E-01 -0.596291906883068910E-02
 0.576073601973068339E-01 -0.666317204488660417E-02
 0.611730304070841058E-01 -0.735080974964487724E-02
 0.647703725658153040E-01 -0.801768393708940201E-02
 0.684015304726404150E-01 -0.865661102999753899E-02
 0.720687161919215669E-01 -0.926143435578790850E-02
 0.757742153228098125E-01 -0.982704921994923333E-02
 0.795203925682432811E-01 -0.103493880785087353E-01
 0.833096976297200698E-01 -0.108253738582424625E-01
 0.871446714562229552E-01 -0.112528526009475216E-01
 0.910279528778730196E-01 -0.116305159059968532E-01
 0.949622856573255625E-01 -0.119578232050103241E-01
 0.989505259945437921E-01 -0.122349355217897110E-01
 0.102995650523479032 -0.124626570371372467E-01
 0.107100764842301688 -0.126423578027433717E-01
 0.111269112622238708 -0.127758549534667323E-01
 0.115504085343779872 -0.128652743227534224E-01
 0.119809232712986713 -0.129129535188054131E-01
 0.124188273815018180 -0.129214189024858764E-01
 0.128645109066618080 -0.128933917511831735E-01
 0.133183833034375976 -0.128317512662720710E-01
 0.137808748190964891 -0.127394362893337946E-01
 0.142524379687345437 -0.126193345636396032E-01
 0.147335491225083715 -0.124742243429727204E-01
 0.152247102119448030 -0.123067812052247896E-01
 0.157264505650830833 -0.121195781843988562E-01
 0.162393288809196790 -0.119150168387626813E-01
 0.167639353543673986 -0.116952392517850091E-01
 0.173008939636976056 -0.114621223878115033E-01
 0.178508649331902358 -0.112173986804370053E-01
 0.184145473844603558 -0.109627949909718928E-01
 0.189926821906297949 -0.107000008451678778E-01
 0.195860550481423701 -0.104304816919950482E-01
 0.201954997815341208 -0.101553611251912878E-01
 0.208219018968123892 -0.987547413966542373E-02
 0.214662023991960105 -0.959145874897636766E-02
 0.221294018907312928 -0.930378058942835096E-02
 0.228125649626040428 -0.901276165960668979E-02
 0.235168248956668657 -0.871863018323799921E-02
 0.242433886805965448 -0.842154544349175971E-02
 0.249935423659531253 -0.812165645156678190E-02
 0.257686567379129539 -0.781916337059114855E-02
 0.265701933292239012 -0.751433675400237089E-02
 0.273997107464953427 -0.720731137887675646E-02
 0.282588712937073661 -0.689772871045594982E-02
 0.291494478550786251 -0.658499027812520753E-02
 0.300733309812837302 -0.626917847122205121E-02
 0.310325360983985998 -0.595155905936932926E-02
 0.320292107275887084 -0.563377768415906314E-02
 0.330656415639321022 -0.531738456120908753E-02
 0.341442612131250156 -0.500403104140353504E-02
 0.352676543231464024 -0.469524617650002134E-02
 0.364385627720396954 -0.439209733443663309E-02
 0.376598894804481832 -0.409511668437863730E-02
 0.389347003060644958 -0.380454591031292866E-02
 0.402662233446409612 -0.352053077778827737E-02
 0.416578448072201457 -0.324350631307489127E-02
 0.431131004656285288 -0.297423154024689359E-02
 0.446356614599918045 -0.271424003537015877E-02
 0.462293130484153547 -0.246446030037678326E-02
 0.478979246603053799 -0.222476322273396912E-02
 0.496454094083784270 -0.199606871565106503E-02
 0.514756710468977419 -0.178008360417078091E-02
 0.533925362737153852 -0.157760303763736947E-02
 0.553996703141117930 -0.138939085871841008E-02
 0.575004739633996120 -0.121620168518482758E-02
 0.596979607850977034 -0.105844197756808575E-02
 0.619946140532487755 -0.916292830500655092E-03
 0.643922243792862670 -0.788505141006985927E-03
 0.668917108408850547 -0.673672984046972106E-03
 0.694929308450184635 -0.571581935466899406E-03
 0.721944868322298650 -0.481246398826526607E-03
 0.749935410556105575 -0.400538502701734168E-03
 0.778856526762241597 -0.328605076868446601E-03
 0.808646537709191593 -0.265220264701348336E-03
 0.839225818902016085 -0.209789142482007414E-03
 0.870496858588253319 -0.160942024426211371E-03
 0.902345180596794139 -0.117142106132650138E-03
 0.934641203204055193 -0.769732944806303610E-04
 0.967243021066621855 -0.387811158100692237E-04
 0.999999999999999556 -0.149620287497295860E-05
 1.03275697893337726 0.358335608971865533E-04
 1.06535879679594414 0.744596917443716765E-04
 1.09765481940320497 0.115841039731309854E-03
 1.12950314141174601 0.161727568656443784E-03
 1.16077418109798325 0.212864815144711171E-03
 1.19135346229080774 0.269132637261551414E-03
 1.22114347323775752 0.331710537595895948E-03
 1.25006458944389376 0.402762819938281527E-03
 1.27805513167770068 0.483289258350827738E-03
 1.30507069154981470 0.573211321303495973E-03
 1.33108289159114879 0.672585138683406514E-03
 1.35607775620713644 0.782946141384720197E-03
 1.38005385946751158 0.907672578797199723E-03
 1.40302039214902230 0.104796965028847275E-02
 1.42499526036600299 0.120276547539192760E-02
 1.44600329685888118 0.137170780843220400E-02
 1.46607463726284526 0.155566000093188017E-02
 1.48524328953102192 0.175433277051832226E-02
 1.50354590591621506 0.196722841820158936E-02
 1.52102075339694531 0.219378115357745816E-02
 1.53770686951584601 0.243363366382944642E-02
 1.55364338540008129 0.268591264656575400E-02
 1.56886899534371382 0.294889181121548534E-02
 1.58342155192779788 0.322054149738550686E-02
 1.59733776655359017 0.349974414218104813E-02
 1.61065299693935415 0.378609615308568570E-02
 1.62340110519551750 0.407878505704492751E-02
 1.63561437227960260 0.437647108804420371E-02
 1.64732345676853553 0.467736380161987587E-02
 1.65855738786874918 0.498028272454081617E-02
 1.66934358436067853 0.528392854453472744E-02
 1.67970789272411247 0.558692235067454607E-02
 1.68967463901601400 0.588897383746468921E-02
 1.69926669018716248 0.619069226194762616E-02
 1.70850552144921330 0.649241411590329408E-02
 1.71741128706292590 0.679383218955797053E-02
 1.72600289253504613 0.709447758014054245E-02
 1.73429806670776032 0.739408084280090451E-02
 1.74231343262087002 0.769253756989328463E-02
 1.75006457634046853 0.798966335989841764E-02
 1.75756611319403411 0.828509521742853451E-02
 1.76483175104333090 0.857860135650244382E-02
 1.77187435037395868 0.887015500138320714E-02
 1.77870598109268663 0.915962349720657841E-02
 1.78533797600803945 0.944665508096917059E-02
 1.79178098103187544 0.973082672528635326E-02
 1.79804500218465790 0.100117000099465212E-01
 1.80413944951857586 0.102887359199777678E-01
 1.81007317809370161 0.105611529829995401E-01
 1.81585452615539600 0.108278038451742071E-01
 1.82149135066809720 0.110871863120295695E-01
 1.82699106036302350 0.113375716570725763E-01
 1.83236064645632535 0.115771125160925876E-01
 1.83760671119080277 0.118038643094476002E-01
 1.84273549434916850 0.120157193084933379E-01
 1.84775289788055153 0.122103130278558656E-01
 1.85266450877491584 0.123850065692431618E-01
 1.85747562031265367 0.125369781607300498E-01
 1.86219125180903466 0.126633611581715121E-01
 1.86681616696562358 0.127613297253536730E-01
 1.87135489093338148 0.128280940269530717E-01
 1.87581172618498138 0.128608694188034525E-01
 1.88019076728701284 0.128568931665502973E-01
 1.88449591465621968 0.128134885517980097E-01
 1.88873088737776040 0.127281399581421380E-01
 1.89289923515769787 0.125985600576730365E-01
 1.89700434947652008 0.124227480460391317E-01
 1.90104947400545554 0.121990438420412194E-01
 1.90503771434267422 0.119261887332326073E-01
 1.90897204712212654 0.116034007748230857E-01
 1.91285532854377660 0.112304578753693717E-01
 1.91669030237027949 0.108077800055862774E-01
 1.92047960743175627 0.103365165039349602E-01
 1.92422578467718974 0.981864779583650933E-02
 1.92793128380807777 0.925709327745950251E-02
 1.93159846952735892 0.865579951496535209E-02
 1.93522962743418470 0.801978681477084551E-02
 1.93882696959291567 0.735515676273073779E-02
 1.94239263980269272 0.666907202484059818E-02
 1.94592871859206551 0.596970956057400314E-02
 1.94943722796150132 0.526617739709143995E-02
 1.95292013589503810 0.456839203733360680E-02
 1.95637936066096163 0.388691594096406742E-02
 1.95981677492010453 0.323274804466670276E-02
 1.96323420965923701 0.261704738752248237E-02
 1.96663345796595213 0.205075732287509412E-02
 1.97001627866054196 0.154410252834700926E-02
 1.97338439979950442 0.110592832763518542E-02
 1.97673952206458559 0.742857419267259345E-03
 1.98008332205058002 0.458348320941086122E-03
 1.98341745546455739 0.251506981178728950E-03
 1.98674356024864895 0.116390381801346292E-03
 1.99006325963809938 0.409642277552912733E-04
 1.99337816516593191 0.883823256549906229E-05
 1.99668987962525302 0.457787708665544302E-06
 2.00000000000000000 0.000000000000000000E+00
