 0.000000000000000000E+00 -0.265241560579645336E-04
 0.331012037474653908E-02 -0.125788709877003094E-01
 0.662183483406764140E-02 -0.385981431593083874E-01
 0.993674036189995391E-02 -0.637972971829516844E-01
 0.132564397513506016E-01 -0.813119284271341669E-01
 0.165825445354421674E-01 -0.880627647054818830E-01
 0.199166779494195367E-01 -0.844900433583840038E-01
 0.232604779354139701E-01 -0.725691535177218766E-01
 0.266156002004951375E-01 -0.549463628495118345E-01
 0.299837213394578139E-01 -0.341746780485649715E-01
 0.333665420340474306E-01 -0.123735390137276816E-01
 0.367657903407625497E-01 0.889893495117454088E-02
 0.401832250798950241E-01 0.286062287700259293E-01
 0.436206393390381475E-01 0.461386152338496489E-01
 0.470798641049610112E-01 0.612003053491188762E-01
 0.505627720384977941E-01 0.737108926361734612E-01
 0.540712814079340465E-01 0.837274960986309075E-01
 0.576073601973068339E-01 0.913894223105615189E-01
 0.611730304070841058E-01 0.968811158488660923E-01
 0.647703725658153040E-01 0.100408313660945755
 0.684015304726404150E-01 0.102183394555268953
 0.720687161919215669E-01 0.102417110303318626
 0.757742153228098125E-01 0.101314188923218765
 0.795203925682432811E-01 0.990705597206502503E-01
 0.833096976297200698E-01 0.958710260408949522E-01
 0.871446714562229552E-01 0.918868561786398974E-01
 0.910279528778730196E-01 0.872735699842215190E-01
 0.949622856573255625E-01 0.821695916100159685E-01
 0.989505259945437921E-01 0.766958148135908901E-01
 0.102995650523479032 0.709557586036078519E-01
 0.107100764842301688 0.650368103431958056E-01
 0.111269112622238708 0.590131635042564842E-01
 0.115504085343779872 0.529500498322584556E-01
 0.119809232712986713 0.469071935446305627E-01
 0.124188273815018180 0.409393840832775607E-01
 0.128645109066618080 0.350947934578519707E-01
 0.133183833034375976 0.294138699776898029E-01
 0.137808748190964891 0.239306252732641236E-01
 0.142524379687345437 0.186760863602111887E-01
 0.147335491225083715 0.136817619446182471E-01
 0.152247102119448030 0.898021364624896311E-02
 0.157264505650830833 0.460217687626595599E-02
 0.162393288809196790 0.573096675938068040E-03
 0.167639353543673986 -0.309019476245189295E-02
 0.173008939636976056 -0.638070553286284453E-02
 0.178508649331902358 -0.929849532132450037E-02
 0.184145473844603558 -0.118509909345790917E-01
 0.189926821906297949 -0.140571191409322848E-01
 0.195860550481423701 -0.159463330564784435E-01
 0.201954997815341208 -0.175470791654353669E-01
 0.208219018968123892 -0.188748364518346798E-01
 0.214662023991960105 -0.199374385366759867E-01
 0.221294018907312928 -0.207463746346871342E-01
 0.228125649626040428 -0.213159731282924758E-01
 0.235168248956668657 -0.216613001653089554E-01
 0.242433886805965448 -0.217962170274502293E-01
 0.249935423659531253 -0.217293163416199357E-01
 0.257686567379129539 -0.214711644436259841E-01
 0.265701933292239012 -0.210450026864875649E-01
 0.273997107464953427 -0.204830262475810682E-01
 0.282588712937073661 -0.198139493249401590E-01
 0.291494478550786251 -0.190671490971974639E-01
 0.300733309812837302 -0.182686338729804269E-01
 0.310325360983985998 -0.174375072477458426E-01
 0.320292107275887084 -0.165906961951212857E-01
 0.330656415639321022 -0.157351089697417117E-01
 0.341442612131250156 -0.148554874940613757E-01
 0.352676543231464024 -0.139464165452888571E-01
 0.364385627720396954 -0.130440241922165582E-01
 0.376598894804481832 -0.121758061801141102E-01
 0.389347003060644958 -0.113224603874810276E-01
 0.402662233446409612 -0.104771861275566626E-01
 0.416578448072201457 -0.967542269119693599E-02
 0.431131004656285288 -0.895337846648953245E-02
 0.446356614599918045 -0.829890955910539407E-02
 0.462293130484153547 -0.767633625160280778E-02
 0.478979246603053799 -0.706630627277349179E-02
 0.496454094083784270 -0.644576705036309372E-02
 0.514756710468977419 -0.583203925878946882E-02
 0.533925362737153852 -0.526580767189027688E-02
 0.553996703141117930 -0.473846680205723854E-02
 0.575004739633996120 -0.422727404121935393E-02
 0.596979607850977034 -0.375267757663961567E-02
 0.619946140532487755 -0.333241340343832376E-02
 0.643922243792862670 -0.296715449696408192E-02
 0.668917108408850547 -0.264967472770638200E-02
 0.694929308450184635 -0.235803713576334057E-02
 0.721944868322298650 -0.209565245809784388E-02
 0.749935410556105575 -0.187435565453966972E-02
 0.778856526762241597 -0.171532371770385483E-02
 0.808646537709191593 -0.162158127747829900E-02
 0.839225818902016085 -0.157134358434043758E-02
 0.870496858588253319 -0.152465613664129777E-02
 0.902345180596794139 -0.147439270918126530E-02
 0.934641203204055193 -0.144522437356218785E-02
 0.967243021066621855 -0.143923755666078962E-02
 0.999999999999999556 -0.143882636861500900E-02
 1.03275697893337726 -0.144528403445093085E-02
 1.06535879679594414 -0.145346131471901265E-02
 1.09765481940320497 -0.147095942874980821E-02
 1.12950314141174601 -0.152170400469745230E-02
 1.16077418109798325 -0.159107610557451796E-02
 1.19135346229080774 -0.166025511077489839E-02
 1.22114347323775752 -0.174984713081251003E-02
 1.25006458944389376 -0.190979650789389584E-02
 1.27805513167770068 -0.212691391424678399E-02
 1.30507069154981470 -0.234780203445715801E-02
 1.33108289159114879 -0.256756844860418776E-02
 1.35607775620713644 -0.283250573916583913E-02
 1.38005385946751158 -0.317373348067058860E-02
 1.40302039214902230 -0.356470598114368414E-02
 1.42499526036600299 -0.401929986513258411E-02
 1.44600329685888118 -0.450890286226940645E-02
 1.46607463726284526 -0.499765564144308023E-02
 1.48524328953102192 -0.552483552870941443E-02
 1.50354590591621506 -0.612825438551917699E-02
 1.52102075339694531 -0.682853863595410133E-02
 1.53770686951584601 -0.759092506071979128E-02
 1.55364338540008129 -0.837129053732916899E-02
 1.56886899534371382 -0.915474841351727672E-02
 1.58342155192779788 -0.993092177209108778E-02
 1.59733776655359017 -0.106916442388990760E-01
 1.61065299693935415 -0.114617144521632023E-01
 1.62340110519551750 -0.122610587785810052E-01
 1.63561437227960260 -0.130790562674245586E-01
 1.64732345676853553 -0.138962466406660143E-01
 1.65855738786874918 -0.147026159504384281E-01
 1.66934358436067853 -0.155080177007015894E-01
 1.67970789272411247 -0.163291977804618516E-01
 1.68967463901601400 -0.171526687266325868E-01
 1.69926669018716248 -0.179455571183181894E-01
 1.70850552144921330 -0.186798257930968700E-01
 1.71741128706292590 -0.193435914322292214E-01
 1.72600289253504613 -0.199321601105158612E-01
 1.73429806670776032 -0.204331325578850434E-01
 1.74231343262087002 -0.208296992226817967E-01
 1.75006457634046853 -0.211066585479415258E-01
 1.75756611319403411 -0.212517182149929429E-01
 1.76483175104333090 -0.212480517529297364E-01
 1.77187435037395868 -0.210717728128034312E-01
 1.77870598109268663 -0.206890399431610347E-01
 1.78533797600803945 -0.200569871578293417E-01
 1.79178098103187544 -0.191332573388636046E-01
 1.79804500218465790 -0.178902363966213056E-01
 1.80413944951857586 -0.163197416627154993E-01
 1.81007317809370161 -0.144185578839814421E-01
 1.81585452615539600 -0.121777920731215589E-01
 1.82149135066809720 -0.958400915587892706E-02
 1.82699106036302350 -0.662415114126490862E-02
 1.83236064645632535 -0.329147705913311866E-02
 1.83760671119080277 0.411320929816829338E-03
 1.84273549434916850 0.447375161230241774E-02
 1.84775289788055153 0.888169904934787632E-02
 1.85266450877491584 0.136200627256632973E-01
 1.85747562031265367 0.186716209464862261E-01
 1.86219125180903466 0.240141470143336866E-01
 1.86681616696562358 0.296182890934288540E-01
 1.87135489093338148 0.354476341890773150E-01
 1.87581172618498138 0.414592190501869989E-01
 1.88019076728701284 0.476030383674823573E-01
 1.88449591465621968 0.538218510695800817E-01
 1.88873088737776040 0.600512963521572032E-01
 1.89289923515769787 0.662199241659700982E-01
 1.89700434947652008 0.722501305896087048E-01
 1.90104947400545554 0.780589482659583417E-01
 1.90503771434267422 0.835564396726085068E-01
 1.90897204712212654 0.886421025308569560E-01
 1.91285532854377660 0.932020228792053429E-01
 1.91669030237027949 0.971072000405149849E-01
 1.92047960743175627 0.100212357709754535
 1.92422578467718974 0.102355795964062163
 1.92793128380807777 0.103360248165489318
 1.93159846952735892 0.103034258628075401
 1.93522962743418470 0.101173968288256907
 1.93882696959291567 0.975660535924115085E-01
 1.94239263980269272 0.919934009422619520E-01
 1.94592871859206551 0.842453956671023879E-01
 1.94943722796150132 0.741343151543391587E-01
 1.95292013589503810 0.615199728563677189E-01
 1.95637936066096163 0.463467491136750898E-01
 1.95981677492010453 0.286988306063384602E-01
 1.96323420965923701 0.887849897714938774E-02
 1.96663345796595213 -0.124948497002434732E-01
 1.97001627866054196 -0.343731098323354495E-01
 1.97338439979950442 -0.551889010688290382E-01
 1.97673952206458559 -0.728217919779691053E-01
 1.98008332205058002 -0.847292043855269600E-01
 1.98341745546455739 -0.882819560629327232E-01
 1.98674356024864895 -0.815158297047072627E-01
 1.99006325963809938 -0.639815434006955758E-01
 1.99337816516593191 -0.387367063149974822E-01
 1.99668987962525302 -0.126339699072768232E-01
 2.00000000000000000 -0.267104736608935207E-04
