 765.616912750328311
 755.973373370846048
 742.380385109428289
 725.995094441387664
 707.814858226531783
 688.624903980793647
 669.006803467461054
 649.374742773458024
 630.014042051354068
 611.112472613442037
 592.788148902121748
 575.109389528048951
 558.109189723803524
 541.796846051034777
 526.165369720305193
 511.197258184108364
 496.868456147474490
 483.151029358470396
 470.015392237800370
 457.431452777046161
 445.369491088489497
 433.800758143105043
 422.697694352339852
 412.034172624811333
 401.785438785507495
 391.928181799786330
 382.440551505600638
 373.302202881591938
 364.494254907937488
 355.999231594406865
 347.800967502051094
 339.884511041688199
 332.235953083191589
 324.842295179799066
 317.691339826783349
 310.771637694565072
 304.072410104466030
 297.583513757213268
 291.295390494057017
 285.198991258997637
 279.285700139929872
 273.547316348287325
 267.976082854496156
 262.564708516077758
 257.306362011874455
 252.194622780567414
 247.223384995804963
 242.386770056523574
 237.679106722883205
 233.094961919799516
 228.629181208286610
 224.276921634867762
 220.033670581306950
 215.895243594230124
 211.857784782817333
 207.917756000210090
 204.071912622273402
 200.317299695794674
 196.651269042255848
 193.071466140466242
 189.575766489477672
 186.162167456069625
 182.828656045136881
 179.573091130829965
 176.393147020551311
 173.286338549138463
 170.250114723691837
 167.281977568253382
 164.379569911131142
 161.540700756734196
 158.763326037335275
 156.045532621838873
 153.385551624438648
 150.781798151257163
 148.232902895458551
 145.737674958785078
 143.294972003237177
 140.903509733891809
 138.561695911222529
 136.267566066439088
 134.018847221312853
 131.813140027610729
 129.648146855736542
 127.521859287852024
 125.432658644944084
 123.379320158351788
 121.360958504286927
 119.376946977124391
 117.426822889258588
 115.510201078074985
 113.626700355665108
 111.775870468960775
 109.957137889878965
 108.169806612113860
 106.413111410758759
 104.686284589030123
 102.988608523898606
 101.319441123831822
 99.6782164487743358
 98.0644376061591885
 96.4776713264823940
 94.9175220585757558
 93.3835603387801854
 91.8752342795953325
 90.3918260091503640
 88.9324790468373578
 87.4962964552539262
 86.0824821751413083
 84.6904647667334700
 83.3199492617304571
 81.9708879803751813
 80.6434158876996747
 79.3378023568378126
 78.0544215716719236
 76.7937274992290639
 75.5562286335128732
 74.3424580545252951
 73.1529298533878318
 71.9880752386742699
 70.8481621970865660
 69.7332162960195490
 68.6429696982174988
 67.5768646859732911
 66.5341026723608309
 65.5137007606350323
 64.5145408556847570
 63.5354338672442651
 62.5752093799646900
 61.6328113384346423
 60.7073723985069122
 59.7982538018313150
 58.9050521995759624
 58.0275641873720929
 57.1657072785369635
 56.3194289329199975
 55.4886161880815223
 54.6729980138379545
 53.8720612280528002
 53.0850236396023973
 52.3108782843646196
 51.5484984506336090
 50.7967920716580963
 50.0548716989558784
 49.3221777202848486
 48.5984910625832640
 47.8838134716287058
 47.1781784793222485
 46.4815015427093172
 45.7935286326499735
 45.1138651617972499
 44.4420461362473844
 43.7776204292095841
 43.1202050698046833
 42.4694850618584923
 41.8252013768361337
 41.1871768603618946
 40.5553692660455027
 39.9298813550965761
 39.3109093990655794
 38.6986638370741574
 38.0932869237327694
 37.4948045269749315
 36.9031188307924722
 36.3180420172965839
 35.7393568073782006
 35.1668405372052462
 34.6002494516614760
 34.0393060446334843
 33.4837238589656749
 32.9332464983075326
 32.3876744915994834
 31.8468850552344342
 31.3108453221512697
 30.7796112145786580
 30.2533093692662085
 29.7321076656029355
 29.2161931610169177
 28.7057526298766419
 28.2009209461119106
 27.7016926101927901
 27.2078366913509555
 26.7188558261852798
 26.2340056109882305
 25.7523635295052813
 25.2729389701491982
 24.7948224713580778
 24.3173392034769016
 23.8401394660103527
 23.3631902445845796
 22.8866929764005107
 22.4109779656028607
 21.9364221817176599
 21.4634094880571986
 20.9923208888057538
 20.5235291139553162
 20.0573808232786490
 19.5941681149056528
 19.1341011953958180
 18.6772926751876689
 18.2237625024931162
 17.7734714211457288
 17.3263826015826687
 16.8825436617654319
 16.4421550032692529
 16.0055711556240041
 15.5732179317693404
 15.1454740163728125
 14.7225764531162646
 14.3045722475584647
 13.8913158703274782
 13.4825153814260972
 13.0778073814466342
 12.6768137493387645
 12.2791583476904993
 11.8844753449173997
 11.4924455364106795
 11.1028578557585575
 10.7156732055336512
 10.3310616557304566
 9.94938114604761026
 9.57110524651462136
 9.19674684754710370
 8.82681801056038751
 8.46182493923520163
 8.10226334525493996
 7.74858620916164753
 7.40115467664903015
 7.06019874208115272
 6.72580163044927382
 6.39790689478720154
 6.07633868747737615
 5.76082026415965398
 5.45098750410852251
 5.14640825295860616
 4.84660613811415697
 4.55106454934626559
 4.25920054466598863
 3.97033816124052175
 3.68372594837079603
 3.39861728186605827
 3.11438753134349211
 2.83063411602158244
 2.54721965604447131
 2.26424287241301814
 1.98195001797939652
 1.70062766560606415
 1.42051729348445321
 1.14176876094929369
 0.864430493239817577
 0.588460810485838093
 0.313745455486904024
 0.401132599494686340E-01
 -0.232649374496817024
 -0.504776491613079581
 -0.776483690274373917
 -1.04791971588494781
 -1.31912722008554884
 -1.59003200042572224
 -1.86047846247150428
 -2.13029905998473934
 -2.39937275519539028
 -2.66764764787190423
 -2.93513739866419598
 -3.20191537051270592
 -3.46812127750935062
 -3.73396407202609915
 -3.99968794687444040
 -4.26550230434183053
 -4.53150271347971856
 -4.79760332132972600
 -5.06349459919781175
 -5.32863743971900305
 -5.59230583944860893
 -5.85368074468090782
 -6.11195767486201813
 -6.36642133145716205
 -6.61647317931283219
 -6.86162879145703108
 -7.10151279886261921
 -7.33586931546651488
 -7.56458686731088115
 -7.78772403132533597
 -8.00552011240063699
 -8.21838416586497900
 -8.42685412745485252
 -8.63152437253485161
 -8.83295873932104492
 -9.03161873380586577
 -9.22783609938664462
 -9.42183770521009478
 -9.61378781854713083
 -9.80380594941818906
 -9.99194790551373124
 -10.1781645201667867
 -10.3622679230088792
 -10.5439317337567839
 -10.7227262070419318
 -10.8981753704151298
 -11.0698226991288671
 -11.2373010228792545
 -11.4003991661729511
 -11.5591117678366597
 -11.7136669744047470
 -11.8645232941595733
 -12.0123181618941519
 -12.1577743311679232
 -12.3015996051059240
 -12.4444154240778833
 -12.5867196019718470
 -12.7288815913506514
 -12.8711787363923431
 -13.0138568997160888
 -13.1571687973770644
 -13.3013602419155603
 -13.4466162769850861
 -13.5929984832197412
 -13.7404052663697129
 -13.8885842756797704
 -14.0371921932367041
 -14.1858760626174991
 -14.3343464492848387
 -14.4824143912558903
 -14.6299800648582981
 -14.7769881804905143
 -14.9233685980258546
 -15.0689626115901678
 -15.2134688780128098
 -15.3564620377020233
 -15.4974775452601676
 -15.6361252608645884
 -15.7721939035171328
 -15.9057096146833956
 -16.0369249321464409
 -16.1662460081794563
 -16.2941239571279901
 -16.4209568042550096
 -16.5470398172076294
 -16.6725537467252458
 -16.7975651927517546
 -16.9220260144645884
 -17.0457749429206871
 -17.1685614745468769
 -17.2901012159735821
 -17.4101398494612738
 -17.5284884619711292
 -17.6450199347270100
 -17.7596327512630090
 -17.8722000446973865
 -17.9825567007701110
 -18.0905695698087285
 -18.1962414266676511
 -18.2997652476334558
 -18.4014997760431633
 -18.5018899243806949
 -18.6013741412485345
 -18.7003121507071128
 -18.7989531348612573
 -18.8974232219979505
 -18.9956928230519395
 -19.0935513719324987
 -19.1905950892016364
 -19.2862747445578862
 -19.3800080899574141
 -19.4713018566604390
 -19.5598449504494880
 -19.6455071674994777
 -19.7282255952620602
 -19.8078296726148722
 -19.8839067339177866
 -19.9557784374361411
 -20.0225703044328434
 -20.0833326721983063
 -20.1371686323824832
 -20.1833331682174553
 -20.2212811160785861
 -20.2506521232138432
 -20.2711915483734053
 -20.2826498158950770
 -20.2847128556793486
 -20.2769669100300263
 -20.2588642316438268
 -20.2296898450710643
 -20.1885567643083128
 -20.1344432405506240
 -20.0662606456824051
 -19.9829352827985680
 -19.8834907307899620
 -19.7671175334837343
 -19.6332039873310151
 -19.4813376085597731
 -19.3113111761718628
 -19.1231354509588023
 -18.9170318257299037
 -18.6933798540897520
 -18.4526269074713341
 -18.1951977255107593
 -17.9214336396158167
 -17.6315716297729494
 -17.3257408145646146
 -17.0039509024517201
 -16.6660711177991629
 -16.3118131343710289
 -15.9407162387814747
 -15.5521339061281179
 -15.1452437686746144
 -14.7191108088418439
 -14.2727972185752723
 -13.8054730519210320
 -13.3164721145749407
 -12.8052718308917246
 -12.2714146861663540
 -11.7144139138261529
 -11.1336906942974405
 -10.5285647214474380
 -9.89827919164734205
 -9.24204122131417272
 -8.55906085531610117
 -7.84857264892168338
 -7.10984811628566238
 -6.34223111003265139
 -5.54517324631553343
 -4.71821687885851215
 -3.86091537856267708
 -2.97272469173140408
 -2.05290249568755501
 -1.10043410055414315
 -0.113984325329475319
 0.908126050244926208
 1.96791765694516685
 3.06771334996858336
 4.21005104885848791
 5.39753404536136561
 6.63265289359006882
 7.91765237620688911
 9.25451848479034034
 10.6451048967894586
 12.0913240323423725
 13.5952942975469480
 15.1593910644822607
 16.7861988958829791
 18.4784205434697633
 20.2388069746539578
 22.0701567894607393
 23.9753894481934182
 25.9576264638023488
 28.0202061998525416
 30.1666167059867831
 32.4003854142909162
 34.7250180051445128
 37.1440403413422970
 39.6611227089524689
 42.2802014105490471
 45.0055499121238682
 47.8418060830688390
 50.7939843034670488
 53.8674922905501603
 57.0681454057353008
 60.4021639012511216
 63.8761775945657249
 67.4972543560924834
 71.2729382636016453
 75.2112644249597082
 79.3207458456957397
 83.6103395862038354
 88.0894580752207190
 92.7680614584147065
 97.6568126308707321
 102.767242964555592
 108.111859747412183
 113.704154070499499
 119.558564595294328
 125.690449149112396
 132.116095473240563
 138.852758954865436
 145.918742690397693
 153.333504856828711
 161.117768245692218
 169.293635535856566
 177.884763409221449
 186.916573449916910
 196.416486140871115
 206.414131041369473
 216.941481558618392
 228.032884469393593
 239.725052727892887
 252.057041027115588
 265.070241964213324
 278.808391544794176
 293.317547854554789
 308.645933477983988
 324.843553755171058
 341.961453815954201
 360.050552492903705
 379.159928297502631
 399.334478500534544
 420.611702264514747
 443.017344197764771
 466.559431764919850
 491.220462286824386
 516.946905762166466
 543.635599084009186
 571.116953876688967
 599.134473031910602
 627.321741803905070
 655.177834234241800
 682.045100080789325
 707.098257935252036
 729.354444314661350
 747.726547112382377
 761.144242528429686
 768.752339215743746
 770.158834861366017
