   25.604814368248896     
   25.585316051172430     
   25.527610817816896     
   25.433891690990428     
   25.307347506972700     
   25.151710005133324     
   24.970876569713010     
   24.768650586728775     
   24.548582784240743     
   24.313889344504286     
   24.067421830056563     
   23.811669052999331     
   23.548777977829857     
   23.280584193868808     
   23.008646101110717     
   22.734279635764796     
   22.458590999927726     
   22.182506563825459     
   21.906799448328908     
   21.632112684133840     
   21.358979158446054     
   21.087838701922813     
   20.819052644257418     
   20.552916227149957     
   20.289669040036408     
   20.029503796941459     
   19.772573639564808     
   19.518998246250764     
   19.268868973041631     
   19.022253222135888     
   18.779198165628085     
   18.539733892074384     
   18.303876021601660     
   18.071627875634398     
   17.842982290248283     
   17.617923188217873     
   17.396426956892565     
   17.178463661677437     
   16.963998110382366     
   16.752990771874479     
   16.545398557662701     
   16.341175491238179     
   16.140273314244514     
   15.942642060305326     
   15.748230593882775     
   15.556987088644265     
   15.368859411708303     
   15.183795392886712     
   15.001742995185538     
   14.822650438603235     
   14.646466326862541     
   14.473139797772646     
   14.302620693543957     
   14.134859723129924     
   13.969808580237340     
   13.807420007112082     
   13.647647812997283     
   13.490446859477119     
   13.335773012515224     
   13.183583052918893     
   13.033834543610622     
   12.886485675483605     
   12.741495102697638     
   12.598821769467305     
   12.458424740888452     
   12.320263088209028     
   12.184295894750637     
   12.050482414167263     
   11.918782329150554     
   11.789156016684244     
   11.661564729150232     
   11.535970654878328     
   11.412336876549054     
   11.290627289718943     
   11.170806532174302     
   11.052839939526260     
   10.936693491526826     
   10.822333705803709     
   10.709727461263817     
   10.598841799966216     
   10.489643793035476     
   10.382100557570702     
   10.276179448479335     
   10.171848382184688     
   10.069076198757021     
   9.9678329788286817     
   9.8680902588585901     
   9.7698211324130835     
   9.6730002422223436     
   9.5776036889839844     
   9.4836088790882282     
   9.3909943326770513     
   9.2997394662161259     
   9.2098243840966170     
   9.1212297106845579     
   9.0339364802755657     
   8.9479260676553327     
   8.8631801429718369     
   8.7796806431154195     
   8.6974097692212986     
   8.6163500026949240     
   8.5364841253727661     
   8.4577952187974255     
   8.3802666322576069     
   8.3038819265291401     
   8.2286248328244493     
   8.1544792608735897     
   8.0814293804759672     
   8.0094597666587539     
   7.9385555718286742     
   7.8687026643573699     
   7.7998877004634704     
   7.7320981262677870     
   7.6653221348000189     
   7.5995485907417368     
   7.5347669286809742     
   7.4709670181610415     
   7.4081389944460270     
   7.3462730482974230     
   7.2853591856619770     
   7.2253869779398769     
   7.1663453443234406     
   7.1082224014012212     
   7.0510054072858495     
   6.9946807974467493     
   6.9392342963992935     
   6.8846510767827001     
   6.8309159518546902     
   6.7780135832760662     
   6.7259286842830344     
   6.6746461910655750     
   6.6241513893936039     
   6.5744299837868354     
   6.5254681134881025     
   6.4772523251621124     
   6.4297695244689423     
   6.3830069090235755     
   6.3369518790217709     
   6.2915919259501241     
   6.2469145317133368     
   6.2029071202644257     
   6.1595570948524880     
   6.1168519536883545     
   6.0747794520753082     
   6.0333277518704529     
   5.9924855032742181     
   5.9522418190126771     
   5.9125861534664921     
   5.8735081391084956     
   5.8349974567950209     
   5.7970437906049010     
   5.7596368856098348     
   5.7227666897337039     
   5.6864235321147882     
   5.6505982836325028     
   5.6152824788790019     
   5.5804683946886762     
   5.5461490828047566     
   5.5123183039611652     
   5.4789703639909932     
   5.4460999036912945     
   5.4137016868912768     
   5.3817704251326974     
   5.3503006724947824     
   5.3192868077988678     
   5.2887230938776346     
   5.2586037599857400     
   5.2289230639242170     
   5.1996753111878773     
   5.1708548541817150     
   5.1424560987741943     
   5.1144735412339530     
   5.0869018319396595     
   5.0597358470359612     
   5.0329707340830847     
   5.0066019158084627     
   4.9806250507518524     
   4.9550359676359150     
   4.9298305814656489     
   4.9050047971251738     
   4.8805544024409162     
   4.8564749752027208     
   4.8327618384509838     
   4.8094100992087343     
   4.7864147766369420     
   4.7637710045662542     
   4.7414742687802871     
   4.7195206337929818     
   4.6979068965740565     
   4.6766306200351879     
   4.6556900361731621     
   4.6350838612840821     
   4.6148110805505587     
   4.5948707617402276     
   4.5752619301083088     
   4.5559835179385582     
   4.5370343680928311     
   4.5184132658837859     
   4.5001189727424586     
   4.4821502536294098     
   4.4645059019588276     
   4.4471847815080654     
   4.4301858946863648     
   4.4135084731109062     
   4.3971520626409379     
   4.3811165756477823     
   4.3654022866072388     
   4.3500097707333429     
   4.3349397928446933     
   4.3201931652012417     
   4.3057705961835113     
   4.2916725641386453     
   4.2778992379459559     
   4.2644504527378313     
   4.2513257317972757     
   4.2385243517441547     
   4.2260454462724617     
   4.2138881456180481     
   4.2020517260174772     
   4.1905357322064791     
   4.1793400338167537     
   4.1684648105394242     
   4.1579104898567403     
   4.1476776811942075     
   4.1377671285196023     
   4.1281796774441002     
   4.1189162263210140     
   4.1099776427021899     
   4.1013646445275436     
   4.0930776676204284     
   4.0851167408552707     
   4.0774813961550453     
   4.0701706267235318     
   4.0631828976288986     
   4.0565161923132749     
   4.0501680756597587     
   4.0441357496918444     
   4.0384160978950803     
   4.0330057350971700     
   4.0279011055799865     
   4.0230986565794620     
   4.0185950745967158     
   4.0143875174052273     
   4.0104737716539489     
   4.0068522944301312     
   4.0035221464376720     
   4.0004828468121092     
   3.9977341946306595     
   3.9952760962590461     
   3.9931084356983990     
   3.9912310028447306     
   3.9896434801322989     
   3.9883454673635623     
   3.9873365262710405     
   3.9866162297061791     
   3.9861842158024996     
   3.9860402399607171     
   3.9861842158025009     
   3.9866162297061791     
   3.9873365262710405     
   3.9883454673635637     
   3.9896434801322989     
   3.9912310028447315     
   3.9931084356983981     
   3.9952760962590461     
   3.9977341946306577     
   4.0004828468121101     
   4.0035221464376711     
   4.0068522944301295     
   4.0104737716539480     
   4.0143875174052264     
   4.0185950745967149     
   4.0230986565794620     
   4.0279011055799856     
   4.0330057350971700     
   4.0384160978950803     
   4.0441357496918444     
   4.0501680756597596     
   4.0565161923132758     
   4.0631828976289004     
   4.0701706267235318     
   4.0774813961550462     
   4.0851167408552698     
   4.0930776676204275     
   4.1013646445275436     
   4.1099776427021917     
   4.1189162263210157     
   4.1281796774441002     
   4.1377671285196023     
   4.1476776811942084     
   4.1579104898567403     
   4.1684648105394251     
   4.1793400338167537     
   4.1905357322064809     
   4.2020517260174781     
   4.2138881456180481     
   4.2260454462724617     
   4.2385243517441547     
   4.2513257317972748     
   4.2644504527378304     
   4.2778992379459551     
   4.2916725641386444     
   4.3057705961835122     
   4.3201931652012409     
   4.3349397928446933     
   4.3500097707333438     
   4.3654022866072379     
   4.3811165756477823     
   4.3971520626409379     
   4.4135084731109080     
   4.4301858946863648     
   4.4471847815080654     
   4.4645059019588276     
   4.4821502536294107     
   4.5001189727424569     
   4.5184132658837859     
   4.5370343680928302     
   4.5559835179385573     
   4.5752619301083097     
   4.5948707617402276     
   4.6148110805505587     
   4.6350838612840812     
   4.6556900361731604     
   4.6766306200351879     
   4.6979068965740556     
   4.7195206337929809     
   4.7414742687802880     
   4.7637710045662525     
   4.7864147766369420     
   4.8094100992087343     
   4.8327618384509821     
   4.8564749752027199     
   4.8805544024409162     
   4.9050047971251747     
   4.9298305814656489     
   4.9550359676359159     
   4.9806250507518524     
   5.0066019158084627     
   5.0329707340830856     
   5.0597358470359612     
   5.0869018319396595     
   5.1144735412339539     
   5.1424560987741952     
   5.1708548541817150     
   5.1996753111878773     
   5.2289230639242170     
   5.2586037599857400     
   5.2887230938776337     
   5.3192868077988678     
   5.3503006724947832     
   5.3817704251326983     
   5.4137016868912768     
   5.4460999036912945     
   5.4789703639909932     
   5.5123183039611643     
   5.5461490828047566     
   5.5804683946886753     
   5.6152824788790019     
   5.6505982836325037     
   5.6864235321147882     
   5.7227666897337039     
   5.7596368856098330     
   5.7970437906049010     
   5.8349974567950209     
   5.8735081391084938     
   5.9125861534664912     
   5.9522418190126771     
   5.9924855032742181     
   6.0333277518704529     
   6.0747794520753065     
   6.1168519536883545     
   6.1595570948524898     
   6.2029071202644257     
   6.2469145317133368     
   6.2915919259501241     
   6.3369518790217718     
   6.3830069090235755     
   6.4297695244689423     
   6.4772523251621124     
   6.5254681134881025     
   6.5744299837868354     
   6.6241513893936057     
   6.6746461910655750     
   6.7259286842830361     
   6.7780135832760662     
   6.8309159518546902     
   6.8846510767827018     
   6.9392342963992935     
   6.9946807974467484     
   7.0510054072858495     
   7.1082224014012212     
   7.1663453443234406     
   7.2253869779398769     
   7.2853591856619770     
   7.3462730482974212     
   7.4081389944460270     
   7.4709670181610415     
   7.5347669286809742     
   7.5995485907417368     
   7.6653221348000189     
   7.7320981262677870     
   7.7998877004634704     
   7.8687026643573716     
   7.9385555718286742     
   8.0094597666587539     
   8.0814293804759689     
   8.1544792608735897     
   8.2286248328244511     
   8.3038819265291401     
   8.3802666322576069     
   8.4577952187974255     
   8.5364841253727679     
   8.6163500026949240     
   8.6974097692213004     
   8.7796806431154195     
   8.8631801429718369     
   8.9479260676553327     
   9.0339364802755640     
   9.1212297106845579     
   9.2098243840966170     
   9.2997394662161241     
   9.3909943326770513     
   9.4836088790882282     
   9.5776036889839862     
   9.6730002422223436     
   9.7698211324130835     
   9.8680902588585919     
   9.9678329788286835     
   10.069076198757021     
   10.171848382184688     
   10.276179448479335     
   10.382100557570704     
   10.489643793035476     
   10.598841799966214     
   10.709727461263816     
   10.822333705803709     
   10.936693491526825     
   11.052839939526260     
   11.170806532174302     
   11.290627289718941     
   11.412336876549054     
   11.535970654878328     
   11.661564729150234     
   11.789156016684244     
   11.918782329150552     
   12.050482414167265     
   12.184295894750633     
   12.320263088209028     
   12.458424740888452     
   12.598821769467305     
   12.741495102697638     
   12.886485675483605     
   13.033834543610620     
   13.183583052918895     
   13.335773012515222     
   13.490446859477119     
   13.647647812997283     
   13.807420007112082     
   13.969808580237340     
   14.134859723129924     
   14.302620693543957     
   14.473139797772646     
   14.646466326862541     
   14.822650438603242     
   15.001742995185538     
   15.183795392886712     
   15.368859411708305     
   15.556987088644270     
   15.748230593882779     
   15.942642060305326     
   16.140273314244514     
   16.341175491238179     
   16.545398557662701     
   16.752990771874476     
   16.963998110382370     
   17.178463661677437     
   17.396426956892569     
   17.617923188217873     
   17.842982290248283     
   18.071627875634398     
   18.303876021601660     
   18.539733892074384     
   18.779198165628085     
   19.022253222135891     
   19.268868973041634     
   19.518998246250764     
   19.772573639564808     
   20.029503796941459     
   20.289669040036408     
   20.552916227149957     
   20.819052644257418     
   21.087838701922813     
   21.358979158446054     
   21.632112684133840     
   21.906799448328908     
   22.182506563825459     
   22.458590999927726     
   22.734279635764796     
   23.008646101110717     
   23.280584193868808     
   23.548777977829854     
   23.811669052999331     
   24.067421830056563     
   24.313889344504286     
   24.548582784240743     
   24.768650586728775     
   24.970876569713010     
   25.151710005133328     
   25.307347506972700     
   25.433891690990428     
   25.527610817816893     
   25.585316051172434     
