   23216.544249549861     
   22105.422915868388     
   19635.794951574102     
   16758.458256864164     
   13909.500912452486     
   11448.578213267490     
   9341.9300618187299     
   7601.3359981357189     
   6202.8318018611826     
   5059.3213723582166     
   4151.7041805799281     
   3416.4134856318919     
   2823.5899333009588     
   2344.0390858774522     
   1948.7828888073739     
   1625.1860967322589     
   1353.8247684104622     
   1127.2868395156283     
   935.72049193661576     
   772.00180828145949     
   631.86497193968592     
   509.97575900776195     
   404.07955139145156     
   311.49480249224763     
   230.30719397600734     
   159.35229308366127     
   97.304144661907145     
   43.329598006007188     
  -3.5167691172481295     
  -44.075145348920998     
  -78.892779627058090     
  -108.46494153365639     
  -133.24725051226235     
  -153.92044019918637     
  -171.11821561521538     
  -185.51820270775258     
  -197.73045426460405     
  -208.29041794219390     
  -217.41171900577504     
  -225.22905675311102     
  -231.92118074604929     
  -237.74169000664341     
  -242.96967286829951     
  -247.90475326652083     
  -252.57496257531173     
  -256.88635959570900     
  -260.61918178485098     
  -263.65512803581885     
  -265.97612211418260     
  -267.50198846904942     
  -268.15704771166247     
  -267.92008914817251     
  -266.74491433105555     
  -264.82533723883648     
  -262.61199653983158     
  -260.59455111655694     
  -259.09950054995608     
  -258.10371491393613     
  -257.41348028143545     
  -256.83347459884982     
  -256.19256526473407     
  -255.33388851037265     
  -254.09398220409579     
  -252.58773618309851     
  -251.02661165584539     
  -249.49260498164847     
  -248.01369778237085     
  -246.50345991162678     
  -245.00397465543958     
  -243.55860317800779     
  -242.00291521355524     
  -240.28411594419742     
  -238.38597408810668     
  -236.30582863050159     
  -234.04419767078426     
  -231.43618698928469     
  -228.38820314324201     
  -224.91514058047520     
  -221.03050551636082     
  -216.83687110677985     
  -212.47260632492424     
  -208.14610546802768     
  -204.15788500342990     
  -200.70126416209047     
  -197.78295180968493     
  -195.34105164468414     
  -193.37843401561577     
  -191.91053770704536     
  -190.93243242490431     
  -190.31300424083386     
  -189.74748048523080     
  -189.03704728363653     
  -188.03481296873071     
  -186.65324894275648     
  -185.06827142174748     
  -183.46911244856446     
  -182.01758645599244     
  -180.88117020857973     
  -179.97945477364240     
  -179.02735426331623     
  -177.79845065992683     
  -176.25167432761427     
  -174.37044145939339     
  -172.06103643804337     
  -169.34282557698961     
  -166.38531467523069     
  -163.39456735442718     
  -160.55554884309555     
  -157.97994939310510     
  -155.69726825000595     
  -153.72744171155324     
  -152.07523664507951     
  -150.69580727935946     
  -149.55202008024685     
  -148.59389905357182     
  -147.72034282573321     
  -146.88217024426939     
  -146.16469186754776     
  -145.67320025375906     
  -145.47319076423886     
  -145.58527029445898     
  -145.85580779797939     
  -146.09912358796367     
  -146.17543320761703     
  -145.93385947845303     
  -145.38191259833991     
  -144.53307511090352     
  -143.35659772622168     
  -141.93523973291113     
  -140.37099653557519     
  -138.86268288427215     
  -137.56986994741328     
  -136.43484844100871     
  -135.31543125446473     
  -134.06009813254482     
  -132.61378603295321     
  -130.96082335993378     
  -129.07608990925564     
  -126.98891577516851     
  -124.80422002010546     
  -122.75308037639694     
  -121.11224986833714     
  -120.08227556925577     
  -119.78166600720952     
  -120.24327347828591     
  -121.34603986605495     
  -122.78385836634907     
  -124.22078306861576     
  -125.43877526706729     
  -126.25052897041600     
  -126.56060265137799     
  -126.42596317990444     
  -125.92105181609317     
  -125.07269171170856     
  -123.86758453263781     
  -122.24985332682530     
  -120.16824868225751     
  -117.61230329499763     
  -114.61803658789070     
  -111.31282617362100     
  -107.88826365305034     
  -104.51527888008305     
  -101.31189866963864     
  -98.424551470931263     
  -95.939773261145987     
  -93.680110317800441     
  -91.324560591854905     
  -88.639137373962782     
  -85.552327970806729     
  -82.050709165949442     
  -78.122701502747248     
  -73.829700240098148     
  -69.291369038813642     
  -64.754212015107342     
  -60.600091206977005     
  -57.098544845862165     
  -54.371953755489926     
  -52.468957132636653     
  -51.356416091639332     
  -50.971431754550238     
  -51.146312466508114     
  -51.644498767944967     
  -52.251915241688955     
  -52.782472592342657     
  -53.151335371112445     
  -53.259039050992648     
  -53.076822736465587     
  -52.695074367726541     
  -52.102266307276714     
  -51.182882868451223     
  -49.982926083046948     
  -48.883709907808580     
  -48.261709140832949     
  -48.340357697713102     
  -49.145647850228215     
  -50.421759763968424     
  -52.027388945746409     
  -53.922129225020008     
  -56.062699197216737     
  -58.415823355040864     
  -60.731546784761839     
  -62.760540304875541     
  -64.375699147308310     
  -65.575452963688321     
  -66.441274773610346     
  -67.042092657247977     
  -67.580385049493586     
  -68.093220519343404     
  -68.482082886695068     
  -68.717677775759455     
  -68.674547114829409     
  -68.263031201554554     
  -67.493598058380243     
  -66.497987512608603     
  -65.409807261065865     
  -64.226030923124497     
  -62.895224672097228     
  -61.315581605948935     
  -59.496952145461670     
  -57.596880668883756     
  -55.960685431408464     
  -55.098313029789047     
  -55.288202113488893     
  -56.560309707539986     
  -58.806308149027970     
  -61.736227044013724     
  -64.938181416623138     
  -68.045053329209708     
  -70.942539976408256     
  -73.670224424448236     
  -76.238590871612402     
  -78.629310348879542     
  -80.821126699551073     
  -82.756306149805027     
  -84.328208228564009     
  -85.486393155055083     
  -86.303023887880414     
  -86.911882825465497     
  -87.415697827642163     
  -87.902029688864715     
  -88.537930235753876     
  -89.554311976103762     
  -91.081068047129307     
  -93.033271330371818     
  -95.206434644679746     
  -97.389056256626887     
  -99.431122940197952     
  -101.17633378142841     
  -102.39557725086331     
  -102.92174796388812     
  -102.70980641960924     
  -101.89713965561764     
  -100.78587069913132     
  -99.685334697069720     
  -98.863803687759415     
  -98.418054722231659     
  -98.282248468923427     
  -98.418054722231304     
  -98.863803687758903     
  -99.685334697069308     
  -100.78587069913107     
  -101.89713965561732     
  -102.70980641960936     
  -102.92174796388784     
  -102.39557725086331     
  -101.17633378142868     
  -99.431122940197582     
  -97.389056256626830     
  -95.206434644679831     
  -93.033271330371647     
  -91.081068047129449     
  -89.554311976103975     
  -88.537930235753876     
  -87.902029688864644     
  -87.415697827641992     
  -86.911882825465597     
  -86.303023887880556     
  -85.486393155054785     
  -84.328208228563952     
  -82.756306149805098     
  -80.821126699551073     
  -78.629310348879514     
  -76.238590871612516     
  -73.670224424448293     
  -70.942539976408312     
  -68.045053329209566     
  -64.938181416623081     
  -61.736227044013752     
  -58.806308149027970     
  -56.560309707539879     
  -55.288202113489284     
  -55.098313029788990     
  -55.960685431408315     
  -57.596880668883614     
  -59.496952145461599     
  -61.315581605949085     
  -62.895224672097228     
  -64.226030923124441     
  -65.409807261066376     
  -66.497987512608788     
  -67.493598058380101     
  -68.263031201554554     
  -68.674547114829195     
  -68.717677775759682     
  -68.482082886695068     
  -68.093220519343376     
  -67.580385049493657     
  -67.042092657248133     
  -66.441274773610303     
  -65.575452963688278     
  -64.375699147307941     
  -62.760540304875803     
  -60.731546784761839     
  -58.415823355040800     
  -56.062699197216745     
  -53.922129225020058     
  -52.027388945746516     
  -50.421759763968410     
  -49.145647850227817     
  -48.340357697713010     
  -48.261709140832949     
  -48.883709907808104     
  -49.982926083046834     
  -51.182882868451216     
  -52.102266307276608     
  -52.695074367726320     
  -53.076822736465317     
  -53.259039050992520     
  -53.151335371112445     
  -52.782472592342401     
  -52.251915241689048     
  -51.644498767945173     
  -51.146312466508093     
  -50.971431754550153     
  -51.356416091639261     
  -52.468957132636518     
  -54.371953755489926     
  -57.098544845862136     
  -60.600091206977126     
  -64.754212015107399     
  -69.291369038813812     
  -73.829700240098276     
  -78.122701502747361     
  -82.050709165949598     
  -85.552327970806729     
  -88.639137373962711     
  -91.324560591854961     
  -93.680110317800384     
  -95.939773261145874     
  -98.424551470931291     
  -101.31189866963865     
  -104.51527888008323     
  -107.88826365305034     
  -111.31282617362116     
  -114.61803658789057     
  -117.61230329499774     
  -120.16824868225747     
  -122.24985332682533     
  -123.86758453263781     
  -125.07269171170863     
  -125.92105181609317     
  -126.42596317990450     
  -126.56060265137778     
  -126.25052897041573     
  -125.43877526706729     
  -124.22078306861596     
  -122.78385836634916     
  -121.34603986605489     
  -120.24327347828591     
  -119.78166600720959     
  -120.08227556925557     
  -121.11224986833685     
  -122.75308037639702     
  -124.80422002010584     
  -126.98891577516879     
  -129.07608990925561     
  -130.96082335993378     
  -132.61378603295316     
  -134.06009813254502     
  -135.31543125446461     
  -136.43484844100860     
  -137.56986994741320     
  -138.86268288427237     
  -140.37099653557522     
  -141.93523973291113     
  -143.35659772622145     
  -144.53307511090347     
  -145.38191259833971     
  -145.93385947845289     
  -146.17543320761681     
  -146.09912358796399     
  -145.85580779797920     
  -145.58527029445898     
  -145.47319076423889     
  -145.67320025375929     
  -146.16469186754784     
  -146.88217024426950     
  -147.72034282573327     
  -148.59389905357193     
  -149.55202008024676     
  -150.69580727935946     
  -152.07523664507963     
  -153.72744171155287     
  -155.69726825000615     
  -157.97994939310533     
  -160.55554884309547     
  -163.39456735442727     
  -166.38531467523052     
  -169.34282557698961     
  -172.06103643804369     
  -174.37044145939316     
  -176.25167432761432     
  -177.79845065992683     
  -179.02735426331628     
  -179.97945477364237     
  -180.88117020857950     
  -182.01758645599244     
  -183.46911244856472     
  -185.06827142174728     
  -186.65324894275639     
  -188.03481296873065     
  -189.03704728363675     
  -189.74748048523057     
  -190.31300424083386     
  -190.93243242490431     
  -191.91053770704551     
  -193.37843401561565     
  -195.34105164468443     
  -197.78295180968470     
  -200.70126416209064     
  -204.15788500342964     
  -208.14610546802754     
  -212.47260632492424     
  -216.83687110678008     
  -221.03050551636085     
  -224.91514058047520     
  -228.38820314324218     
  -231.43618698928447     
  -234.04419767078460     
  -236.30582863050157     
  -238.38597408810668     
  -240.28411594419737     
  -242.00291521355530     
  -243.55860317800753     
  -245.00397465543946     
  -246.50345991162652     
  -248.01369778237051     
  -249.49260498164807     
  -251.02661165584539     
  -252.58773618309891     
  -254.09398220409599     
  -255.33388851037327     
  -256.19256526473413     
  -256.83347459884993     
  -257.41348028143557     
  -258.10371491393619     
  -259.09950054995608     
  -260.59455111655649     
  -262.61199653983135     
  -264.82533723883648     
  -266.74491433105561     
  -267.92008914817239     
  -268.15704771166202     
  -267.50198846904925     
  -265.97612211418260     
  -263.65512803581885     
  -260.61918178485075     
  -256.88635959570888     
  -252.57496257531207     
  -247.90475326652106     
  -242.96967286829940     
  -237.74169000664341     
  -231.92118074604929     
  -225.22905675311114     
  -217.41171900577524     
  -208.29041794219384     
  -197.73045426460428     
  -185.51820270775337     
  -171.11821561521606     
  -153.92044019918711     
  -133.24725051226235     
  -108.46494153365612     
  -78.892779627058019     
  -44.075145348920451     
  -3.5167691172477316     
   43.329598006007231     
   97.304144661906761     
   159.35229308366135     
   230.30719397600734     
   311.49480249224729     
   404.07955139145128     
   509.97575900776201     
   631.86497193968557     
   772.00180828145881     
   935.72049193661553     
   1127.2868395156281     
   1353.8247684104622     
   1625.1860967322593     
   1948.7828888073734     
   2344.0390858774517     
   2823.5899333009588     
   3416.4134856318915     
   4151.7041805799281     
   5059.3213723582166     
   6202.8318018611826     
   7601.3359981357189     
   9341.9300618187317     
   11448.578213267490     
   13909.500912452486     
   16758.458256864164     
   19635.794951574106     
   22105.422915868392     
