   25.604762322863984     
   25.411399298612089     
   24.840990807339818     
   23.921304906157694     
   22.694744172261995     
   21.213621305737973     
   19.535191251986006     
   17.717240619279575     
   15.814671487706008     
   13.877190806173136     
   11.948002759895392     
   10.063299330005030     
   8.2523225270864735     
   6.5377953999953657     
   4.9365610263623259     
   3.4603129147677074     
   2.1163386146384364     
  0.90822827222625968     
 -0.16347831112473216     
  -1.1007175090564871     
  -1.9074021975512685     
  -2.5889923823420871     
  -3.1521290208535881     
  -3.6043230082703830     
  -3.9536916032845473     
  -4.2087355126648385     
  -4.3781509929779396     
  -4.4706723808150377     
  -4.4949413021245972     
  -4.4593993976508912     
  -4.3722017437068708     
  -4.2411483206386311     
  -4.0736310100245241     
  -3.8765937830617268     
  -3.6565039990028270     
  -3.4193330256962020     
  -3.1705446726175639     
  -2.9150901709991763     
  -2.6574086611355798     
  -2.4014323664198978     
  -2.1505958370967266     
  -1.9078488182094815     
  -1.6756724401152401     
  -1.4560985677058544     
  -1.2507322793357127     
  -1.0607775337545176     
 -0.88706605296466934     
 -0.73008926596786905     
 -0.59003286336578686     
 -0.46681320466539561     
 -0.36011460156205788     
 -0.26942642195803490     
 -0.19407899691179703     
 -0.13327740617574022     
 -8.61323452851587845E-002
 -5.16874705572983456E-002
 -2.89429002829646974E-002
 -1.68748766574056339E-002
 -1.44518764842929345E-002
 -2.06476367067203181E-002
 -3.44516321156274410E-002
 -5.48775486304921289E-002
 -8.09702770994396304E-002
 -0.11181192137791272     
 -0.14652725444787132     
 -0.18428894022067444     
 -0.22432265031062820     
 -0.26591196365862424     
 -0.30840270645387663     
 -0.35120625324312549     
 -0.39380132190595113     
 -0.43573395042322499     
 -0.47661558129255588     
 -0.51611941356898905     
 -0.55397534416781957     
 -0.58996388917406739     
 -0.62390947920375039     
 -0.65567350223479726     
 -0.68514744305692310     
 -0.71224643129732357     
 -0.73690344786461071     
 -0.75906436363533181     
 -0.77868392764617456     
 -0.79572281382114107     
 -0.81014586573216962     
 -0.82192169598487697     
 -0.83102374563789450     
 -0.83743277127819449     
 -0.84114052951605534     
 -0.84215423047697147     
 -0.84050120361731018     
 -0.83623320924509448     
 -0.82942993732852344     
 -0.82020140964199961     
 -0.80868916235165034     
 -0.79506616138962860     
 -0.77953536227253484     
 -0.76232671170088684     
 -0.74369231492974996     
 -0.72389958619596806     
 -0.70322250796204300     
 -0.68193157814890648     
 -0.66028346560696549     
 -0.63851165543544175     
 -0.61681934659219917     
 -0.59537556294046057     
 -0.57431493193629723     
 -0.55374098009461015     
 -0.53373219424623630     
 -0.51434959877601438     
 -0.49564430932439896     
 -0.47766355165885638     
 -0.46045402741948299     
 -0.44406218583677093     
 -0.42853172119416083     
 -0.41389922259600798     
 -0.40018918996398095     
 -0.38740957458571984     
 -0.37554871300371118     
 -0.36457415440017948     
 -0.35443354456567261     
 -0.34505746526228920     
 -0.33636393153957028     
 -0.32826409892432662     
 -0.32066861283842923     
 -0.31349395546290937     
 -0.30666814605602988     
 -0.30013526860290174     
 -0.29385854469128408     
 -0.28782197918273716     
 -0.28203085288091684     
 -0.27651140330995233     
 -0.27130991208018201     
 -0.26649121040317575     
 -0.26213646585578265     
 -0.25834011347305841     
 -0.25520593290409316     
 -0.25284246113682224     
 -0.25135806798399901     
 -0.25085606197348564     
 -0.25143015066930946     
 -0.25316049007337221     
 -0.25611045180535102     
 -0.26032412584678327     
 -0.26582446417034222     
 -0.27261186954167838     
 -0.28066298643683135     
 -0.28992951824764945     
 -0.30033710177557743     
 -0.31178455922802406     
 -0.32414409886670986     
 -0.33726313214634235     
 -0.35096825513670354     
 -0.36507160023549001     
 -0.37937925342050272     
 -0.39370087331982484     
 -0.40785921224250155     
 -0.42169808556388089     
 -0.43508754033632152     
 -0.44792549035427393     
 -0.46013576375503140     
 -0.47166315922642976     
 -0.48246656018556799     
 -0.49251131995970676     
 -0.50176201365573492     
 -0.51017635204473410     
 -0.51770071138570517     
 -0.52426747281444530     
 -0.52979422957834454     
 -0.53418486336624460     
 -0.53733242475540366     
 -0.53912361829490851     
 -0.53944449613664069     
 -0.53818676290665224     
 -0.53525395329690129     
 -0.53056670616326318     
 -0.52406645565036136     
 -0.51571711643039264     
 -0.50550474832971448     
 -0.49343566918178305     
 -0.47953390710642513     
 -0.46383910082384888     
 -0.44640587695602191     
 -0.42730534896197891     
 -0.40662878357517440     
 -0.38449284525948496     
 -0.36104535905123913     
 -0.33647035567578648     
 -0.31099128816891985     
 -0.28487166035523115     
 -0.25841278365257353     
 -0.23194887556356447     
 -0.20584012206518459     
 -0.18046455899266389     
 -0.15620965830853001     
 -0.13346437140244730     
 -0.11261214609274141     
 -9.40251518903243155E-002
 -7.80596598539100572E-002
 -6.50522665397605948E-002
 -5.53164718113551279E-002
 -4.91390552094291139E-002
 -4.67757419336993358E-002
 -4.84457654580587316E-002
 -5.43250843851873569E-002
 -6.45382007480121561E-002
 -7.91487839930521409E-002
 -9.81496359100269278E-002
 -0.12145288454042381     
 -0.14888156395717814     
 -0.18016381056298256     
 -0.21493072586637507     
 -0.25271854661204068     
 -0.29297522795000980     
 -0.33507101549663587     
 -0.37831216921187916     
 -0.42195678225616046     
 -0.46523165188244470     
 -0.50734938667445173     
 -0.54752527194921508     
 -0.58499371589976956     
 -0.61902425552535512     
 -0.64893709767342789     
 -0.67411806190356482     
 -0.69403264620029548     
 -0.70823880144186269     
 -0.71639790934461767     
 -0.71828343411936058     
 -0.71378675954361415     
 -0.70291980660628350     
 -0.68581412984686219     
 -0.66271631129484931     
 -0.63397962503847050     
 -0.60005215492061026     
 -0.56146182840136560     
 -0.51879916477326227     
 -0.47269885246025395     
 -0.42382145643435443     
 -0.37283653074067391     
 -0.32040817394108528     
 -0.26718368945500426     
 -0.21378558159285127     
 -0.16080668918098973     
 -0.10880790445572772     
 -5.83177357632238824E-002
 -9.83296756003608496E-003
  3.61802228554368860E-002
  7.92852099140296807E-002
  0.11907435712531417     
  0.15516931324676614     
  0.18722243226107863     
  0.21491940828145076     
  0.23798299247172902     
  0.25617744517875735     
  0.26931322411176517     
  0.27725134746739943     
  0.27990690939492757     
  0.27725134746739916     
  0.26931322411176434     
  0.25617744517875662     
  0.23798299247172860     
  0.21491940828145051     
  0.18722243226107829     
  0.15516931324676583     
  0.11907435712531404     
  7.92852099140295141E-002
  3.61802228554366431E-002
 -9.83296756003619599E-003
 -5.83177357632239518E-002
 -0.10880790445572792     
 -0.16080668918098975     
 -0.21378558159285124     
 -0.26718368945500415     
 -0.32040817394108539     
 -0.37283653074067380     
 -0.42382145643435459     
 -0.47269885246025373     
 -0.51879916477326160     
 -0.56146182840136549     
 -0.60005215492061004     
 -0.63397962503847005     
 -0.66271631129484943     
 -0.68581412984686196     
 -0.70291980660628273     
 -0.71378675954361448     
 -0.71828343411936058     
 -0.71639790934461811     
 -0.70823880144186202     
 -0.69403264620029548     
 -0.67411806190356527     
 -0.64893709767342822     
 -0.61902425552535545     
 -0.58499371589976978     
 -0.54752527194921552     
 -0.50734938667445262     
 -0.46523165188244470     
 -0.42195678225616068     
 -0.37831216921187932     
 -0.33507101549663609     
 -0.29297522795000963     
 -0.25271854661204052     
 -0.21493072586637496     
 -0.18016381056298233     
 -0.14888156395717805     
 -0.12145288454042377     
 -9.81496359100268168E-002
 -7.91487839930520576E-002
 -6.45382007480122810E-002
 -5.43250843851874471E-002
 -4.84457654580587802E-002
 -4.67757419336994398E-002
 -4.91390552094292804E-002
 -5.53164718113552320E-002
 -6.50522665397604560E-002
 -7.80596598539104458E-002
 -9.40251518903246625E-002
 -0.11261214609274088     
 -0.13346437140244694     
 -0.15620965830852945     
 -0.18046455899266414     
 -0.20584012206518459     
 -0.23194887556356455     
 -0.25841278365257359     
 -0.28487166035523093     
 -0.31099128816891991     
 -0.33647035567578631     
 -0.36104535905123869     
 -0.38449284525948485     
 -0.40662878357517462     
 -0.42730534896197858     
 -0.44640587695602163     
 -0.46383910082384894     
 -0.47953390710642535     
 -0.49343566918178317     
 -0.50550474832971459     
 -0.51571711643039264     
 -0.52406645565036136     
 -0.53056670616326307     
 -0.53525395329690140     
 -0.53818676290665224     
 -0.53944449613664069     
 -0.53912361829490874     
 -0.53733242475540366     
 -0.53418486336624449     
 -0.52979422957834399     
 -0.52426747281444575     
 -0.51770071138570450     
 -0.51017635204473366     
 -0.50176201365573536     
 -0.49251131995970665     
 -0.48246656018556855     
 -0.47166315922643021     
 -0.46013576375503140     
 -0.44792549035427326     
 -0.43508754033632152     
 -0.42169808556388122     
 -0.40785921224250143     
 -0.39370087331982478     
 -0.37937925342050194     
 -0.36507160023549012     
 -0.35096825513670338     
 -0.33726313214634246     
 -0.32414409886670970     
 -0.31178455922802406     
 -0.30033710177557754     
 -0.28992951824764956     
 -0.28066298643683135     
 -0.27261186954167849     
 -0.26582446417034222     
 -0.26032412584678333     
 -0.25611045180535102     
 -0.25316049007337221     
 -0.25143015066930940     
 -0.25085606197348598     
 -0.25135806798399968     
 -0.25284246113682274     
 -0.25520593290409394     
 -0.25834011347305913     
 -0.26213646585578332     
 -0.26649121040317653     
 -0.27130991208018240     
 -0.27651140330995300     
 -0.28203085288091728     
 -0.28782197918273772     
 -0.29385854469128408     
 -0.30013526860290130     
 -0.30666814605602988     
 -0.31349395546290926     
 -0.32066861283842935     
 -0.32826409892432645     
 -0.33636393153956984     
 -0.34505746526228848     
 -0.35443354456567266     
 -0.36457415440017982     
 -0.37554871300371107     
 -0.38740957458571973     
 -0.40018918996398067     
 -0.41389922259600792     
 -0.42853172119416044     
 -0.44406218583677082     
 -0.46045402741948277     
 -0.47766355165885638     
 -0.49564430932439896     
 -0.51434959877601427     
 -0.53373219424623652     
 -0.55374098009461004     
 -0.57431493193629723     
 -0.59537556294046046     
 -0.61681934659219906     
 -0.63851165543544197     
 -0.66028346560696538     
 -0.68193157814890615     
 -0.70322250796204300     
 -0.72389958619596861     
 -0.74369231492975052     
 -0.76232671170088717     
 -0.77953536227253484     
 -0.79506616138962849     
 -0.80868916235165023     
 -0.82020140964199950     
 -0.82942993732852355     
 -0.83623320924509392     
 -0.84050120361731007     
 -0.84215423047697091     
 -0.84114052951605556     
 -0.83743277127819482     
 -0.83102374563789438     
 -0.82192169598487685     
 -0.81014586573216940     
 -0.79572281382114085     
 -0.77868392764617478     
 -0.75906436363533158     
 -0.73690344786461082     
 -0.71224643129732368     
 -0.68514744305692332     
 -0.65567350223479759     
 -0.62390947920375039     
 -0.58996388917406706     
 -0.55397534416781935     
 -0.51611941356898972     
 -0.47661558129255621     
 -0.43573395042322499     
 -0.39380132190595168     
 -0.35120625324312632     
 -0.30840270645387635     
 -0.26591196365862424     
 -0.22432265031062795     
 -0.18428894022067346     
 -0.14652725444787132     
 -0.11181192137791270     
 -8.09702770994395193E-002
 -5.48775486304921983E-002
 -3.44516321156262198E-002
 -2.06476367067205818E-002
 -1.44518764842931115E-002
 -1.68748766574057345E-002
 -2.89429002829645447E-002
 -5.16874705572978183E-002
 -8.61323452851586319E-002
 -0.13327740617574016     
 -0.19407899691179700     
 -0.26942642195803512     
 -0.36011460156205810     
 -0.46681320466539583     
 -0.59003286336578686     
 -0.73008926596786905     
 -0.88706605296466945     
  -1.0607775337545176     
  -1.2507322793357123     
  -1.4560985677058542     
  -1.6756724401152405     
  -1.9078488182094815     
  -2.1505958370967266     
  -2.4014323664198987     
  -2.6574086611355785     
  -2.9150901709991763     
  -3.1705446726175643     
  -3.4193330256962020     
  -3.6565039990028261     
  -3.8765937830617259     
  -4.0736310100245241     
  -4.2411483206386311     
  -4.3722017437068725     
  -4.4593993976508903     
  -4.4949413021245981     
  -4.4706723808150377     
  -4.3781509929779396     
  -4.2087355126648385     
  -3.9536916032845477     
  -3.6043230082703830     
  -3.1521290208535881     
  -2.5889923823420871     
  -1.9074021975512685     
  -1.1007175090564865     
 -0.16347831112473218     
  0.90822827222625990     
   2.1163386146384364     
   3.4603129147677074     
   4.9365610263623259     
   6.5377953999953657     
   8.2523225270864735     
   10.063299330005030     
   11.948002759895392     
   13.877190806173134     
   15.814671487706008     
   17.717240619279575     
   19.535191251986006     
   21.213621305737973     
   22.694744172261995     
   23.921304906157694     
   24.840990807339818     
   25.411399298612089     
