 0.000000000000000000E+00 -0.730072163754258743E-16
 0.331012037474653908E-02 -0.107944560533718571E-04
 0.662183483406764140E-02 -0.100265493619836768E-03
 0.993674036189995391E-02 -0.375721111183048096E-03
 0.132564397513506016E-01 -0.948110779725453096E-03
 0.165825445354421674E-01 -0.190065317215148489E-02
 0.199166779494195367E-01 -0.327105325515831581E-02
 0.232604779354139701E-01 -0.505166843769936681E-02
 0.266156002004951375E-01 -0.720084456099622482E-02
 0.299837213394578139E-01 -0.965719995577327302E-02
 0.333665420340474306E-01 -0.123516809024632745E-01
 0.367657903407625497E-01 -0.152157244249864626E-01
 0.401832250798950241E-01 -0.181859767514839545E-01
 0.436206393390381475E-01 -0.212065013614196121E-01
 0.470798641049610112E-01 -0.242294897738068657E-01
 0.505627720384977941E-01 -0.272151485192614236E-01
 0.540712814079340465E-01 -0.301311927854901185E-01
 0.576073601973068339E-01 -0.329521535398578924E-01
 0.611730304070841058E-01 -0.356586046559314238E-01
 0.647703725658153040E-01 -0.382363677208239008E-01
 0.684015304726404150E-01 -0.406757303757041278E-01
 0.720687161919215669E-01 -0.429706963549659482E-01
 0.757742153228098125E-01 -0.451182730841050497E-01
 0.795203925682432811E-01 -0.471178045214202604E-01
 0.833096976297200698E-01 -0.489703684869945491E-01
 0.871446714562229552E-01 -0.506782577688854527E-01
 0.910279528778730196E-01 -0.522445403037778283E-01
 0.949622856573255625E-01 -0.536726734170448402E-01
 0.989505259945437921E-01 -0.549661596212899228E-01
 0.102995650523479032 -0.561282585009089882E-01
 0.107100764842301688 -0.571617694771843418E-01
 0.111269112622238708 -0.580688751446388485E-01
 0.115504085343779872 -0.588510307989676962E-01
 0.119809232712986713 -0.595089262748084505E-01
 0.124188273815018180 -0.600425874318919889E-01
 0.128645109066618080 -0.604516609313496267E-01
 0.133183833034375976 -0.607358243117696109E-01
 0.137808748190964891 -0.608951415873682372E-01
 0.142524379687345437 -0.609301658610650679E-01
 0.147335491225083715 -0.608417643679133799E-01
 0.152247102119448030 -0.606308622110063380E-01
 0.157264505650830833 -0.602983396569307523E-01
 0.162393288809196790 -0.598451839630607177E-01
 0.167639353543673986 -0.592728040407529480E-01
 0.173008939636976056 -0.585832736186005162E-01
 0.178508649331902358 -0.577793294849305999E-01
 0.184145473844603558 -0.568642037017727670E-01
 0.189926821906297949 -0.558415726707688145E-01
 0.195860550481423701 -0.547157870716888095E-01
 0.201954997815341208 -0.534921601148483222E-01
 0.208219018968123892 -0.521768951542105133E-01
 0.214662023991960105 -0.507766641119709525E-01
 0.221294018907312928 -0.492984258584771712E-01
 0.228125649626040428 -0.477497326698199248E-01
 0.235168248956668657 -0.461390522818075147E-01
 0.242433886805965448 -0.444757388257700850E-01
 0.249935423659531253 -0.427697470181530592E-01
 0.257686567379129539 -0.410310200507383940E-01
 0.265701933292239012 -0.392686489819865855E-01
 0.273997107464953427 -0.374905116364088811E-01
 0.282588712937073661 -0.357039565324036440E-01
 0.291494478550786251 -0.339171089190012862E-01
 0.300733309812837302 -0.321395893225932885E-01
 0.310325360983985998 -0.303808915526991748E-01
 0.320292107275887084 -0.286483306298615827E-01
 0.330656415639321022 -0.269473955154639379E-01
 0.341442612131250156 -0.252820608982258777E-01
 0.352676543231464024 -0.236548871393278924E-01
 0.364385627720396954 -0.220691781563867005E-01
 0.376598894804481832 -0.205300930817220867E-01
 0.389347003060644958 -0.190437699816593219E-01
 0.402662233446409612 -0.176152821747961388E-01
 0.416578448072201457 -0.162478167628997208E-01
 0.431131004656285288 -0.149416313492396879E-01
 0.446356614599918045 -0.136955291232188515E-01
 0.462293130484153547 -0.125118665398234845E-01
 0.478979246603053799 -0.113954248021002277E-01
 0.496454094083784270 -0.103494662581374679E-01
 0.514756710468977419 -0.937349256380670855E-02
 0.533925362737153852 -0.846196162502369648E-02
 0.553996703141117930 -0.760905267353284218E-02
 0.575004739633996120 -0.681393312445654088E-02
 0.596979607850977034 -0.607739782092604937E-02
 0.619946140532487755 -0.539825241988476420E-02
 0.643922243792862670 -0.477499851367268070E-02
 0.668917108408850547 -0.420675165961846217E-02
 0.694929308450184635 -0.369816352157369393E-02
 0.721944868322298650 -0.325174645993426105E-02
 0.749935410556105575 -0.286294515914351910E-02
 0.778856526762241597 -0.252483222536075032E-02
 0.808646537709191593 -0.223321041247489865E-02
 0.839225818902016085 -0.198964065915775571E-02
 0.870496858588253319 -0.179369414891394972E-02
 0.902345180596794139 -0.164285949016976999E-02
 0.934641203204055193 -0.153611351892106668E-02
 0.967243021066621855 -0.147400049444290355E-02
 0.999999999999999556 -0.145247618764250339E-02
 1.03275697893337726 -0.146803080403314318E-02
 1.06535879679594414 -0.152242872856625023E-02
 1.09765481940320497 -0.161883146555715342E-02
 1.12950314141174601 -0.175904537312273246E-02
 1.16077418109798325 -0.194574932888063766E-02
 1.19135346229080774 -0.218178411991605970E-02
 1.22114347323775752 -0.246714075117536111E-02
 1.25006458944389376 -0.280541632037671976E-02
 1.27805513167770068 -0.320235283062806752E-02
 1.30507069154981470 -0.365567428941115501E-02
 1.33108289159114879 -0.416307908171184658E-02
 1.35607775620713644 -0.473186797978595967E-02
 1.38005385946751158 -0.536530721845044061E-02
 1.40302039214902230 -0.605777739284715615E-02
 1.42499526036600299 -0.680756713916728495E-02
 1.44600329685888118 -0.761827439022844631E-02
 1.46607463726284526 -0.849333286197676181E-02
 1.48524328953102192 -0.942909940743347740E-02
 1.50354590591621506 -0.104220743873051132E-01
 1.52102075339694531 -0.114732423751868432E-01
 1.53770686951584601 -0.125836531004549657E-01
 1.55364338540008129 -0.137526624366316949E-01
 1.56886899534371382 -0.149815944328663998E-01
 1.58342155192779788 -0.162728052152758228E-01
 1.59733776655359017 -0.176276964848339837E-01
 1.61065299693935415 -0.190457494484942112E-01
 1.62340110519551750 -0.205255626286201948E-01
 1.63561437227960260 -0.220642887993538900E-01
 1.64732345676853553 -0.236570197478292374E-01
 1.65855738786874918 -0.252985476670787822E-01
 1.66934358436067853 -0.269827049670712318E-01
 1.67970789272411247 -0.287011717744733094E-01
 1.68967463901601400 -0.304456287727736460E-01
 1.69926669018716248 -0.322097409655850847E-01
 1.70850552144921330 -0.339888417617855154E-01
 1.71741128706292590 -0.357780577603389605E-01
 1.72600289253504613 -0.375709973714749429E-01
 1.73429806670776032 -0.393593299177225145E-01
 1.74231343262087002 -0.411328120128478178E-01
 1.75006457634046853 -0.428802230772232645E-01
 1.75756611319403411 -0.445905718263842760E-01
 1.76483175104333090 -0.462534505291658377E-01
 1.77187435037395868 -0.478586161210892841E-01
 1.77870598109268663 -0.493960268590852292E-01
 1.78533797600803945 -0.508567140320714886E-01
 1.79178098103187544 -0.522334720131492972E-01
 1.79804500218465790 -0.535207033148947797E-01
 1.80413944951857586 -0.547138034982928706E-01
 1.81007317809370161 -0.558086708462878570E-01
 1.81585452615539600 -0.568016644543284793E-01
 1.82149135066809720 -0.576899465718881330E-01
 1.82699106036302350 -0.584716621043760501E-01
 1.83236064645632535 -0.591455970409865486E-01
 1.83760671119080277 -0.597105599378758428E-01
 1.84273549434916850 -0.601649337596223965E-01
 1.84775289788055153 -0.605066305779004207E-01
 1.85266450877491584 -0.607333105786024771E-01
 1.85747562031265367 -0.608425907239669925E-01
 1.86219125180903466 -0.608321602527234148E-01
 1.86681616696562358 -0.606998829573504317E-01
 1.87135489093338148 -0.604439332879824834E-01
 1.87581172618498138 -0.600629014050685847E-01
 1.88019076728701284 -0.595557560300775113E-01
 1.88449591465621968 -0.589216279258105921E-01
 1.88873088737776040 -0.581595023639695924E-01
 1.89289923515769787 -0.572679757495633754E-01
 1.89700434947652008 -0.562451878667086305E-01
 1.90104947400545554 -0.550889188592321929E-01
 1.90503771434267422 -0.537967415450638919E-01
 1.90897204712212654 -0.523661361812294696E-01
 1.91285532854377660 -0.507945726106785803E-01
 1.91669030237027949 -0.490796274554399087E-01
 1.92047960743175627 -0.472191872180057273E-01
 1.92422578467718974 -0.452117486016099593E-01
 1.92793128380807777 -0.430568129379155368E-01
 1.93159846952735892 -0.407553772797301581E-01
 1.93522962743418470 -0.383105324728787236E-01
 1.93882696959291567 -0.357281721509135827E-01
 1.94239263980269272 -0.330177945746848236E-01
 1.94592871859206551 -0.301933565208978329E-01
 1.94943722796150132 -0.272741282564790723E-01
 1.95292013589503810 -0.242855009824210662E-01
 1.95637936066096163 -0.212597093060825325E-01
 1.95981677492010453 -0.182364357233003524E-01
 1.96323420965923701 -0.152632324733549766E-01
 1.96663345796595213 -0.123956111720735004E-01
 1.97001627866054196 -0.969643404726660933E-02
 1.97338439979950442 -0.723394764577714022E-02
 1.97673952206458559 -0.507734396823995588E-02
 1.98008332205058002 -0.328872630980893811E-02
 1.98341745546455739 -0.191089964934097463E-02
 1.98674356024864895 -0.952665645586786829E-03
 1.99006325963809938 -0.376953039644808779E-03
 1.99337816516593191 -0.100290156411916192E-03
 1.99668987962525302 -0.107379232760260017E-04
 2.00000000000000000 -0.710233393620159250E-16
