 0.000000000000000000E+00 -0.000000000000000000E+00
 0.331012037474653908E-02 -0.119732463785244755E-04
 0.662183483406764140E-02 -0.747267346858930304E-04
 0.993674036189995391E-02 -0.201550545428930475E-03
 0.132564397513506016E-01 -0.402649428345770786E-03
 0.165825445354421674E-01 -0.667275796724208902E-03
 0.199166779494195367E-01 -0.967483272106992205E-03
 0.232604779354139701E-01 -0.126537052897434982E-02
 0.266156002004951375E-01 -0.151925241158657105E-02
 0.299837213394578139E-01 -0.169355568842680408E-02
 0.333665420340474306E-01 -0.176364456276592542E-02
 0.367657903407625497E-01 -0.171752110165866766E-02
 0.401832250798950241E-01 -0.155662400945277249E-02
 0.436206393390381475E-01 -0.129250328881014656E-02
 0.470798641049610112E-01 -0.944836771424673386E-03
 0.505627720384977941E-01 -0.537452554712506401E-03
 0.540712814079340465E-01 -0.959066397811624959E-04
 0.576073601973068339E-01 0.355201614021759900E-03
 0.611730304070841058E-01 0.793751374414839827E-03
 0.647703725658153040E-01 0.120126895083090502E-02
 0.684015304726404150E-01 0.156337226453685807E-02
 0.720687161919215669E-01 0.186983248096304487E-02
 0.757742153228098125E-01 0.211424918342475489E-02
 0.795203925682432811E-01 0.229355852860850442E-02
 0.833096976297200698E-01 0.240747039316118816E-02
 0.871446714562229552E-01 0.245792428445388211E-02
 0.910279528778730196E-01 0.244860104974854503E-02
 0.949622856573255625E-01 0.238450370645683406E-02
 0.989505259945437921E-01 0.227157447042860075E-02
 0.102995650523479032 0.211632515410176093E-02
 0.107100764842301688 0.192547681937376824E-02
 0.111269112622238708 0.170562721970583331E-02
 0.115504085343779872 0.146303107916705057E-02
 0.119809232712986713 0.120355748656111134E-02
 0.124188273815018180 0.932727688278909726E-03
 0.128645109066618080 0.655671197690289300E-03
 0.133183833034375976 0.376988345377474372E-03
 0.137808748190964891 0.100641077746555614E-03
 0.142524379687345437 -0.170073207020168284E-03
 0.147335491225083715 -0.432498198585160270E-03
 0.152247102119448030 -0.684543215218666695E-03
 0.157264505650830833 -0.924524323625481692E-03
 0.162393288809196790 -0.115100959686948866E-02
 0.167639353543673986 -0.136276260185590995E-02
 0.173008939636976056 -0.155878320496984383E-02
 0.178508649331902358 -0.173836862469689784E-02
 0.184145473844603558 -0.190108577244464953E-02
 0.189926821906297949 -0.204672731321922218E-02
 0.195860550481423701 -0.217526963152188391E-02
 0.201954997815341208 -0.228687697269973952E-02
 0.208219018968123892 -0.238197231866163050E-02
 0.214662023991960105 -0.246124934601464835E-02
 0.221294018907312928 -0.252556425674972142E-02
 0.228125649626040428 -0.257564648505883729E-02
 0.235168248956668657 -0.261202388580897152E-02
 0.242433886805965448 -0.263533536803878428E-02
 0.249935423659531253 -0.264637988762055814E-02
 0.257686567379129539 -0.264597027858274421E-02
 0.265701933292239012 -0.263489358648685010E-02
 0.273997107464953427 -0.261378157651539393E-02
 0.282588712937073661 -0.258325214589416076E-02
 0.291494478550786251 -0.254433430393445018E-02
 0.300733309812837302 -0.249842525084878952E-02
 0.310325360983985998 -0.244602384179903962E-02
 0.320292107275887084 -0.238698789692736845E-02
 0.330656415639321022 -0.232185283093377460E-02
 0.341442612131250156 -0.225137843841549060E-02
 0.352676543231464024 -0.217613654503055970E-02
 0.364385627720396954 -0.209639913312263237E-02
 0.376598894804481832 -0.201303216504224256E-02
 0.389347003060644958 -0.192743320417352280E-02
 0.402662233446409612 -0.184062938426316717E-02
 0.416578448072201457 -0.175316213305676608E-02
 0.431131004656285288 -0.166486165496345295E-02
 0.446356614599918045 -0.157602053171558999E-02
 0.462293130484153547 -0.148722610008473490E-02
 0.478979246603053799 -0.139896136351060356E-02
 0.496454094083784270 -0.131138104535750456E-02
 0.514756710468977419 -0.122462684897656107E-02
 0.533925362737153852 -0.113891635751633556E-02
 0.553996703141117930 -0.105484398355775236E-02
 0.575004739633996120 -0.973248870600657880E-03
 0.596979607850977034 -0.894833986076417286E-03
 0.619946140532487755 -0.820118914725060559E-03
 0.643922243792862670 -0.749472151279769903E-03
 0.668917108408850547 -0.683273133468436039E-03
 0.694929308450184635 -0.621679123727046602E-03
 0.721944868322298650 -0.564790318342912922E-03
 0.749935410556105575 -0.512883435029295358E-03
 0.778856526762241597 -0.466533364568133264E-03
 0.808646537709191593 -0.425737756805961900E-03
 0.839225818902016085 -0.390497608942036944E-03
 0.870496858588253319 -0.361109913374016423E-03
 0.902345180596794139 -0.337891358338605744E-03
 0.934641203204055193 -0.321205838125826633E-03
 0.967243021066621855 -0.311427778540684800E-03
 0.999999999999999556 -0.308584166201424787E-03
 1.03275697893337726 -0.312571564268315544E-03
 1.06535879679594414 -0.323227683318815092E-03
 1.09765481940320497 -0.340138357348466005E-03
 1.12950314141174601 -0.363121362071997325E-03
 1.16077418109798325 -0.392011029464743631E-03
 1.19135346229080774 -0.426809618740700764E-03
 1.22114347323775752 -0.467539726497466892E-03
 1.25006458944389376 -0.513653450325530538E-03
 1.27805513167770068 -0.565247010801522712E-03
 1.30507069154981470 -0.622159652710917058E-03
 1.33108289159114879 -0.683605025722129069E-03
 1.35607775620713644 -0.749113120121173677E-03
 1.38005385946751158 -0.818553001952962173E-03
 1.40302039214902230 -0.892232076212984889E-03
 1.42499526036600299 -0.969913213869857895E-03
 1.44600329685888118 -0.105069269692126916E-02
 1.46607463726284526 -0.113449834831633916E-02
 1.48524328953102192 -0.122103329592521343E-02
 1.50354590591621506 -0.130922928643070193E-02
 1.52102075339694531 -0.139770480510392346E-02
 1.53770686951584601 -0.148548235673354959E-02
 1.55364338540008129 -0.157291166149810474E-02
 1.56886899534371382 -0.166023144239821926E-02
 1.58342155192779788 -0.174721959573325173E-02
 1.59733776655359017 -0.183351881987006736E-02
 1.61065299693935415 -0.191895685052213133E-02
 1.62340110519551750 -0.200239141899623838E-02
 1.63561437227960260 -0.208256364852322639E-02
 1.64732345676853553 -0.215901661613197545E-02
 1.65855738786874918 -0.223139434781445241E-02
 1.66934358436067853 -0.229955417182277485E-02
 1.67970789272411247 -0.236301656570616107E-02
 1.68967463901601400 -0.242102439113644737E-02
 1.69926669018716248 -0.247280641556171408E-02
 1.70850552144921330 -0.251771622463459665E-02
 1.71741128706292590 -0.255476248831865236E-02
 1.72600289253504613 -0.258284188475081146E-02
 1.73429806670776032 -0.260105635633831869E-02
 1.74231343262087002 -0.260882754449598972E-02
 1.75006457634046853 -0.260571812660675712E-02
 1.75756611319403411 -0.259120554142762633E-02
 1.76483175104333090 -0.256460404906429414E-02
 1.77187435037395868 -0.252499118741349865E-02
 1.77870598109268663 -0.247148973867424623E-02
 1.78533797600803945 -0.240343444193228924E-02
 1.79178098103187544 -0.232012573011775762E-02
 1.79804500218465790 -0.222087697855132904E-02
 1.80413944951857586 -0.210518856898167820E-02
 1.81007317809370161 -0.197278927612941747E-02
 1.81585452615539600 -0.182359711360464819E-02
 1.82149135066809720 -0.165767704566669263E-02
 1.82699106036302350 -0.147527765060490772E-02
 1.83236064645632535 -0.127685206025672212E-02
 1.83760671119080277 -0.106302029067466882E-02
 1.84273549434916850 -0.834613722147071200E-03
 1.84775289788055153 -0.592818912557530682E-03
 1.85266450877491584 -0.339233241703735622E-03
 1.85747562031265367 -0.758665034406550039E-04
 1.86219125180903466 0.194767255804651211E-03
 1.86681616696562358 0.469590603629371837E-03
 1.87135489093338148 0.745060882052397348E-03
 1.87581172618498138 0.101729010723447121E-02
 1.88019076728701284 0.128206293802890742E-02
 1.88449591465621968 0.153478387627030660E-02
 1.88873088737776040 0.177038015317389154E-02
 1.89289923515769787 0.198321124574211667E-02
 1.89700434947652008 0.216710344030550438E-02
 1.90104947400545554 0.231554525524192787E-02
 1.90503771434267422 0.242195287267707188E-02
 1.90897204712212654 0.247994602643960768E-02
 1.91285532854377660 0.248366084911646459E-02
 1.91669030237027949 0.242812506497397515E-02
 1.92047960743175627 0.230968320539921791E-02
 1.92422578467718974 0.212645360793037481E-02
 1.92793128380807777 0.187882470530894977E-02
 1.93159846952735892 0.156998817181330146E-02
 1.93522962743418470 0.120647343030330168E-02
 1.93882696959291567 0.798586331324450190E-03
 1.94239263980269272 0.360685525022457279E-03
 1.94592871859206551 -0.888896191194736064E-04
 1.94943722796150132 -0.528248514162465575E-03
 1.95292013589503810 -0.933087447702188018E-03
 1.95637936066096163 -0.127818217110387141E-02
 1.95981677492010453 -0.154004509755076833E-02
 1.96323420965923701 -0.169934166736163085E-02
 1.96663345796595213 -0.174481843643675368E-02
 1.97001627866054196 -0.167525486474896183E-02
 1.97338439979950442 -0.150269989392606633E-02
 1.97673952206458559 -0.125161686323757484E-02
 1.98008332205058002 -0.957139179294127585E-03
 1.98341745546455739 -0.660344439115768587E-03
 1.98674356024864895 -0.398612592152233129E-03
 1.99006325963809938 -0.199590741161231270E-03
 1.99337816516593191 -0.740143126153587568E-04
 1.99668987962525302 -0.118612239088634035E-04
 2.00000000000000000 0.000000000000000000E+00
