 0.000000000000000000E+00 0.102567269287903035E-07
 0.331012037474653908E-02 -0.162003218537640296E-03
 0.662183483406764140E-02 -0.378515037839962341E-03
 0.993674036189995391E-02 -0.646870017311604209E-03
 0.132564397513506016E-01 -0.954663815194247084E-03
 0.165825445354421674E-01 -0.128486817440216327E-02
 0.199166779494195367E-01 -0.161719942443102086E-02
 0.232604779354139701E-01 -0.193216162031656282E-02
 0.266156002004951375E-01 -0.221433683049309304E-02
 0.299837213394578139E-01 -0.245315539038092664E-02
 0.333665420340474306E-01 -0.264385170954997088E-02
 0.367657903407625497E-01 -0.278619291676982916E-02
 0.401832250798950241E-01 -0.288370870835967649E-02
 0.436206393390381475E-01 -0.294226255134058664E-02
 0.470798641049610112E-01 -0.296911467218188277E-02
 0.505627720384977941E-01 -0.297200854664264125E-02
 0.540712814079340465E-01 -0.295855644707207965E-02
 0.576073601973068339E-01 -0.293575272727545971E-02
 0.611730304070841058E-01 -0.290966710454431581E-02
 0.647703725658153040E-01 -0.288526946510370879E-02
 0.684015304726404150E-01 -0.286638033337555456E-02
 0.720687161919215669E-01 -0.285571392243250946E-02
 0.757742153228098125E-01 -0.285498337398348324E-02
 0.795203925682432811E-01 -0.286503219328916332E-02
 0.833096976297200698E-01 -0.288596254111268304E-02
 0.871446714562229552E-01 -0.291724589737106478E-02
 0.910279528778730196E-01 -0.295782207144881749E-02
 0.949622856573255625E-01 -0.300620024987083810E-02
 0.989505259945437921E-01 -0.306057038835522979E-02
 0.102995650523479032 -0.311892524494315976E-02
 0.107100764842301688 -0.317917910415179946E-02
 0.111269112622238708 -0.323926384279398351E-02
 0.115504085343779872 -0.329719896565453538E-02
 0.119809232712986713 -0.335114406035746373E-02
 0.124188273815018180 -0.339944366218781656E-02
 0.128645109066618080 -0.344066810558027545E-02
 0.133183833034375976 -0.347363981356430158E-02
 0.137808748190964891 -0.349743674461701001E-02
 0.142524379687345437 -0.351137659699614618E-02
 0.147335491225083715 -0.351499910848778125E-02
 0.152247102119448030 -0.350807912701391663E-02
 0.157264505650830833 -0.349065875446672629E-02
 0.162393288809196790 -0.346301984637777723E-02
 0.167639353543673986 -0.342560644697314934E-02
 0.173008939636976056 -0.337900459445526075E-02
 0.178508649331902358 -0.332395489199840488E-02
 0.184145473844603558 -0.326131056621020189E-02
 0.189926821906297949 -0.319199242958139633E-02
 0.195860550481423701 -0.311701351359281332E-02
 0.201954997815341208 -0.303750635307400117E-02
 0.208219018968123892 -0.295462879306237960E-02
 0.214662023991960105 -0.286941925273845235E-02
 0.221294018907312928 -0.278276447979735036E-02
 0.228125649626040428 -0.269548192163278832E-02
 0.235168248956668657 -0.260839690731071508E-02
 0.242433886805965448 -0.252219923416927873E-02
 0.249935423659531253 -0.243728536141000216E-02
 0.257686567379129539 -0.235398311220786152E-02
 0.265701933292239012 -0.227282244679317394E-02
 0.273997107464953427 -0.219428273341117346E-02
 0.282588712937073661 -0.211842569394973508E-02
 0.291494478550786251 -0.204502850030498402E-02
 0.300733309812837302 -0.197387877961989651E-02
 0.310325360983985998 -0.190478782771227677E-02
 0.320292107275887084 -0.183738226992285884E-02
 0.330656415639321022 -0.177134549939013310E-02
 0.341442612131250156 -0.170632144911378523E-02
 0.352676543231464024 -0.164170380161631586E-02
 0.364385627720396954 -0.157697674135785088E-02
 0.376598894804481832 -0.151164752830352904E-02
 0.389347003060644958 -0.144542778535984942E-02
 0.402662233446409612 -0.137811589556228065E-02
 0.416578448072201457 -0.130964493064794846E-02
 0.431131004656285288 -0.123981642568630037E-02
 0.446356614599918045 -0.116859594999646314E-02
 0.462293130484153547 -0.109624164237009892E-02
 0.478979246603053799 -0.102317738852544565E-02
 0.496454094083784270 -0.949857262345007612E-03
 0.514756710468977419 -0.876440023169439272E-03
 0.533925362737153852 -0.803490728742845494E-03
 0.553996703141117930 -0.731579864221153079E-03
 0.575004739633996120 -0.661451031651435779E-03
 0.596979607850977034 -0.593924202154600149E-03
 0.619946140532487755 -0.529939399335217342E-03
 0.643922243792862670 -0.470422325068272772E-03
 0.668917108408850547 -0.415733611925560406E-03
 0.694929308450184635 -0.366004775587765413E-03
 0.721944868322298650 -0.321236998887981795E-03
 0.749935410556105575 -0.281372748101002806E-03
 0.778856526762241597 -0.246283270420574361E-03
 0.808646537709191593 -0.216195275229286925E-03
 0.839225818902016085 -0.190937551696559657E-03
 0.870496858588253319 -0.170296715412535077E-03
 0.902345180596794139 -0.154292745502582917E-03
 0.934641203204055193 -0.142915778375843268E-03
 0.967243021066621855 -0.135925851343764729E-03
 0.999999999999999556 -0.133251803017173104E-03
 1.03275697893337726 -0.134932845923315135E-03
 1.06535879679594414 -0.141028979996070289E-03
 1.09765481940320497 -0.151580771709423451E-03
 1.12950314141174601 -0.166730947158326025E-03
 1.16077418109798325 -0.186660144792444017E-03
 1.19135346229080774 -0.211591805520918401E-03
 1.22114347323775752 -0.241506317173410367E-03
 1.25006458944389376 -0.276359722815874267E-03
 1.27805513167770068 -0.316378704318699688E-03
 1.30507069154981470 -0.361818821037967673E-03
 1.33108289159114879 -0.412528447901172428E-03
 1.35607775620713644 -0.468021718818697162E-03
 1.38005385946751158 -0.527909496864725379E-03
 1.40302039214902230 -0.591640713054737157E-03
 1.42499526036600299 -0.658195680968128765E-03
 1.44600329685888118 -0.727122958224811640E-03
 1.46607463726284526 -0.798209745463282494E-03
 1.48524328953102192 -0.870870951624145521E-03
 1.50354590591621506 -0.944546376710370030E-03
 1.52102075339694531 -0.101874468392703981E-02
 1.53770686951584601 -0.109265004941596863E-02
 1.55364338540008129 -0.116547874535534294E-02
 1.56886899534371382 -0.123677960263804355E-02
 1.58342155192779788 -0.130620558258969280E-02
 1.59733776655359017 -0.137370651324574705E-02
 1.61065299693935415 -0.143944907920655709E-02
 1.62340110519551750 -0.150399144502837948E-02
 1.63561437227960260 -0.156822325871840596E-02
 1.64732345676853553 -0.163256754612660566E-02
 1.65855738786874918 -0.169755959770266857E-02
 1.66934358436067853 -0.176383514463049080E-02
 1.67970789272411247 -0.183181005852975061E-02
 1.68967463901601400 -0.190174007165043479E-02
 1.69926669018716248 -0.197397204490654425E-02
 1.70850552144921330 -0.204877591487402427E-02
 1.71741128706292590 -0.212616518621270862E-02
 1.72600289253504613 -0.220605535724368316E-02
 1.73429806670776032 -0.228842940219268175E-02
 1.74231343262087002 -0.237307539931265335E-02
 1.75006457634046853 -0.245962656575910441E-02
 1.75756611319403411 -0.254769225424236268E-02
 1.76483175104333090 -0.263675859518933435E-02
 1.77187435037395868 -0.272615860629354251E-02
 1.77870598109268663 -0.281517172452213152E-02
 1.78533797600803945 -0.290304345679527794E-02
 1.79178098103187544 -0.298898634313423750E-02
 1.79804500218465790 -0.307219205335502923E-02
 1.80413944951857586 -0.315174515891481453E-02
 1.81007317809370161 -0.322658220623869623E-02
 1.81585452615539600 -0.329560493860196497E-02
 1.82149135066809720 -0.335777429549722478E-02
 1.82699106036302350 -0.341211421592665541E-02
 1.83236064645632535 -0.345770135580744089E-02
 1.83760671119080277 -0.349366958852416910E-02
 1.84273549434916850 -0.351926286131541049E-02
 1.84775289788055153 -0.353394014406584103E-02
 1.85266450877491584 -0.353746307512973644E-02
 1.85747562031265367 -0.352994335344385948E-02
 1.86219125180903466 -0.351184203067001497E-02
 1.86681616696562358 -0.348390658416611364E-02
 1.87135489093338148 -0.344708568650919749E-02
 1.87581172618498138 -0.340248837587411000E-02
 1.88019076728701284 -0.335140532289736337E-02
 1.88449591465621968 -0.329534175241275604E-02
 1.88873088737776040 -0.323601201054947831E-02
 1.89289923515769787 -0.317529288210806207E-02
 1.89700434947652008 -0.311516071737403871E-02
 1.90104947400545554 -0.305762258934010479E-02
 1.90503771434267422 -0.300463797205843472E-02
 1.90897204712212654 -0.295803881534998725E-02
 1.91285532854377660 -0.291945284421368280E-02
 1.91669030237027949 -0.289021521748632302E-02
 1.92047960743175627 -0.287125598198258083E-02
 1.92422578467718974 -0.286297308244647889E-02
 1.92793128380807777 -0.286510988945608324E-02
 1.93159846952735892 -0.287664759293529372E-02
 1.93522962743418470 -0.289571036362969332E-02
 1.93882696959291567 -0.291947659189368625E-02
 1.94239263980269272 -0.294410092147901533E-02
 1.94592871859206551 -0.296467595820960233E-02
 1.94943722796150132 -0.297527375753931693E-02
 1.95292013589503810 -0.296910858981597669E-02
 1.95637936066096163 -0.293882440706940903E-02
 1.95981677492010453 -0.287695469713396918E-02
 1.96323420965923701 -0.277651409289097519E-02
 1.96663345796595213 -0.263189332970738222E-02
 1.97001627866054196 -0.243977282800686380E-02
 1.97338439979950442 -0.220050733180356898E-02
 1.97673952206458559 -0.191886714699553108E-02
 1.98008332205058002 -0.160529615726705092E-02
 1.98341745546455739 -0.127499624654432405E-02
 1.98674356024864895 -0.947179115678556177E-03
 1.99006325963809938 -0.641815140630795753E-03
 1.99337816516593191 -0.375643855867834064E-03
 1.99668987962525302 -0.160842090898261997E-03
 2.00000000000000000 0.100846021863366319E-07
