 0.000000000000000000E+00 0.351144308278337902E-05
 0.331012037474653908E-02 -0.632658319277319137E-01
 0.662183483406764140E-02 -0.123182014475812937
 0.993674036189995391E-02 -0.174824517474724245
 0.132564397513506016E-01 -0.214125356202870459
 0.165825445354421674E-01 -0.238318001682253089
 0.199166779494195367E-01 -0.246358307950290650
 0.232604779354139701E-01 -0.238635363580006504
 0.266156002004951375E-01 -0.216675199897358756
 0.299837213394578139E-01 -0.182722060688406657
 0.333665420340474306E-01 -0.139386600594772425
 0.367657903407625497E-01 -0.893436487561991843E-01
 0.401832250798950241E-01 -0.351263657428817627E-01
 0.436206393390381475E-01 0.210129875098003724E-01
 0.470798641049610112E-01 0.771714687637584384E-01
 0.505627720384977941E-01 0.131819784128938799
 0.540712814079340465E-01 0.183790372769356114
 0.576073601973068339E-01 0.232245759342775249
 0.611730304070841058E-01 0.276634817531138166
 0.647703725658153040E-01 0.316645155514420407
 0.684015304726404150E-01 0.352155868727868804
 0.720687161919215669E-01 0.383193819418130632
 0.757742153228098125E-01 0.409894958127182296
 0.795203925682432811E-01 0.432471399190513528
 0.833096976297200698E-01 0.451184356965478872
 0.871446714562229552E-01 0.466322651934374444
 0.910279528778730196E-01 0.478186284894235814
 0.949622856573255625E-01 0.487074374854071956
 0.989505259945437921E-01 0.493276687429329119
 0.102995650523479032 0.497067956140801737
 0.107100764842301688 0.498704342148318380
 0.111269112622238708 0.498421552761364406
 0.115504085343779872 0.496434282118099646
 0.119809232712986713 0.492936656993067268
 0.124188273815018180 0.488103344411874362
 0.128645109066618080 0.482090945288398964
 0.133183833034375976 0.475039398936159263
 0.137808748190964891 0.467073357551348267
 0.142524379687345437 0.458303680433487015
 0.147335491225083715 0.448829196790100249
 0.152247102119448030 0.438738717933786826
 0.157264505650830833 0.428112945366972197
 0.162393288809196790 0.417025740668348965
 0.167639353543673986 0.405544669081682629
 0.173008939636976056 0.393731241754938455
 0.178508649331902358 0.381641197541769062
 0.184145473844603558 0.369324946409630761
 0.189926821906297949 0.356828193720006237
 0.195860550481423701 0.344192811648550312
 0.201954997815341208 0.331458305440574585
 0.208219018968123892 0.318663730142152546
 0.214662023991960105 0.305848994509064054
 0.221294018907312928 0.293054756667557037
 0.228125649626040428 0.280320715491669648
 0.235168248956668657 0.267683430196623828
 0.242433886805965448 0.255176194246683696
 0.249935423659531253 0.242830351630368313
 0.257686567379129539 0.230675661741072929
 0.265701933292239012 0.218740874520107348
 0.273997107464953427 0.207055250466722990
 0.282588712937073661 0.195648119452923402
 0.291494478550786251 0.184545273509514746
 0.300733309812837302 0.173766002150094662
 0.310325360983985998 0.163325050517964115
 0.320292107275887084 0.153237431626980725
 0.330656415639321022 0.143519009396547353
 0.341442612131250156 0.134186192192602805
 0.352676543231464024 0.125254445379951063
 0.364385627720396954 0.116735283625046996
 0.376598894804481832 0.108635971877454107
 0.389347003060644958 0.100956816307893299
 0.402662233446409612 0.936903710657978478E-01
 0.416578448072201457 0.868189580845600412E-01
 0.431131004656285288 0.803200038408512368E-01
 0.446356614599918045 0.741833467220551213E-01
 0.462293130484153547 0.684096280867063228E-01
 0.478979246603053799 0.629871726218493022E-01
 0.496454094083784270 0.578932727462944247E-01
 0.514756710468977419 0.531201420126961518E-01
 0.533925362737153852 0.486728502469704546E-01
 0.553996703141117930 0.445357441058492273E-01
 0.575004739633996120 0.406582994968184841E-01
 0.596979607850977034 0.369800273989930456E-01
 0.619946140532487755 0.334600178810490617E-01
 0.643922243792862670 0.300829443108915004E-01
 0.668917108408850547 0.268560997828436628E-01
 0.694929308450184635 0.237817000813197038E-01
 0.721944868322298650 0.208630286517946621E-01
 0.749935410556105575 0.180930447278822362E-01
 0.778856526762241597 0.154665218078274790E-01
 0.808646537709191593 0.129850839472416997E-01
 0.839225818902016085 0.106264198898171278E-01
 0.870496858588253319 0.836912354130860819E-02
 0.902345180596794139 0.621613561800978768E-02
 0.934641203204055193 0.416093014047880672E-02
 0.967243021066621855 0.217253211890557898E-02
 0.999999999999999556 0.208484870562980230E-03
 1.03275697893337726 -0.176968058375259535E-02
 1.06535879679594414 -0.379919616200512320E-02
 1.09765481940320497 -0.590611855733146757E-02
 1.12950314141174601 -0.810651595194128438E-02
 1.16077418109798325 -0.104157693259326629E-01
 1.19135346229080774 -0.128404768924577986E-01
 1.22114347323775752 -0.153796372321118088E-01
 1.25006458944389376 -0.180268286118468665E-01
 1.27805513167770068 -0.207787758984382016E-01
 1.30507069154981470 -0.236466491594184876E-01
 1.33108289159114879 -0.266328533322948667E-01
 1.35607775620713644 -0.297687024905252048E-01
 1.38005385946751158 -0.330940830940710390E-01
 1.40302039214902230 -0.366132376735637255E-01
 1.42499526036600299 -0.403427560105952543E-01
 1.44600329685888118 -0.443110128450038276E-01
 1.46607463726284526 -0.485301323981493227E-01
 1.48524328953102192 -0.530043676800782265E-01
 1.50354590591621506 -0.577562830364867219E-01
 1.52102075339694531 -0.628183862454593928E-01
 1.53770686951584601 -0.682232876608388356E-01
 1.55364338540008129 -0.739971943589105147E-01
 1.56886899534371382 -0.801534139831648063E-01
 1.58342155192779788 -0.866947883768032224E-01
 1.59733776655359017 -0.936103795897660074E-01
 1.61065299693935415 -0.100898814081366445
 1.62340110519551750 -0.108574224460525920
 1.63561437227960260 -0.116645035635971672
 1.64732345676853553 -0.125109955367824460
 1.65855738786874918 -0.133965018043674999
 1.66934358436067853 -0.143206808065213714
 1.67970789272411247 -0.152828991480693011
 1.68967463901601400 -0.162823425358386786
 1.69926669018716248 -0.173180607367967837
 1.70850552144921330 -0.183887204886032357
 1.71741128706292590 -0.194924176030563362
 1.72600289253504613 -0.206266461201188051
 1.73429806670776032 -0.217883697287960199
 1.74231343262087002 -0.229742877161843106
 1.75006457634046853 -0.241810563179074983
 1.75756611319403411 -0.254053744512556634
 1.76483175104333090 -0.266440426259075824
 1.77187435037395868 -0.278939705327872045
 1.77870598109268663 -0.291520782745457230
 1.78533797600803945 -0.304151688370559614
 1.79178098103187544 -0.316798437180954351
 1.79804500218465790 -0.329424919676250538
 1.80413944951857586 -0.341993294865129083
 1.81007317809370161 -0.354464140822345342
 1.81585452615539600 -0.366796102528827994
 1.82149135066809720 -0.378945492348761570
 1.82699106036302350 -0.390865784525139537
 1.83236064645632535 -0.402506700524545069
 1.83760671119080277 -0.413813268414180035
 1.84273549434916850 -0.424725267636938020
 1.84775289788055153 -0.435176936953279581
 1.85266450877491584 -0.445096544901658842
 1.85747562031265367 -0.454405451320330833
 1.86219125180903466 -0.463016634167934149
 1.86681616696562358 -0.470832987940967951
 1.87135489093338148 -0.477745647812908292
 1.87581172618498138 -0.483632347217915648
 1.88019076728701284 -0.488355709463750232
 1.88449591465621968 -0.491761431644304636
 1.88873088737776040 -0.493676421492307171
 1.89289923515769787 -0.493907088400683925
 1.89700434947652008 -0.492238155369131014
 1.90104947400545554 -0.488432420956665669
 1.90503771434267422 -0.482231757741370504
 1.90897204712212654 -0.473359519036635978
 1.91285532854377660 -0.461524616096384122
 1.91669030237027949 -0.446427764052275300
 1.92047960743175627 -0.427770533786727691
 1.92422578467718974 -0.405267889932473979
 1.92793128380807777 -0.378664828838615741
 1.93159846952735892 -0.347757714069455215
 1.93522962743418470 -0.312420811516362307
 1.93882696959291567 -0.272638390224113347
 1.94239263980269272 -0.228542344440400669
 1.94592871859206551 -0.180454612307101997
 1.94943722796150132 -0.128932809880529603
 1.95292013589503810 -0.748159219382988627E-01
 1.95637936066096163 -0.192659769255093781E-01
 1.95981677492010453 0.362021115372252733E-01
 1.96323420965923701 0.897097679935618397E-01
 1.96663345796595213 0.139039101391795566
 1.97001627866054196 0.181700029025030796
 1.97338439979950442 0.215066474824118808
 1.97673952206458559 0.236577583231823763
 1.98008332205058002 0.244033368967424669
 1.98341745546455739 0.235939154133648354
 1.98674356024864895 0.211916130576771361
 1.99006325963809938 0.172992713497682860
 1.99337816516593191 0.121889903442434722
 1.99668987962525302 0.626095606202118626E-01
 2.00000000000000000 -0.342770341386138191E-05
