 0.000000000000000000E+00 -0.000000000000000000E+00
 0.331012037474653908E-02 -0.651093262654308617E-03
 0.662183483406764140E-02 -0.264460535627350024E-02
 0.993674036189995391E-02 -0.384970775332126426E-02
 0.132564397513506016E-01 -0.245931061602241595E-02
 0.165825445354421674E-01 0.254463602386028383E-02
 0.199166779494195367E-01 0.106993216864921890E-01
 0.232604779354139701E-01 0.204116724670495818E-01
 0.266156002004951375E-01 0.296951500384447266E-01
 0.299837213394578139E-01 0.368382244641342269E-01
 0.333665420340474306E-01 0.407969807298537851E-01
 0.367657903407625497E-01 0.412689431548844340E-01
 0.401832250798950241E-01 0.385610780771832376E-01
 0.436206393390381475E-01 0.333673178763267825E-01
 0.470798641049610112E-01 0.265426000919646507E-01
 0.505627720384977941E-01 0.189265287848188087E-01
 0.540712814079340465E-01 0.112286800854027174E-01
 0.576073601973068339E-01 0.397290038610029466E-02
 0.611730304070841058E-01 -0.251382614497769634E-02
 0.647703725658153040E-01 -0.808269497141616416E-02
 0.684015304726404150E-01 -0.127282616675679170E-01
 0.720687161919215669E-01 -0.165470542269263686E-01
 0.757742153228098125E-01 -0.196965143873771460E-01
 0.795203925682432811E-01 -0.223592451947490015E-01
 0.833096976297200698E-01 -0.247160458728154786E-01
 0.871446714562229552E-01 -0.269295164373324902E-01
 0.910279528778730196E-01 -0.291374681142717099E-01
 0.949622856573255625E-01 -0.314526222730514629E-01
 0.989505259945437921E-01 -0.339635678605115718E-01
 0.102995650523479032 -0.367332231263291856E-01
 0.107100764842301688 -0.397947037116587465E-01
 0.111269112622238708 -0.431473740637729961E-01
 0.115504085343779872 -0.467558433451516070E-01
 0.119809232712986713 -0.505534890741147352E-01
 0.124188273815018180 -0.544530750089899235E-01
 0.128645109066618080 -0.583647213604669077E-01
 0.133183833034375976 -0.622132457835660249E-01
 0.137808748190964891 -0.659441634738960475E-01
 0.142524379687345437 -0.695160825027853896E-01
 0.147335491225083715 -0.728887407420444750E-01
 0.152247102119448030 -0.760185852424507674E-01
 0.157264505650830833 -0.788627833427520547E-01
 0.162393288809196790 -0.813825183834838428E-01
 0.167639353543673986 -0.835440591895684759E-01
 0.173008939636976056 -0.853220037611402138E-01
 0.178508649331902358 -0.867026744106032254E-01
 0.184145473844603558 -0.876885465836851064E-01
 0.189926821906297949 -0.883020828033802552E-01
 0.195860550481423701 -0.885815638424631013E-01
 0.201954997815341208 -0.885691529055240151E-01
 0.208219018968123892 -0.882992422213670219E-01
 0.214662023991960105 -0.877947441785754262E-01
 0.221294018907312928 -0.870737529548420292E-01
 0.228125649626040428 -0.861599958381640274E-01
 0.235168248956668657 -0.850782034485820376E-01
 0.242433886805965448 -0.838254281077882024E-01
 0.249935423659531253 -0.823654637381063537E-01
 0.257686567379129539 -0.806787484782994224E-01
 0.265701933292239012 -0.787935172128185896E-01
 0.273997107464953427 -0.767522276166257289E-01
 0.282588712937073661 -0.745778702596684856E-01
 0.291494478550786251 -0.722936527766971510E-01
 0.300733309812837302 -0.699551047512402407E-01
 0.310325360983985998 -0.676615421559893099E-01
 0.320292107275887084 -0.654963725503917710E-01
 0.330656415639321022 -0.634459598593969387E-01
 0.341442612131250156 -0.614313863933752397E-01
 0.352676543231464024 -0.593997082164136186E-01
 0.364385627720396954 -0.573258557311798617E-01
 0.376598894804481832 -0.551715587419378747E-01
 0.389347003060644958 -0.529336915795139695E-01
 0.402662233446409612 -0.506607729487992750E-01
 0.416578448072201457 -0.483810328331792938E-01
 0.431131004656285288 -0.461217524236608792E-01
 0.446356614599918045 -0.438468918554999823E-01
 0.462293130484153547 -0.415035030108942896E-01
 0.478979246603053799 -0.391655057674778345E-01
 0.496454094083784270 -0.369760396568808714E-01
 0.514756710468977419 -0.349372698549692620E-01
 0.533925362737153852 -0.329034305326497203E-01
 0.553996703141117930 -0.307621963834306157E-01
 0.575004739633996120 -0.286085081593351297E-01
 0.596979607850977034 -0.265636327323031385E-01
 0.619946140532487755 -0.245894872455939377E-01
 0.643922243792862670 -0.226737463651879440E-01
 0.668917108408850547 -0.207953482039000791E-01
 0.694929308450184635 -0.189113289121267056E-01
 0.721944868322298650 -0.170044177008062264E-01
 0.749935410556105575 -0.150864354525730576E-01
 0.778856526762241597 -0.131201143087321028E-01
 0.808646537709191593 -0.111633844513543620E-01
 0.839225818902016085 -0.926172349190685328E-02
 0.870496858588253319 -0.736299780296529975E-02
 0.902345180596794139 -0.548839618881786454E-02
 0.934641203204055193 -0.363468761550109079E-02
 0.967243021066621855 -0.180536775031156461E-02
 0.999999999999999556 0.532904640343150960E-04
 1.03275697893337726 0.189052811272474972E-02
 1.06535879679594414 0.368516093347673193E-02
 1.09765481940320497 0.551482626724374494E-02
 1.12950314141174601 0.738705411314019567E-02
 1.16077418109798325 0.929851624407901541E-02
 1.19135346229080774 0.112232129708353511E-01
 1.22114347323775752 0.130797448426271321E-01
 1.25006458944389376 0.149323176615132752E-01
 1.27805513167770068 0.167641931795129498E-01
 1.30507069154981470 0.186522575250335533E-01
 1.33108289159114879 0.205936667043504947E-01
 1.35607775620713644 0.225326153652175981E-01
 1.38005385946751158 0.245277006112534154E-01
 1.40302039214902230 0.265940571393930153E-01
 1.42499526036600299 0.286797098055563832E-01
 1.44600329685888118 0.307734746339222952E-01
 1.46607463726284526 0.328963155286954578E-01
 1.48524328953102192 0.350295126488438940E-01
 1.50354590591621506 0.370875027443861721E-01
 1.52102075339694531 0.391229304730196792E-01
 1.53770686951584601 0.412563895555289675E-01
 1.55364338540008129 0.434604717011559741E-01
 1.56886899534371382 0.456046835383443414E-01
 1.58342155192779788 0.476875138677073096E-01
 1.59733776655359017 0.498019164838312961E-01
 1.61065299693935415 0.519746991398862754E-01
 1.62340110519551750 0.541778432747709246E-01
 1.63561437227960260 0.564023872964656142E-01
 1.64732345676853553 0.586570963702812490E-01
 1.65855738786874918 0.609151342088640954E-01
 1.66934358436067853 0.631837810496852920E-01
 1.67970789272411247 0.654813810866359813E-01
 1.68967463901601400 0.677743745500790223E-01
 1.69926669018716248 0.700273508694187197E-01
 1.70850552144921330 0.722013598541074858E-01
 1.71741128706292590 0.742322058043137084E-01
 1.72600289253504613 0.760863815260378745E-01
 1.73429806670776032 0.777930963683244880E-01
 1.74231343262087002 0.794112897519982514E-01
 1.75006457634046853 0.809773515470442323E-01
 1.75756611319403411 0.824795881296739586E-01
 1.76483175104333090 0.838600794442161679E-01
 1.77187435037395868 0.850365023283713717E-01
 1.77870598109268663 0.859411145064505472E-01
 1.78533797600803945 0.865550990453862051E-01
 1.79178098103187544 0.869089105587575045E-01
 1.79804500218465790 0.870386804236650269E-01
 1.80413944951857586 0.869435383825192670E-01
 1.81007317809370161 0.865819280599515739E-01
 1.81585452615539600 0.858980668658355512E-01
 1.82149135066809720 0.848505542259933854E-01
 1.82699106036302350 0.834228511646214477E-01
 1.83236064645632535 0.816181988665413694E-01
 1.83760671119080277 0.794509795227976573E-01
 1.84273549434916850 0.769385764922596305E-01
 1.84775289788055153 0.740992644206821399E-01
 1.85266450877491584 0.709599631422574845E-01
 1.85747562031265367 0.675639701520232283E-01
 1.86219125180903466 0.639682351145547112E-01
 1.86681616696562358 0.602352513001732301E-01
 1.87135489093338148 0.564297750855646055E-01
 1.87581172618498138 0.526196891179015400E-01
 1.88019076728701284 0.488738388868518031E-01
 1.88449591465621968 0.452561024750338034E-01
 1.88873088737776040 0.418205108232494044E-01
 1.89289923515769787 0.386092966438391846E-01
 1.89700434947652008 0.356513538961528986E-01
 1.90104947400545554 0.329582347744750911E-01
 1.90503771434267422 0.305172907228401132E-01
 1.90897204712212654 0.282844004023889012E-01
 1.91285532854377660 0.261793705703525677E-01
 1.91669030237027949 0.240855407213785011E-01
 1.92047960743175627 0.218534952405493241E-01
 1.92422578467718974 0.193086875232485050E-01
 1.92793128380807777 0.162634863373089592E-01
 1.93159846952735892 0.125347522521207233E-01
 1.93522962743418470 0.796866173820382634E-02
 1.93882696959291567 0.247398945239957375E-02
 1.94239263980269272 -0.393751610706405235E-02
 1.94592871859206551 -0.111089568299306534E-01
 1.94943722796150132 -0.187037362053825290E-01
 1.95292013589503810 -0.261903348219493688E-01
 1.95637936066096163 -0.328592453592103581E-01
 1.95981677492010453 -0.378841935731196178E-01
 1.96323420965923701 -0.404388897876728701E-01
 1.96663345796595213 -0.398683496895294101E-01
 1.97001627866054196 -0.359014326284365498E-01
 1.97338439979950442 -0.288564206891907364E-01
 1.97673952206458559 -0.197617387666428300E-01
 1.98008332205058002 -0.102834466705786134E-01
 1.98341745546455739 -0.234796465815322996E-02
 1.98674356024864895 0.250299998766116824E-02
 1.99006325963809938 0.382537701284249706E-02
 1.99337816516593191 0.261635884158397791E-02
 1.99668987962525302 0.643221377739896356E-03
 2.00000000000000000 0.000000000000000000E+00
