 0.000000000000000000E+00 0.000000000000000000E+00
 0.331012037474653908E-02 0.392898307660286009E-08
 0.662183483406764140E-02 0.854771614509631880E-06
 0.993674036189995391E-02 0.702483010641771917E-05
 0.132564397513506016E-01 0.283790082662368709E-04
 0.165825445354421674E-01 0.794891636933593883E-04
 0.199166779494195367E-01 0.182459957270704405E-03
 0.232604779354139701E-01 0.367837893696514073E-03
 0.266156002004951375E-01 0.673596864742122031E-03
 0.299837213394578139E-01 0.114009160578215077E-02
 0.333665420340474306E-01 0.180416235418219420E-02
 0.367657903407625497E-01 0.269352874640464701E-02
 0.401832250798950241E-01 0.382307335547890474E-02
 0.436206393390381475E-01 0.519304979303317552E-02
 0.470798641049610112E-01 0.678918453847350469E-02
 0.505627720384977941E-01 0.858411937807490068E-02
 0.540712814079340465E-01 0.105397599105114485E-01
 0.576073601973068339E-01 0.126100634812728978E-01
 0.611730304070841058E-01 0.147439648089159256E-01
 0.647703725658153040E-01 0.168881948632791934E-01
 0.684015304726404150E-01 0.189898464981322415E-01
 0.720687161919215669E-01 0.209985821801169856E-01
 0.757742153228098125E-01 0.228684441201769950E-01
 0.795203925682432811E-01 0.245592526243095383E-01
 0.833096976297200698E-01 0.260375981595095153E-01
 0.871446714562229552E-01 0.272774304420178269E-01
 0.910279528778730196E-01 0.282602598404725174E-01
 0.949622856573255625E-01 0.289749863349429218E-01
 0.989505259945437921E-01 0.294173882569652156E-01
 0.102995650523479032 0.295893618435712144E-01
 0.107100764842301688 0.294980749506365200E-01
 0.111269112622238708 0.291551737122337229E-01
 0.115504085343779872 0.285760615315184228E-01
 0.119809232712986713 0.277791879072264714E-01
 0.124188273815018180 0.267853285285615424E-01
 0.128645109066618080 0.256169183461164157E-01
 0.133183833034375976 0.242975144921517006E-01
 0.137808748190964891 0.228514024131080892E-01
 0.142524379687345437 0.213032470597441376E-01
 0.147335491225083715 0.196776706918334147E-01
 0.152247102119448030 0.179987776384420532E-01
 0.157264505650830833 0.162897024145883529E-01
 0.162393288809196790 0.145721609088182175E-01
 0.167639353543673986 0.128659964814623311E-01
 0.173008939636976056 0.111888049267916765E-01
 0.178508649331902358 0.955572774783676644E-02
 0.184145473844603558 0.797956989803952181E-02
 0.189926821906297949 0.647131263666704017E-02
 0.195860550481423701 0.504065434871736173E-02
 0.201954997815341208 0.369618154872935470E-02
 0.208219018968123892 0.244521776556876199E-02
 0.214662023991960105 0.129367040795483335E-02
 0.221294018907312928 0.246223576797547554E-03
 0.228125649626040428 -0.693413419601353592E-03
 0.235168248956668657 -0.152265225831766217E-02
 0.242433886805965448 -0.224020329919010896E-02
 0.249935423659531253 -0.284637302700146630E-02
 0.257686567379129539 -0.334370333570800388E-02
 0.265701933292239012 -0.373679316879294877E-02
 0.273997107464953427 -0.403135660107811853E-02
 0.282588712937073661 -0.423351318916106740E-02
 0.291494478550786251 -0.434992316170786358E-02
 0.300733309812837302 -0.438849139052529483E-02
 0.310325360983985998 -0.435784398414371891E-02
 0.320292107275887084 -0.426675938776196594E-02
 0.330656415639321022 -0.412403350231371844E-02
 0.341442612131250156 -0.393826055972219032E-02
 0.352676543231464024 -0.371815437267978416E-02
 0.364385627720396954 -0.347158680864257914E-02
 0.376598894804481832 -0.320504902210107983E-02
 0.389347003060644958 -0.292485050092576668E-02
 0.402662233446409612 -0.263708865545376385E-02
 0.416578448072201457 -0.234815298480438870E-02
 0.431131004656285288 -0.206680214771945208E-02
 0.446356614599918045 -0.180113338742969413E-02
 0.462293130484153547 -0.155521399144433825E-02
 0.478979246603053799 -0.132989202375390623E-02
 0.496454094083784270 -0.112546946249637522E-02
 0.514756710468977419 -0.939787130528500205E-03
 0.533925362737153852 -0.766504819117915090E-03
 0.553996703141117930 -0.607037444586850457E-03
 0.575004739633996120 -0.472244511487308048E-03
 0.596979607850977034 -0.370776839505913044E-03
 0.619946140532487755 -0.299306718610734337E-03
 0.643922243792862670 -0.250705401040426988E-03
 0.668917108408850547 -0.216830817452397110E-03
 0.694929308450184635 -0.198514233694468213E-03
 0.721944868322298650 -0.202829704816891664E-03
 0.749935410556105575 -0.223643997105007786E-03
 0.778856526762241597 -0.252064736654540025E-03
 0.808646537709191593 -0.288714409773822324E-03
 0.839225818902016085 -0.334488364564773796E-03
 0.870496858588253319 -0.379192330648620121E-03
 0.902345180596794139 -0.413457119165685290E-03
 0.934641203204055193 -0.436325413282021989E-03
 0.967243021066621855 -0.447473419694152414E-03
 0.999999999999999556 -0.445046939384638322E-03
 1.03275697893337726 -0.430708954380444543E-03
 1.06535879679594414 -0.403421700120419971E-03
 1.09765481940320497 -0.360787264464019802E-03
 1.12950314141174601 -0.305420703938090422E-03
 1.16077418109798325 -0.245995996818125593E-03
 1.19135346229080774 -0.191825285302140163E-03
 1.22114347323775752 -0.146736711537652622E-03
 1.25006458944389376 -0.116007406263662200E-03
 1.27805513167770068 -0.110141471215187734E-03
 1.30507069154981470 -0.135149449695896884E-03
 1.33108289159114879 -0.189390433463525572E-03
 1.35607775620713644 -0.267631019301108508E-03
 1.38005385946751158 -0.366864395045538494E-03
 1.40302039214902230 -0.485555279070708419E-03
 1.42499526036600299 -0.622139497004677283E-03
 1.44600329685888118 -0.775626825789164551E-03
 1.46607463726284526 -0.949927194209422131E-03
 1.48524328953102192 -0.115128365499951352E-02
 1.50354590591621506 -0.137641503399759443E-02
 1.52102075339694531 -0.161589980414396784E-02
 1.53770686951584601 -0.186272551554029879E-02
 1.55364338540008129 -0.211461772400598717E-02
 1.56886899534371382 -0.237092341260154715E-02
 1.58342155192779788 -0.262936979357500768E-02
 1.59733776655359017 -0.288569493460540463E-02
 1.61065299693935415 -0.313539382802724247E-02
 1.62340110519551750 -0.337494143608963078E-02
 1.63561437227960260 -0.360280566329683428E-02
 1.64732345676853553 -0.381863591286407721E-02
 1.65855738786874918 -0.401960441086870665E-02
 1.66934358436067853 -0.419917787742884064E-02
 1.67970789272411247 -0.434737924309994746E-02
 1.68967463901601400 -0.445130306981833448E-02
 1.69926669018716248 -0.449752695828030055E-02
 1.70850552144921330 -0.447402202655028825E-02
 1.71741128706292590 -0.437051889431026939E-02
 1.72600289253504613 -0.417956319694791356E-02
 1.73429806670776032 -0.389638515821845183E-02
 1.74231343262087002 -0.351689216058250495E-02
 1.75006457634046853 -0.303631727276897512E-02
 1.75756611319403411 -0.244951892976912229E-02
 1.76483175104333090 -0.175177803882629944E-02
 1.77187435037395868 -0.939576915572120524E-03
 1.77870598109268663 -0.112213464400085113E-04
 1.78533797600803945 0.103275671696664373E-02
 1.79178098103187544 0.218935772527294225E-02
 1.79804500218465790 0.345305433849588594E-02
 1.80413944951857586 0.481605232869974226E-02
 1.81007317809370161 0.626854645710880204E-02
 1.81585452615539600 0.779892908826864979E-02
 1.82149135066809720 0.939424127418386073E-02
 1.82699106036302350 0.110407727341446642E-01
 1.83236064645632535 0.127241712020921480E-01
 1.83760671119080277 0.144289570507838989E-01
 1.84273549434916850 0.161381000535513533E-01
 1.84775289788055153 0.178329938448865896E-01
 1.85266450877491584 0.194936029786473876E-01
 1.85747562031265367 0.210986031998295007E-01
 1.86219125180903466 0.226255609642753985E-01
 1.86681616696562358 0.240511909451836571E-01
 1.87135489093338148 0.253516512020148972E-01
 1.87581172618498138 0.265028979832106631E-01
 1.88019076728701284 0.274812092535530461E-01
 1.88449591465621968 0.282638946613695680E-01
 1.88873088737776040 0.288300556320944881E-01
 1.89289923515769787 0.291612828620953154E-01
 1.89700434947652008 0.292423203087004355E-01
 1.90104947400545554 0.290617776364420106E-01
 1.90503771434267422 0.286129221830124514E-01
 1.90897204712212654 0.278945082122144805E-01
 1.91285532854377660 0.269115372942890368E-01
 1.91669030237027949 0.256758421572278461E-01
 1.92047960743175627 0.242064357610509637E-01
 1.92422578467718974 0.225295998959911294E-01
 1.92793128380807777 0.206786770593386932E-01
 1.93159846952735892 0.186935148524706718E-01
 1.93522962743418470 0.166195089276727943E-01
 1.93882696959291567 0.145062209124188820E-01
 1.94239263980269272 0.124055767121321724E-01
 1.94592871859206551 0.103696810240818758E-01
 1.94943722796150132 0.844829494939841781E-02
 1.95292013589503810 0.668607990801622573E-02
 1.95637936066096163 0.511976264766959583E-02
 1.95981677492010453 0.377547751254565757E-02
 1.96323420965923701 0.266658196892357712E-02
 1.96663345796595213 0.179237628822987577E-02
 1.97001627866054196 0.113810708896832052E-02
 1.97338439979950442 0.676756749932008782E-03
 1.97673952206458559 0.372633132839350395E-03
 1.98008332205058002 0.186735994634257057E-03
 1.98341745546455739 0.823524776036592854E-04
 1.98674356024864895 0.298421387042525580E-04
 1.99006325963809938 0.754721061399641884E-05
 1.99337816516593191 0.955396748963360695E-06
 1.99668987962525302 0.705902134859789651E-08
 2.00000000000000000 0.000000000000000000E+00
