 0.000000000000000000E+00 0.188902513051079024
 0.331012037474653908E-02 0.192212671941122321
 0.662183483406764140E-02 0.195522163779796254
 0.993674036189995391E-02 0.198829490388522184
 0.132564397513506016E-01 0.202132245440311886
 0.165825445354421674E-01 0.205426912754553159
 0.199166779494195367E-01 0.208708992244829833
 0.232604779354139701E-01 0.211973109532755305
 0.266156002004951375E-01 0.215213229594695715
 0.299837213394578139E-01 0.218422910773037104
 0.333665420340474306E-01 0.221595553908569554
 0.367657903407625497E-01 0.224724649814210253
 0.401832250798950241E-01 0.227803985342723198
 0.436206393390381475E-01 0.230827814560669337
 0.470798641049610112E-01 0.233790982955641824
 0.505627720384977941E-01 0.236689010608959305
 0.540712814079340465E-01 0.239518136758737843
 0.576073601973068339E-01 0.242275332308875629
 0.611730304070841058E-01 0.244958286713399143
 0.647703725658153040E-01 0.247565375449532638
 0.684015304726404150E-01 0.250095613946518414
 0.720687161919215669E-01 0.252548602733903838
 0.757742153228098125E-01 0.254924467888512196
 0.795203925682432811E-01 0.257223799872342063
 0.833096976297200698E-01 0.259447593162874912
 0.871446714562229552E-01 0.261597188335556896
 0.910279528778730196E-01 0.263674217698685320
 0.949622856573255625E-01 0.265680555118980866
 0.989505259945437921E-01 0.267618270393758073
 0.102995650523479032 0.269489588337256170
 0.107100764842301688 0.271296852581773162
 0.111269112622238708 0.273042493887116433
 0.115504085343779872 0.274729002557928037
 0.119809232712986713 0.276358904493068547
 0.124188273815018180 0.277934740485660914
 0.128645109066618080 0.279459048571825852
 0.133183833034375976 0.280934349324053867
 0.137808748190964891 0.282363133891382845
 0.142524379687345437 0.283747854360414609
 0.147335491225083715 0.285090915862857786
 0.152247102119448030 0.286394669969870119
 0.157264505650830833 0.287661409211807884
 0.162393288809196790 0.288893362776564189
 0.167639353543673986 0.290092693464636286
 0.173008939636976056 0.291261495999244890
 0.178508649331902358 0.292401796896899380
 0.184145473844603558 0.293515556002401090
 0.189926821906297949 0.294604669333580760
 0.195860550481423701 0.295670972530044540
 0.201954997815341208 0.296716244276032659
 0.208219018968123892 0.297742209170766325
 0.214662023991960105 0.298750539558646333
 0.221294018907312928 0.299742856046795403
 0.228125649626040428 0.300720726825429663
 0.235168248956668657 0.301685666860467439
 0.242433886805965448 0.302639138313387734
 0.249935423659531253 0.303582551590138749
 0.257686567379129539 0.304517265654588420
 0.265701933292239012 0.305444588423897212
 0.273997107464953427 0.306365777705978448
 0.282588712937073661 0.307282040328197892
 0.291494478550786251 0.308194529168045961
 0.300733309812837302 0.309104342050355863
 0.310325360983985998 0.310012522835337645
 0.320292107275887084 0.310920059999013731
 0.330656415639321022 0.311827882744703522
 0.341442612131250156 0.312736854446217794
 0.352676543231464024 0.313647758149471045
 0.364385627720396954 0.314561271144060572
 0.376598894804481832 0.315477932341831580
 0.389347003060644958 0.316398122929923253
 0.402662233446409612 0.317322073594766441
 0.416578448072201457 0.318249873738486233
 0.431131004656285288 0.319181463325859394
 0.446356614599918045 0.320116603354950902
 0.462293130484153547 0.321054814169509484
 0.478979246603053799 0.321995358371484020
 0.496454094083784270 0.322937268889824769
 0.514756710468977419 0.323879230704094634
 0.533925362737153852 0.324819366473345084
 0.553996703141117930 0.325755145149926484
 0.575004739633996120 0.326683453195227569
 0.596979607850977034 0.327600744401099486
 0.619946140532487755 0.328503093560317261
 0.643922243792862670 0.329386022508518173
 0.668917108408850547 0.330244166409669471
 0.694929308450184635 0.331071042652442249
 0.721944868322298650 0.331859137462091780
 0.749935410556105575 0.332600305651623296
 0.778856526762241597 0.333286015160575044
 0.808646537709191593 0.333907223694155320
 0.839225818902016085 0.334454571734919659
 0.870496858588253319 0.334918849989449152
 0.902345180596794139 0.335291316463654676
 0.934641203204055193 0.335564289924982995
 0.967243021066621855 0.335731869071894007
 0.999999999999999556 0.335790290225910670
 1.03275697893337726 0.335738142065008738
 1.06535879679594414 0.335576526381265894
 1.09765481940320497 0.335309045718174825
 1.12950314141174601 0.334941628444065165
 1.16077418109798325 0.334482049143841609
 1.19135346229080774 0.333939163765423208
 1.22114347323775752 0.333322270505329143
 1.25006458944389376 0.332640613184579048
 1.27805513167770068 0.331902971252473145
 1.30507069154981470 0.331117486951689577
 1.33108289159114879 0.330291843977131627
 1.35607775620713644 0.329433619892226970
 1.38005385946751158 0.328550001445947759
 1.40302039214902230 0.327647023367075796
 1.42499526036600299 0.326729482629598056
 1.44600329685888118 0.325801356581630619
 1.46607463726284526 0.324865952717970474
 1.48524328953102192 0.323925947692354721
 1.50354590591621506 0.322983548535008491
 1.52102075339694531 0.322040638627930753
 1.53770686951584601 0.321098789255521988
 1.55364338540008129 0.320159211303414126
 1.56886899534371382 0.319222744747626741
 1.58342155192779788 0.318289882905340993
 1.59733776655359017 0.317360829374358333
 1.61065299693935415 0.316435562306876694
 1.62340110519551750 0.315513876718621189
 1.63561437227960260 0.314595418064863741
 1.64732345676853553 0.313679714195347847
 1.65855738786874918 0.312766193485264687
 1.66934358436067853 0.311854191318451435
 1.67970789272411247 0.310942959884195458
 1.68967463901601400 0.310031686445123189
 1.69926669018716248 0.309119510414947340
 1.70850552144921330 0.308205523052653640
 1.71741128706292590 0.307288751340965560
 1.72600289253504613 0.306368141631947977
 1.73429806670776032 0.305442553617929768
 1.74231343262087002 0.304510767100288460
 1.75006457634046853 0.303571493868650011
 1.75756611319403411 0.302623386501055136
 1.76483175104333090 0.301665044166045782
 1.77187435037395868 0.300695016448799979
 1.77870598109268663 0.299711805231477502
 1.78533797600803945 0.298713866507829606
 1.79178098103187544 0.297699612325890484
 1.79804500218465790 0.296667410542256427
 1.80413944951857586 0.295615581603557609
 1.81007317809370161 0.294542393939858427
 1.81585452615539600 0.293446059778846691
 1.82149135066809720 0.292324732358276884
 1.82699106036302350 0.291176504554848392
 1.83236064645632535 0.289999408226423894
 1.83760671119080277 0.288791413754548809
 1.84273549434916850 0.287550429917015182
 1.84775289788055153 0.286274304460373774
 1.85266450877491584 0.284960825698603704
 1.85747562031265367 0.283607725332345961
 1.86219125180903466 0.282212682450314778
 1.86681616696562358 0.280773328573798941
 1.87135489093338148 0.279287253753153164
 1.87581172618498138 0.277752013939823406
 1.88019076728701284 0.276165139976294383
 1.88449591465621968 0.274524148578760174
 1.88873088737776040 0.272826555710011520
 1.89289923515769787 0.271069892770313181
 1.89700434947652008 0.269251726046392026
 1.90104947400545554 0.267369679844913000
 1.90503771434267422 0.265421463689463510
 1.90897204712212654 0.263404903878001639
 1.91285532854377660 0.261317979611401241
 1.91669030237027949 0.259158863828496955
 1.92047960743175627 0.256925968770456203
 1.92422578467718974 0.254617996101087041
 1.92793128380807777 0.252233991126397161
 1.93159846952735892 0.249773400339225182
 1.93522962743418470 0.247236131123088704
 1.93882696959291567 0.244622611997586392
 1.94239263980269272 0.241933851103516312
 1.94592871859206551 0.239171489914343671
 1.94943722796150132 0.236337848127369909
 1.95292013589503810 0.233435954989090394
 1.95637936066096163 0.230469561272070300
 1.95981677492010453 0.227443125858242473
 1.96323420965923701 0.224361770729466559
 1.96663345796595213 0.221231198019468833
 1.97001627866054196 0.218057566832509681
 1.97338439979950442 0.214847323996341655
 1.97673952206458559 0.211607000723463889
 1.98008332205058002 0.208342968685215152
 1.98341745546455739 0.205061194818476678
 1.98674356024864895 0.201766991394400685
 1.99006325963809938 0.198464806054240439
 1.99337816516593191 0.195158114514094150
 1.99668987962525302 0.191849295834801203
 2.00000000000000000 0.188539833192119505
