 0.000000000000000000E+00 -0.000000000000000000E+00
 0.331012037474653908E-02 -0.238417416229585589E-08
 0.662183483406764140E-02 -0.115118782509231162E-07
 0.993674036189995391E-02 -0.254406359421875619E-07
 0.132564397513506016E-01 -0.437220215954426778E-07
 0.165825445354421674E-01 -0.654371341905147583E-07
 0.199166779494195367E-01 -0.899328827609667608E-07
 0.232604779354139701E-01 -0.116638231277301030E-06
 0.266156002004951375E-01 -0.145086783603885775E-06
 0.299837213394578139E-01 -0.174915746433607397E-06
 0.333665420340474306E-01 -0.205813553185569658E-06
 0.367657903407625497E-01 -0.237538133309004235E-06
 0.401832250798950241E-01 -0.269872458570280804E-06
 0.436206393390381475E-01 -0.302642477069638815E-06
 0.470798641049610112E-01 -0.335687421251115595E-06
 0.505627720384977941E-01 -0.368873377123379840E-06
 0.540712814079340465E-01 -0.402074577512737398E-06
 0.576073601973068339E-01 -0.435182441362289250E-06
 0.611730304070841058E-01 -0.468094123700711320E-06
 0.647703725658153040E-01 -0.500718255359783143E-06
 0.684015304726404150E-01 -0.532968210091517045E-06
 0.720687161919215669E-01 -0.564765768711145458E-06
 0.757742153228098125E-01 -0.596037358589770705E-06
 0.795203925682432811E-01 -0.626716472820366871E-06
 0.833096976297200698E-01 -0.656741725669758216E-06
 0.871446714562229552E-01 -0.686058522812471544E-06
 0.910279528778730196E-01 -0.714618158825374332E-06
 0.949622856573255625E-01 -0.742378977615327034E-06
 0.989505259945437921E-01 -0.769306028664335712E-06
 0.102995650523479032 -0.795371923839034252E-06
 0.107100764842301688 -0.820556811231707513E-06
 0.111269112622238708 -0.844848932344462030E-06
 0.115504085343779872 -0.868244532651003027E-06
 0.119809232712986713 -0.890748020798725093E-06
 0.124188273815018180 -0.912371773607039750E-06
 0.128645109066618080 -0.933136115133479097E-06
 0.133183833034375976 -0.953069078090830613E-06
 0.137808748190964891 -0.972206148420082653E-06
 0.142524379687345437 -0.990589736930986962E-06
 0.147335491225083715 -0.100826859210302688E-05
 0.152247102119448030 -0.102529720713311682E-05
 0.157264505650830833 -0.104173532178790097E-05
 0.162393288809196790 -0.105764718921510425E-05
 0.167639353543673986 -0.107310034625852073E-05
 0.173008939636976056 -0.108816379098909684E-05
 0.178508649331902358 -0.110290569083707941E-05
 0.184145473844603558 -0.111739075817869899E-05
 0.189926821906297949 -0.113167777917633878E-05
 0.195860550481423701 -0.114581802193003513E-05
 0.201954997815341208 -0.115985465521112788E-05
 0.208219018968123892 -0.117382221945837327E-05
 0.214662023991960105 -0.118774510300246053E-05
 0.221294018907312928 -0.120163504094660031E-05
 0.228125649626040428 -0.121548849255324954E-05
 0.235168248956668657 -0.122928501745893134E-05
 0.242433886805965448 -0.124298769437756900E-05
 0.249935423659531253 -0.125654557155925053E-05
 0.257686567379129539 -0.126989720553085612E-05
 0.265701933292239012 -0.128297435903146250E-05
 0.273997107464953427 -0.129570412934514029E-05
 0.282588712937073661 -0.130800880151906038E-05
 0.291494478550786251 -0.131980539716821676E-05
 0.300733309812837302 -0.133100348467670328E-05
 0.310325360983985998 -0.134149535289362999E-05
 0.320292107275887084 -0.135114009345728062E-05
 0.330656415639321022 -0.135975310314173944E-05
 0.341442612131250156 -0.136711064182892567E-05
 0.352676543231464024 -0.137296538525877421E-05
 0.364385627720396954 -0.137706278786558204E-05
 0.376598894804481832 -0.137915472811231822E-05
 0.389347003060644958 -0.137900821894866102E-05
 0.402662233446409612 -0.137641058690609500E-05
 0.416578448072201457 -0.137117340677429567E-05
 0.431131004656285288 -0.136313270566760476E-05
 0.446356614599918045 -0.135214230711937298E-05
 0.462293130484153547 -0.133806647306580152E-05
 0.478979246603053799 -0.132077746477049432E-05
 0.496454094083784270 -0.130015257751964083E-05
 0.514756710468977419 -0.127605522067271561E-05
 0.533925362737153852 -0.124831100973673295E-05
 0.553996703141117930 -0.121672895471745250E-05
 0.575004739633996120 -0.118113843787780459E-05
 0.596979607850977034 -0.114135776631252265E-05
 0.619946140532487755 -0.109712034546962286E-05
 0.643922243792862670 -0.104806462379797668E-05
 0.668917108408850547 -0.993782557619652306E-06
 0.694929308450184635 -0.933868774023392175E-06
 0.721944868322298650 -0.867920604059342678E-06
 0.749935410556105575 -0.795510166784976323E-06
 0.778856526762241597 -0.716309291161557409E-06
 0.808646537709191593 -0.630250089472036242E-06
 0.839225818902016085 -0.537517857326171550E-06
 0.870496858588253319 -0.438547949702069602E-06
 0.902345180596794139 -0.334113348771910218E-06
 0.934641203204055193 -0.225336396076338243E-06
 0.967243021066621855 -0.113620638428832339E-06
 0.999999999999999556 -0.568656909653053223E-09
 1.03275697893337726 0.112113637968980215E-06
 1.06535879679594414 0.222864011816817975E-06
 1.09765481940320497 0.330388385438917704E-06
 1.12950314141174601 0.433517928734565694E-06
 1.16077418109798325 0.531203298521410815E-06
 1.19135346229080774 0.622667747611241192E-06
 1.22114347323775752 0.707483254429812606E-06
 1.25006458944389376 0.785565519609080439E-06
 1.27805513167770068 0.857101737221850601E-06
 1.30507069154981470 0.922455515352151988E-06
 1.33108289159114879 0.981978608207575789E-06
 1.35607775620713644 0.103597347791680617E-05
 1.38005385946751158 0.108474379100591726E-05
 1.40302039214902230 0.112857779891462683E-05
 1.42499526036600299 0.116777439252111513E-05
 1.44600329685888118 0.120261759989548718E-05
 1.46607463726284526 0.123329920285880626E-05
 1.48524328953102192 0.125993147716883436E-05
 1.50354590591621506 0.128264237094657771E-05
 1.52102075339694531 0.130164847889135823E-05
 1.53770686951584601 0.131721562159650589E-05
 1.55364338540008129 0.132958397691090224E-05
 1.56886899534371382 0.133895768959305917E-05
 1.58342155192779788 0.134553776971133824E-05
 1.59733776655359017 0.134953945114344166E-05
 1.61065299693935415 0.135118445999881525E-05
 1.62340110519551750 0.135068927780077246E-05
 1.63561437227960260 0.134826103352679548E-05
 1.64732345676853553 0.134409627657914926E-05
 1.65855738786874918 0.133838010194299553E-05
 1.66934358436067853 0.133128442550996784E-05
 1.67970789272411247 0.132296578326050895E-05
 1.68967463901601400 0.131356944197957244E-05
 1.69926669018716248 0.130323617562075732E-05
 1.70850552144921330 0.129210321216142043E-05
 1.71741128706292590 0.128030193074187895E-05
 1.72600289253504613 0.126795743010233738E-05
 1.73429806670776032 0.125518832099591302E-05
 1.74231343262087002 0.124210403331099540E-05
 1.75006457634046853 0.122880074463046202E-05
 1.75756611319403411 0.121535818777926342E-05
 1.76483175104333090 0.120183852470697993E-05
 1.77187435037395868 0.118828726620427607E-05
 1.77870598109268663 0.117473514101505162E-05
 1.78533797600803945 0.116119896892605208E-05
 1.79178098103187544 0.114768063533069372E-05
 1.79804500218465790 0.113416564078258831E-05
 1.80413944951857586 0.112062288000173568E-05
 1.81007317809370161 0.110700606008194230E-05
 1.81585452615539600 0.109325660774078877E-05
 1.82149135066809720 0.107930759705886361E-05
 1.82699106036302350 0.106508786935284525E-05
 1.83236064645632535 0.105052545283276991E-05
 1.83760671119080277 0.103554985889519026E-05
 1.84273549434916850 0.102009351129914435E-05
 1.84775289788055153 0.100409270940256572E-05
 1.85266450877491584 0.987488362768909190E-06
 1.85747562031265367 0.970226483520313573E-06
 1.86219125180903466 0.952258445457071474E-06
 1.86681616696562358 0.933541047713259412E-06
 1.87135489093338148 0.914036633651196984E-06
 1.87581172618498138 0.893713335797977776E-06
 1.88019076728701284 0.872545531775928134E-06
 1.88449591465621968 0.850514225910058747E-06
 1.88873088737776040 0.827607489629179548E-06
 1.89289923515769787 0.803820699292347759E-06
 1.89700434947652008 0.779156918943589185E-06
 1.90104947400545554 0.753626892609482459E-06
 1.90503771434267422 0.727249253203467737E-06
 1.90897204712212654 0.700050107177815552E-06
 1.91285532854377660 0.672063187182152070E-06
 1.91669030237027949 0.643329114825641970E-06
 1.92047960743175627 0.613895788436500885E-06
 1.92422578467718974 0.583817269915602053E-06
 1.92793128380807777 0.553154660808438225E-06
 1.93159846952735892 0.521974440168707225E-06
 1.93522962743418470 0.490350280953548138E-06
 1.93882696959291567 0.458360552094471146E-06
 1.94239263980269272 0.426091817451709065E-06
 1.94592871859206551 0.393635101719019733E-06
 1.94943722796150132 0.361092344784240428E-06
 1.95292013589503810 0.328570744312183134E-06
 1.95637936066096163 0.296193912124483890E-06
 1.95981677492010453 0.264093105912896659E-06
 1.96323420965923701 0.232425561071011658E-06
 1.96663345796595213 0.201361398968781797E-06
 1.97001627866054196 0.171112696311718382E-06
 1.97338439979950442 0.141916096889686366E-06
 1.97673952206458559 0.114076126748408801E-06
 1.98008332205058002 0.879473352330386666E-07
 1.98341745546455739 0.639852289098622978E-07
 1.98674356024864895 0.427473473127161074E-07
 1.99006325963809938 0.248710303338296087E-07
 1.99337816516593191 0.112531620311899007E-07
 1.99668987962525302 0.233046216736579928E-08
 2.00000000000000000 -0.000000000000000000E+00
