 0.000000000000000000E+00 0.000000000000000000E+00
 0.331012037474653908E-02 0.385755191878821489E-04
 0.662183483406764140E-02 0.234566681735207285E-03
 0.993674036189995391E-02 0.526558192862924845E-03
 0.132564397513506016E-01 0.837246376429678810E-03
 0.165825445354421674E-01 0.106342699972720393E-02
 0.199166779494195367E-01 0.113109335779870051E-02
 0.232604779354139701E-01 0.998239299344494228E-03
 0.266156002004951375E-01 0.659680593110272104E-03
 0.299837213394578139E-01 0.138524540564588375E-03
 0.333665420340474306E-01 -0.524073506826534525E-03
 0.367657903407625497E-01 -0.127943010268781292E-02
 0.401832250798950241E-01 -0.207895560642180639E-02
 0.436206393390381475E-01 -0.287911808911285160E-02
 0.470798641049610112E-01 -0.364391088256343573E-02
 0.505627720384977941E-01 -0.434567049087762267E-02
 0.540712814079340465E-01 -0.496483582944744206E-02
 0.576073601973068339E-01 -0.548908844763920829E-02
 0.611730304070841058E-01 -0.591220142565762261E-02
 0.647703725658153040E-01 -0.623279471731829054E-02
 0.684015304726404150E-01 -0.645317166451774525E-02
 0.720687161919215669E-01 -0.657831172334342670E-02
 0.757742153228098125E-01 -0.661505193475155073E-02
 0.795203925682432811E-01 -0.657142119460408115E-02
 0.833096976297200698E-01 -0.645608931316893429E-02
 0.871446714562229552E-01 -0.627791111810031398E-02
 0.910279528778730196E-01 -0.604557771643699643E-02
 0.949622856573255625E-01 -0.576737107786727109E-02
 0.989505259945437921E-01 -0.545100281606103552E-02
 0.102995650523479032 -0.510352384869118894E-02
 0.107100764842301688 -0.473132366244554282E-02
 0.111269112622238708 -0.434022641318857101E-02
 0.115504085343779872 -0.393560465245844978E-02
 0.119809232712986713 -0.352238855304751013E-02
 0.124188273815018180 -0.310496263278007330E-02
 0.128645109066618080 -0.268707013164708663E-02
 0.133183833034375976 -0.227182245422761966E-02
 0.137808748190964891 -0.186181256486218959E-02
 0.142524379687345437 -0.145927029397869006E-02
 0.147335491225083715 -0.106612959029615188E-02
 0.152247102119448030 -0.683961047780222127E-03
 0.157264505650830833 -0.313953111146317635E-03
 0.162393288809196790 0.429573427111221785E-04
 0.167639353543673986 0.385974481580261320E-03
 0.173008939636976056 0.714465375977945132E-03
 0.178508649331902358 0.102798113311045351E-02
 0.184145473844603558 0.132618575388718522E-02
 0.189926821906297949 0.160877874127476374E-02
 0.195860550481423701 0.187556073881746345E-02
 0.201954997815341208 0.212665960332836506E-02
 0.208219018968123892 0.236253521408542021E-02
 0.214662023991960105 0.258366688121087129E-02
 0.221294018907312928 0.279031942891786811E-02
 0.228125649626040428 0.298246865543681230E-02
 0.235168248956668657 0.315994667999539014E-02
 0.242433886805965448 0.332266415631817446E-02
 0.249935423659531253 0.347073439936537199E-02
 0.257686567379129539 0.360458426990657678E-02
 0.265701933292239012 0.372475675513905292E-02
 0.273997107464953427 0.383162116305786529E-02
 0.282588712937073661 0.392534274358311182E-02
 0.291494478550786251 0.400624801525062413E-02
 0.300733309812837302 0.407465383229526062E-02
 0.310325360983985998 0.413030901088224257E-02
 0.320292107275887084 0.417255998357245628E-02
 0.330656415639321022 0.420113887072848594E-02
 0.341442612131250156 0.421668415857498046E-02
 0.352676543231464024 0.421949796415905902E-02
 0.364385627720396954 0.420900835489831752E-02
 0.376598894804481832 0.418413249574462430E-02
 0.389347003060644958 0.414402743915681920E-02
 0.402662233446409612 0.408930884176587038E-02
 0.416578448072201457 0.402195082034016022E-02
 0.431131004656285288 0.394257161308787796E-02
 0.446356614599918045 0.385059002862293484E-02
 0.462293130484153547 0.374708723333854951E-02
 0.478979246603053799 0.363182948044463595E-02
 0.496454094083784270 0.350385709896517458E-02
 0.514756710468977419 0.336399033667232009E-02
 0.533925362737153852 0.321412221548853178E-02
 0.553996703141117930 0.305682257908308124E-02
 0.575004739633996120 0.289408231081214390E-02
 0.596979607850977034 0.272577402594097575E-02
 0.619946140532487755 0.255174883775722075E-02
 0.643922243792862670 0.237359460811398942E-02
 0.668917108408850547 0.219006555446172408E-02
 0.694929308450184635 0.200228849961954719E-02
 0.721944868322298650 0.181123074047746108E-02
 0.749935410556105575 0.161777874044905564E-02
 0.778856526762241597 0.142290188128326540E-02
 0.808646537709191593 0.122517292889557706E-02
 0.839225818902016085 0.102399496816139250E-02
 0.870496858588253319 0.819242464275599493E-03
 0.902345180596794139 0.612185525932838629E-03
 0.934641203204055193 0.405349041168225402E-03
 0.967243021066621855 0.199513077503948909E-03
 0.999999999999999556 -0.535455243320749097E-05
 1.03275697893337726 -0.209297384621892683E-03
 1.06535879679594414 -0.413537292350782480E-03
 1.09765481940320497 -0.618053266278107230E-03
 1.12950314141174601 -0.821833402666069654E-03
 1.16077418109798325 -0.102329678293067530E-02
 1.19135346229080774 -0.122185760414411366E-02
 1.22114347323775752 -0.141805131786904817E-02
 1.25006458944389376 -0.161207864463442253E-02
 1.27805513167770068 -0.180373121439210676E-02
 1.30507069154981470 -0.199203590508355722E-02
 1.33108289159114879 -0.217748331563737390E-02
 1.35607775620713644 -0.235880631957698919E-02
 1.38005385946751158 -0.253485823922991243E-02
 1.40302039214902230 -0.270589476982480278E-02
 1.42499526036600299 -0.286956753173091966E-02
 1.44600329685888118 -0.302544195782339159E-02
 1.46607463726284526 -0.317406477794457062E-02
 1.48524328953102192 -0.331551365847991249E-02
 1.50354590591621506 -0.344887577543352003E-02
 1.52102075339694531 -0.357469631017304397E-02
 1.53770686951584601 -0.369302075001500278E-02
 1.55364338540008129 -0.380119738160317406E-02
 1.56886899534371382 -0.389551254823764393E-02
 1.58342155192779788 -0.397486080572219402E-02
 1.59733776655359017 -0.403977458934054370E-02
 1.61065299693935415 -0.409050313497954631E-02
 1.62340110519551750 -0.412684965142056260E-02
 1.63561437227960260 -0.414801260158425330E-02
 1.64732345676853553 -0.415441358562892212E-02
 1.65855738786874918 -0.414718776808355259E-02
 1.66934358436067853 -0.412789958414579682E-02
 1.67970789272411247 -0.409778721481455967E-02
 1.68967463901601400 -0.405664817657424778E-02
 1.69926669018716248 -0.400384164201153959E-02
 1.70850552144921330 -0.393857182054670098E-02
 1.71741128706292590 -0.386000019550955054E-02
 1.72600289253504613 -0.376733734610293141E-02
 1.73429806670776032 -0.366011396712562958E-02
 1.74231343262087002 -0.353807729802367490E-02
 1.75006457634046853 -0.340108909870160108E-02
 1.75756611319403411 -0.324938967584054769E-02
 1.76483175104333090 -0.308373708281506082E-02
 1.77187435037395868 -0.290488476968295967E-02
 1.77870598109268663 -0.271299622273784430E-02
 1.78533797600803945 -0.250767551737697417E-02
 1.79178098103187544 -0.228825745439570913E-02
 1.79804500218465790 -0.205399283862622156E-02
 1.80413944951857586 -0.180421787616844497E-02
 1.81007317809370161 -0.153859096346410282E-02
 1.81585452615539600 -0.125724704120379598E-02
 1.82149135066809720 -0.960614845285315960E-03
 1.82699106036302350 -0.649090875006000010E-03
 1.83236064645632535 -0.322990505495965665E-03
 1.83760671119080277 0.172423555827927384E-04
 1.84273549434916850 0.370816966846598058E-03
 1.84775289788055153 0.736592591494662384E-03
 1.85266450877491584 0.111326134421027871E-02
 1.85747562031265367 0.149950447173210024E-02
 1.86219125180903466 0.189399716528895106E-02
 1.86681616696562358 0.229524058939978726E-02
 1.87135489093338148 0.270132570316671981E-02
 1.87581172618498138 0.310979262672017457E-02
 1.88019076728701284 0.351762133743043067E-02
 1.88449591465621968 0.392125754294345760E-02
 1.88873088737776040 0.431659285825540962E-02
 1.89289923515769787 0.469890932609597512E-02
 1.89700434947652008 0.506283869647601841E-02
 1.90104947400545554 0.540236092348255707E-02
 1.90503771434267422 0.571084262718272572E-02
 1.90897204712212654 0.598108808475054671E-02
 1.91285532854377660 0.620537697414548332E-02
 1.91669030237027949 0.637552493652093332E-02
 1.92047960743175627 0.648302286099343601E-02
 1.92422578467718974 0.651927712191784515E-02
 1.92793128380807777 0.647594877899772530E-02
 1.93159846952735892 0.634539308684523538E-02
 1.93522962743418470 0.612119982718407549E-02
 1.93882696959291567 0.579885987693779144E-02
 1.94239263980269272 0.537658130292399412E-02
 1.94592871859206551 0.485625486774318195E-02
 1.94943722796150132 0.424450632930662743E-02
 1.95292013589503810 0.355377596120605823E-02
 1.95637936066096163 0.280331794573579094E-02
 1.95981677492010453 0.201999310393092884E-02
 1.96323420965923701 0.123855982926908718E-02
 1.96663345796595213 0.501012825635811353E-03
 1.97001627866054196 -0.145661249474190438E-03
 1.97338439979950442 -0.654200481812222353E-03
 1.97673952206458559 -0.984448905512540131E-03
 1.98008332205058002 -0.111365459453149321E-02
 1.98341745546455739 -0.104657650884113678E-02
 1.98674356024864895 -0.824010219220335915E-03
 1.99006325963809938 -0.518336285959272313E-03
 1.99337816516593191 -0.230954322804285430E-03
 1.99668987962525302 -0.380326042690789520E-04
 2.00000000000000000 0.000000000000000000E+00
