 0.000000000000000000E+00 -0.000000000000000000E+00
 0.331012037474653908E-02 -0.834619986339177528E-04
 0.662183483406764140E-02 -0.841309501469691664E-03
 0.993674036189995391E-02 -0.291251227646446582E-02
 0.132564397513506016E-01 -0.693378070954147208E-02
 0.165825445354421674E-01 -0.133544290701202092E-01
 0.199166779494195367E-01 -0.224402382495512941E-01
 0.232604779354139701E-01 -0.342280189639759813E-01
 0.266156002004951375E-01 -0.485602064796670646E-01
 0.299837213394578139E-01 -0.651231096373054708E-01
 0.333665420340474306E-01 -0.835004489389768179E-01
 0.367657903407625497E-01 -0.103222489496310840
 0.401832250798950241E-01 -0.123807739723145405
 0.436206393390381475E-01 -0.144794426204766374
 0.470798641049610112E-01 -0.165761677676646429
 0.505627720384977941E-01 -0.186342051903464700
 0.540712814079340465E-01 -0.206227086439204482
 0.576073601973068339E-01 -0.225167885925363132
 0.611730304070841058E-01 -0.242972330557921251
 0.647703725658153040E-01 -0.259500244157129911
 0.684015304726404150E-01 -0.274657462841372324
 0.720687161919215669E-01 -0.288389494650916067
 0.757742153228098125E-01 -0.300675245429922466
 0.795203925682432811E-01 -0.311521128554591797
 0.833096976297200698E-01 -0.320955733696272838
 0.871446714562229552E-01 -0.329025116394635331
 0.910279528778730196E-01 -0.335788687260337615
 0.949622856573255625E-01 -0.341315632351981479
 0.989505259945437921E-01 -0.345681794191207203
 0.102995650523479032 -0.348966976465695133
 0.107100764842301688 -0.351252666346236642
 0.111269112622238708 -0.352620172522966291
 0.115504085343779872 -0.353149160310050947
 0.119809232712986713 -0.352916536416950699
 0.124188273815018180 -0.351995610702774742
 0.128645109066618080 -0.350455459170166905
 0.133183833034375976 -0.348360432212441007
 0.137808748190964891 -0.345769786184272787
 0.142524379687345437 -0.342737467106724425
 0.147335491225083715 -0.339312111164157382
 0.152247102119448030 -0.335537276577822674
 0.157264505650830833 -0.331451814922109567
 0.162393288809196790 -0.327090240419725176
 0.167639353543673986 -0.322482991261474339
 0.173008939636976056 -0.317656576833513005
 0.178508649331902358 -0.312633720154203376
 0.184145473844603558 -0.307433658709012958
 0.189926821906297949 -0.302072678221995294
 0.195860550481423701 -0.296564680192993979
 0.201954997815341208 -0.290921487182499383
 0.208219018968123892 -0.285152933038402778
 0.214662023991960105 -0.279267092059249933
 0.221294018907312928 -0.273270847985200793
 0.228125649626040428 -0.267170543916668057
 0.235168248956668657 -0.260972283135458505
 0.242433886805965448 -0.254681754153248285
 0.249935423659531253 -0.248303781192567519
 0.257686567379129539 -0.241842157869132601
 0.265701933292239012 -0.235300143555616875
 0.273997107464953427 -0.228681181502756792
 0.282588712937073661 -0.221989360119025481
 0.291494478550786251 -0.215229625658003104
 0.300733309812837302 -0.208408130124661806
 0.310325360983985998 -0.201532865527507293
 0.320292107275887084 -0.194614185993218225
 0.330656415639321022 -0.187664426074797858
 0.341442612131250156 -0.180695200496795383
 0.352676543231464024 -0.173715379776056500
 0.364385627720396954 -0.166732959031030831
 0.376598894804481832 -0.159756926312659225
 0.389347003060644958 -0.152796973205041209
 0.402662233446409612 -0.145862676634800625
 0.416578448072201457 -0.138961685692624320
 0.431131004656285288 -0.132099218415235170
 0.446356614599918045 -0.125282433004324761
 0.462293130484153547 -0.118522005796843424
 0.478979246603053799 -0.111830472100448081
 0.496454094083784270 -0.105217950421942250
 0.514756710468977419 -0.986923458461312908E-01
 0.533925362737153852 -0.922567919590052132E-01
 0.553996703141117930 -0.859138132501933161E-01
 0.575004739633996120 -0.796742343430952016E-01
 0.596979607850977034 -0.735521257527833039E-01
 0.619946140532487755 -0.675526799459311017E-01
 0.643922243792862670 -0.616709911204936581E-01
 0.668917108408850547 -0.559072850759039647E-01
 0.694929308450184635 -0.502695202947439496E-01
 0.721944868322298650 -0.447620184637770591E-01
 0.749935410556105575 -0.393862039587253368E-01
 0.778856526762241597 -0.341371518823502806E-01
 0.808646537709191593 -0.290069829708271172E-01
 0.839225818902016085 -0.239852742015997968E-01
 0.870496858588253319 -0.190535005330409214E-01
 0.902345180596794139 -0.141843843310607686E-01
 0.934641203204055193 -0.935870315465872800E-02
 0.967243021066621855 -0.456762456428194945E-02
 0.999999999999999556 0.201348961580563612E-03
 1.03275697893337726 0.496653893208764182E-02
 1.06535879679594414 0.975005668478254664E-02
 1.09765481940320497 0.145784626994810689E-01
 1.12950314141174601 0.194718792604966044E-01
 1.16077418109798325 0.244410293451747702E-01
 1.19135346229080774 0.294938943377254931E-01
 1.22114347323775752 0.346424619955597035E-01
 1.25006458944389376 0.398970423993516704E-01
 1.27805513167770068 0.452677387681662061E-01
 1.30507069154981470 0.507597914859017896E-01
 1.33108289159114879 0.563664628694989234E-01
 1.35607775620713644 0.620781580485141871E-01
 1.38005385946751158 0.678939943472144647E-01
 1.40302039214902230 0.738213828720663823E-01
 1.42499526036600299 0.798676961215475240E-01
 1.44600329685888118 0.860368682196643447E-01
 1.46607463726284526 0.923283925692801183E-01
 1.48524328953102192 0.987416083457154925E-01
 1.50354590591621506 0.105268449394576732
 1.52102075339694531 0.111892247914131354
 1.53770686951584601 0.118597269943206338
 1.55364338540008129 0.125373513508067941
 1.56886899534371382 0.132211092814009251
 1.58342155192779788 0.139100221083881093
 1.59733776655359017 0.146032637394561765
 1.61065299693935415 0.152999654101380778
 1.62340110519551750 0.159990941624912369
 1.63561437227960260 0.166995395678950054
 1.64732345676853553 0.174004008365112928
 1.65855738786874918 0.181009988236727787
 1.66934358436067853 0.188005686893855994
 1.67970789272411247 0.194982393668436088
 1.68967463901601400 0.201930309689011073
 1.69926669018716248 0.208838087203215506
 1.70850552144921330 0.215694999849394109
 1.71741128706292590 0.222492429655007651
 1.72600289253504613 0.229223028992223687
 1.73429806670776032 0.235879931763938844
 1.74231343262087002 0.242456651338173818
 1.75006457634046853 0.248947425456844340
 1.75756611319403411 0.255347297520329197
 1.76483175104333090 0.261651356220560793
 1.77187435037395868 0.267854268774822546
 1.77870598109268663 0.273950791110843750
 1.78533797600803945 0.279936396695643241
 1.79178098103187544 0.285807063596383637
 1.79804500218465790 0.291558429649185213
 1.80413944951857586 0.297185068576347078
 1.81007317809370161 0.302680114223400909
 1.81585452615539600 0.308034926534747400
 1.82149135066809720 0.313238558824214253
 1.82699106036302350 0.318277063698776619
 1.83236064645632535 0.323132802452294754
 1.83760671119080277 0.327783920771700932
 1.84273549434916850 0.332204075546699007
 1.84775289788055153 0.336362346863535722
 1.85266450877491584 0.340223158532629022
 1.85747562031265367 0.343746083920539403
 1.86219125180903466 0.346885564501739019
 1.86681616696562358 0.349590683475787978
 1.87135489093338148 0.351805123365207695
 1.87581172618498138 0.353467331305356736
 1.88019076728701284 0.354510849190639521
 1.88449591465621968 0.354864762324455796
 1.88873088737776040 0.354454237350934176
 1.89289923515769787 0.353201164286247926
 1.89700434947652008 0.351024973071524027
 1.90104947400545554 0.347843699651428306
 1.90503771434267422 0.343575341613685359
 1.90897204712212654 0.338139533620439248
 1.91285532854377660 0.331459593807383768
 1.91669030237027949 0.323465014298201403
 1.92047960743175627 0.314094473794877260
 1.92422578467718974 0.303299437034723340
 1.92793128380807777 0.291048383109832054
 1.93159846952735892 0.277331677482438199
 1.93522962743418470 0.262167073245474502
 1.93882696959291567 0.245605785051861231
 1.94239263980269272 0.227738996240728769
 1.94592871859206551 0.208704514354331211
 1.94943722796150132 0.188693097480409383
 1.95292013589503810 0.167953711916246806
 1.95637936066096163 0.146796703660847988
 1.95981677492010453 0.125593475591945752
 1.96323420965923701 0.104771044464522220
 1.96663345796595213 0.847994274242337143E-01
 1.97001627866054196 0.661701371829759022E-01
 1.97338439979950442 0.493640901893745293E-01
 1.97673952206458559 0.348089677285998642E-01
 1.98008332205058002 0.228288196822019791E-01
 1.98341745546455739 0.135889918355657762E-01
 1.98674356024864895 0.705647483078247241E-02
 1.99006325963809938 0.296402018418304635E-02
 1.99337816516593191 0.856049602044720395E-03
 1.99668987962525302 0.848972528583427275E-04
 2.00000000000000000 -0.000000000000000000E+00
