 0.000000000000000000E+00 -0.000000000000000000E+00
 0.331012037474653908E-02 -0.201525785555164177E-08
 0.662183483406764140E-02 -0.404242536969276808E-07
 0.993674036189995391E-02 -0.165512683410521237E-06
 0.132564397513506016E-01 -0.412888907128695426E-06
 0.165825445354421674E-01 -0.778346985995597868E-06
 0.199166779494195367E-01 -0.122505560250584513E-05
 0.232604779354139701E-01 -0.168394282097480489E-05
 0.266156002004951375E-01 -0.206401654969430598E-05
 0.299837213394578139E-01 -0.226067818985266507E-05
 0.333665420340474306E-01 -0.216573931554944557E-05
 0.367657903407625497E-01 -0.167598898905883311E-05
 0.401832250798950241E-01 -0.699934327079398719E-06
 0.436206393390381475E-01 0.838697787671317582E-06
 0.470798641049610112E-01 0.300121227875256932E-05
 0.505627720384977941E-01 0.583770539140014238E-05
 0.540712814079340465E-01 0.939287061766123365E-05
 0.576073601973068339E-01 0.137116443890069890E-04
 0.611730304070841058E-01 0.188427187264169812E-04
 0.647703725658153040E-01 0.248390428524758645E-04
 0.684015304726404150E-01 0.317554704715854942E-04
 0.720687161919215669E-01 0.396439956215704033E-04
 0.757742153228098125E-01 0.485466964983630861E-04
 0.795203925682432811E-01 0.584863305362003615E-04
 0.833096976297200698E-01 0.694551728566496126E-04
 0.871446714562229552E-01 0.814039815682976908E-04
 0.910279528778730196E-01 0.942337926263552608E-04
 0.949622856573255625E-01 0.107792825282344214E-03
 0.989505259945437921E-01 0.121879524059822207E-03
 0.102995650523479032 0.136251299186912272E-03
 0.107100764842301688 0.150637173915293450E-03
 0.111269112622238708 0.164751839408006247E-03
 0.115504085343779872 0.178309029913836494E-03
 0.119809232712986713 0.191033347305474539E-03
 0.124188273815018180 0.202670441383030802E-03
 0.128645109066618080 0.212994679911331487E-03
 0.133183833034375976 0.221812082015525037E-03
 0.137808748190964891 0.228956699274402104E-03
 0.142524379687345437 0.234280882253509357E-03
 0.147335491225083715 0.237641794424823583E-03
 0.152247102119448030 0.238888140687958252E-03
 0.157264505650830833 0.237853236900904900E-03
 0.162393288809196790 0.234359870737887077E-03
 0.167639353543673986 0.228235540664290274E-03
 0.173008939636976056 0.219328381353770419E-03
 0.178508649331902358 0.207514308722528965E-03
 0.184145473844603558 0.192694733980081203E-03
 0.189926821906297949 0.174794699387906293E-03
 0.195860550481423701 0.153778820769224074E-03
 0.201954997815341208 0.129689886785157890E-03
 0.208219018968123892 0.102683415813119728E-03
 0.214662023991960105 0.730258004343608549E-04
 0.221294018907312928 0.410610604023729350E-04
 0.228125649626040428 0.718487193642940449E-05
 0.235168248956668657 -0.281491413925332722E-04
 0.242433886805965448 -0.644062550909016012E-04
 0.249935423659531253 -0.100969262270651636E-03
 0.257686567379129539 -0.137175892914684155E-03
 0.265701933292239012 -0.172358280218335466E-03
 0.273997107464953427 -0.205848592606257995E-03
 0.282588712937073661 -0.236971592796496073E-03
 0.291494478550786251 -0.265042455499531432E-03
 0.300733309812837302 -0.289395513599479152E-03
 0.310325360983985998 -0.309460397521884450E-03
 0.320292107275887084 -0.324810434231610225E-03
 0.330656415639321022 -0.335140665999287505E-03
 0.341442612131250156 -0.340266626581532141E-03
 0.352676543231464024 -0.340342680561729898E-03
 0.364385627720396954 -0.336178804100190152E-03
 0.376598894804481832 -0.329099980010417559E-03
 0.389347003060644958 -0.320282190180035532E-03
 0.402662233446409612 -0.310106736551404058E-03
 0.416578448072201457 -0.297801937026706759E-03
 0.431131004656285288 -0.281072527799479464E-03
 0.446356614599918045 -0.256294476802319425E-03
 0.462293130484153547 -0.220046352864056090E-03
 0.478979246603053799 -0.171433046759449364E-03
 0.496454094083784270 -0.113682804803069497E-03
 0.514756710468977419 -0.528372640723279245E-04
 0.533925362737153852 0.537365269940709202E-05
 0.553996703141117930 0.566401211818227617E-04
 0.575004739633996120 0.962928920796295461E-04
 0.596979607850977034 0.119638891744971236E-03
 0.619946140532487755 0.125147490900464741E-03
 0.643922243792862670 0.115231878181458185E-03
 0.668917108408850547 0.934023764954240683E-04
 0.694929308450184635 0.624571713230668055E-04
 0.721944868322298650 0.260508788429101581E-04
 0.749935410556105575 -0.100105633870741050E-04
 0.778856526762241597 -0.392209362807849720E-04
 0.808646537709191593 -0.578763358746532645E-04
 0.839225818902016085 -0.661445742606733790E-04
 0.870496858588253319 -0.673160215353138329E-04
 0.902345180596794139 -0.656144067498246844E-04
 0.934641203204055193 -0.641687795361167821E-04
 0.967243021066621855 -0.642388171541276656E-04
 0.999999999999999556 -0.654751265959914675E-04
 1.03275697893337726 -0.700966046706923970E-04
 1.06535879679594414 -0.807810601908780229E-04
 1.09765481940320497 -0.965779727388288651E-04
 1.12950314141174601 -0.114412790413058913E-03
 1.16077418109798325 -0.131336266655949835E-03
 1.19135346229080774 -0.142475793032566055E-03
 1.22114347323775752 -0.142909534902624727E-03
 1.25006458944389376 -0.132236542870248279E-03
 1.27805513167770068 -0.111294590806632900E-03
 1.30507069154981470 -0.804576943922355578E-04
 1.33108289159114879 -0.440518690296097979E-04
 1.35607775620713644 -0.114790852607078665E-04
 1.38005385946751158 0.104902088101936465E-04
 1.40302039214902230 0.251104245897086493E-04
 1.42499526036600299 0.390339726431071049E-04
 1.44600329685888118 0.539209589005342581E-04
 1.46607463726284526 0.666394916406226731E-04
 1.48524328953102192 0.742033404840761895E-04
 1.50354590591621506 0.766399361326096991E-04
 1.52102075339694531 0.758914978173842481E-04
 1.53770686951584601 0.733745405575154220E-04
 1.55364338540008129 0.689983078986435309E-04
 1.56886899534371382 0.617659704509223965E-04
 1.58342155192779788 0.514076110858201134E-04
 1.59733776655359017 0.394113445480976190E-04
 1.61065299693935415 0.282776938591188364E-04
 1.62340110519551750 0.197113916760972645E-04
 1.63561437227960260 0.133385346291194041E-04
 1.64732345676853553 0.679670547098121675E-05
 1.65855738786874918 -0.316422692874093061E-05
 1.66934358436067853 -0.192731536855219976E-04
 1.67970789272411247 -0.426962461605810809E-04
 1.68967463901601400 -0.726540456769891272E-04
 1.69926669018716248 -0.106811053850151447E-03
 1.70850552144921330 -0.142236543925911024E-03
 1.71741128706292590 -0.176315549568036283E-03
 1.72600289253504613 -0.207183297214948289E-03
 1.73429806670776032 -0.233776729020176521E-03
 1.74231343262087002 -0.255740237269323995E-03
 1.75006457634046853 -0.273277147903171745E-03
 1.75756611319403411 -0.286945603815212712E-03
 1.76483175104333090 -0.297416991600894061E-03
 1.77187435037395868 -0.305300729013670388E-03
 1.77870598109268663 -0.311082832376992379E-03
 1.78533797600803945 -0.315122577673147472E-03
 1.79178098103187544 -0.317671610791550802E-03
 1.79804500218465790 -0.318916637691783039E-03
 1.80413944951857586 -0.319034747845006240E-03
 1.81007317809370161 -0.318232825239251932E-03
 1.81585452615539600 -0.316742357084834911E-03
 1.82149135066809720 -0.314771573676288804E-03
 1.82699106036302350 -0.312449671249897750E-03
 1.83236064645632535 -0.309796884951618970E-03
 1.83760671119080277 -0.306731000795224646E-03
 1.84273549434916850 -0.303098948522566281E-03
 1.84775289788055153 -0.298714754736027581E-03
 1.85266450877491584 -0.293391248954611101E-03
 1.85747562031265367 -0.286962040493628993E-03
 1.86219125180903466 -0.279297157889302618E-03
 1.86681616696562358 -0.270316822871986796E-03
 1.87135489093338148 -0.260002451870936077E-03
 1.87581172618498138 -0.248400431074107854E-03
 1.88019076728701284 -0.235617499322087506E-03
 1.88449591465621968 -0.221811372230615073E-03
 1.88873088737776040 -0.207180630586181475E-03
 1.89289923515769787 -0.191954577543745181E-03
 1.89700434947652008 -0.176381805650522211E-03
 1.90104947400545554 -0.160717776588460937E-03
 1.90503771434267422 -0.145213346149638894E-03
 1.90897204712212654 -0.130105147470497933E-03
 1.91285532854377660 -0.115606964213819510E-03
 1.91669030237027949 -0.101901158748553188E-03
 1.92047960743175627 -0.891307513823153712E-04
 1.92422578467718974 -0.773940474073593268E-04
 1.92793128380807777 -0.667434661803832988E-04
 1.93159846952735892 -0.571888533645695826E-04
 1.93522962743418470 -0.487041504148039370E-04
 1.93882696959291567 -0.412355041375943489E-04
 1.94239263980269272 -0.347090797519562962E-04
 1.94592871859206551 -0.290378809013806485E-04
 1.94943722796150132 -0.241279438484493261E-04
 1.95292013589503810 -0.198845415884418806E-04
 1.95637936066096163 -0.162184334923481741E-04
 1.95981677492010453 -0.130513044253827235E-04
 1.96323420965923701 -0.103191562745980533E-04
 1.96663345796595213 -0.797296715847625552E-05
 1.97001627866054196 -0.597696762118712046E-05
 1.97338439979950442 -0.430562196337465375E-05
 1.97673952206458559 -0.294012501166115179E-05
 1.98008332205058002 -0.186517146844527378E-05
 1.98341745546455739 -0.106473900922085568E-05
 1.98674356024864895 -0.518639213277065689E-06
 1.99006325963809938 -0.193965413137734379E-06
 1.99337816516593191 -0.446518331074488208E-07
 1.99668987962525302 -0.213391291596133068E-08
 2.00000000000000000 -0.000000000000000000E+00
