 0.000000000000000000E+00 0.257512137080696235E-09
 0.331012037474653908E-02 0.574516727167492195E-02
 0.662183483406764140E-02 0.195130924245515563E-01
 0.993674036189995391E-02 0.374614465887013540E-01
 0.132564397513506016E-01 0.570815578189068293E-01
 0.165825445354421674E-01 0.768036376271786364E-01
 0.199166779494195367E-01 0.957118901689275742E-01
 0.232604779354139701E-01 0.113338695059709546
 0.266156002004951375E-01 0.129509803059193129
 0.299837213394578139E-01 0.144229798866147452
 0.333665420340474306E-01 0.157601477427422809
 0.367657903407625497E-01 0.169771070453799439
 0.401832250798950241E-01 0.180894072660303801
 0.436206393390381475E-01 0.191115451861685465
 0.470798641049610112E-01 0.200560020288446245
 0.505627720384977941E-01 0.209329213720236856
 0.540712814079340465E-01 0.217501763684245703
 0.576073601973068339E-01 0.225136396810134365
 0.611730304070841058E-01 0.232275375743494356
 0.647703725658153040E-01 0.238948142509525535
 0.684015304726404150E-01 0.245174663694836426
 0.720687161919215669E-01 0.250968298223131159
 0.757742153228098125E-01 0.256338130155707833
 0.795203925682432811E-01 0.261290780061039785
 0.833096976297200698E-01 0.265831753487673628
 0.871446714562229552E-01 0.269966425138462141
 0.910279528778730196E-01 0.273700765453394612
 0.949622856573255625E-01 0.277041881152368552
 0.989505259945437921E-01 0.279998380914093903
 0.102995650523479032 0.282580539136063569
 0.107100764842301688 0.284800240544482941
 0.111269112622238708 0.286670735918130082
 0.115504085343779872 0.288206282289476756
 0.119809232712986713 0.289421737781759447
 0.124188273815018180 0.290332146620486897
 0.128645109066618080 0.290952335290162956
 0.133183833034375976 0.291296548532012922
 0.137808748190964891 0.291378140590478452
 0.142524379687345437 0.291209320943974559
 0.147335491225083715 0.290800980071474258
 0.152247102119448030 0.290162648479656449
 0.157264505650830833 0.289302609874742711
 0.162393288809196790 0.288228121086384459
 0.167639353543673986 0.286945653996466599
 0.173008939636976056 0.285461043151586102
 0.178508649331902358 0.283779393076183495
 0.184145473844603558 0.281904717624518297
 0.189926821906297949 0.279839598205801399
 0.195860550481423701 0.277585238619900643
 0.201954997815341208 0.275141932658542532
 0.208219018968123892 0.272509731169644498
 0.214662023991960105 0.269688904955644182
 0.221294018907312928 0.266679574968978761
 0.228125649626040428 0.263480613328771707
 0.235168248956668657 0.260088965181669074
 0.242433886805965448 0.256499901145107956
 0.249935423659531253 0.252707549315459135
 0.257686567379129539 0.248705422223357314
 0.265701933292239012 0.244487112371053777
 0.273997107464953427 0.240047349634692070
 0.282588712937073661 0.235383483086255507
 0.291494478550786251 0.230496297488219148
 0.300733309812837302 0.225389497190173343
 0.310325360983985998 0.220069348038571949
 0.320292107275887084 0.214544727668161544
 0.330656415639321022 0.208825752600205250
 0.341442612131250156 0.202920371176441572
 0.352676543231464024 0.196831774007978022
 0.364385627720396954 0.190560871252402342
 0.376598894804481832 0.184113752874195818
 0.389347003060644958 0.177507281365445913
 0.402662233446409612 0.170766770457247169
 0.416578448072201457 0.163918022045889483
 0.431131004656285288 0.156980799528787823
 0.446356614599918045 0.149971956341590523
 0.462293130484153547 0.142913039823939103
 0.478979246603053799 0.135829674900692282
 0.496454094083784270 0.128740270732026513
 0.514756710468977419 0.121662252335246565
 0.533925362737153852 0.114628834415875486
 0.553996703141117930 0.107682247074828777
 0.575004739633996120 0.100855479138514365
 0.596979607850977034 0.941698670989912640E-01
 0.619946140532487755 0.876542156669823519E-01
 0.643922243792862670 0.813600366777032513E-01
 0.668917108408850547 0.753365134857553603E-01
 0.694929308450184635 0.696175774302387890E-01
 0.721944868322298650 0.642365045016193570E-01
 0.749935410556105575 0.592393154907504826E-01
 0.778856526762241597 0.546828599518687578E-01
 0.808646537709191593 0.506165420071705077E-01
 0.839225818902016085 0.470820231239324205E-01
 0.870496858588253319 0.441243618065064250E-01
 0.902345180596794139 0.417812274001305162E-01
 0.934641203204055193 0.400772592857153928E-01
 0.967243021066621855 0.390328843943438114E-01
 0.999999999999999556 0.386821498385745630E-01
 1.03275697893337726 0.390497363314132734E-01
 1.06535879679594414 0.401151422271791708E-01
 1.09765481940320497 0.418511084224186328E-01
 1.12950314141174601 0.442400411592463183E-01
 1.16077418109798325 0.472443867098403109E-01
 1.19135346229080774 0.508101271997087670E-01
 1.22114347323775752 0.548835392573116532E-01
 1.25006458944389376 0.594275180748715381E-01
 1.27805513167770068 0.644055907948752338E-01
 1.30507069154981470 0.697582460504821422E-01
 1.33108289159114879 0.754408718813703860E-01
 1.35607775620713644 0.814223255262782469E-01
 1.38005385946751158 0.876687130018793809E-01
 1.40302039214902230 0.941451474198002902E-01
 1.42499526036600299 0.100813858067581572
 1.44600329685888118 0.107643291064965646
 1.46607463726284526 0.114601553905672823
 1.48524328953102192 0.121654900227390575
 1.50354590591621506 0.128774393172508883
 1.52102075339694531 0.135934236089908012
 1.53770686951584601 0.143105693892023905
 1.55364338540008129 0.150256581922712490
 1.56886899534371382 0.157359262205068323
 1.58342155192779788 0.164387272133321743
 1.59733776655359017 0.171311951835311310
 1.61065299693935415 0.178105378202353781
 1.62340110519551750 0.184745375374762377
 1.63561437227960260 0.191217834301259576
 1.64732345676853553 0.197516243517474793
 1.65855738786874918 0.203637226616750239
 1.66934358436067853 0.209574137697895402
 1.67970789272411247 0.215316518492530806
 1.68967463901601400 0.220853489895893790
 1.69926669018716248 0.226176958833280706
 1.70850552144921330 0.231282701011146646
 1.71741128706292590 0.236169423169922621
 1.72600289253504613 0.240837631348788245
 1.73429806670776032 0.245289048863140291
 1.74231343262087002 0.249526493603424659
 1.75006457634046853 0.253554112045175251
 1.75756611319403411 0.257377549546614848
 1.76483175104333090 0.261003336077480552
 1.77187435037395868 0.264437986790614976
 1.77870598109268663 0.267687464030205213
 1.78533797600803945 0.270756923331659127
 1.79178098103187544 0.273650429539881168
 1.79804500218465790 0.276370650405590890
 1.80413944951857586 0.278918791905658714
 1.81007317809370161 0.281294687725991144
 1.81585452615539600 0.283496699860109724
 1.82149135066809720 0.285521471993766152
 1.82699106036302350 0.287363880353736778
 1.83236064645632535 0.289017297796767658
 1.83760671119080277 0.290473956952944590
 1.84273549434916850 0.291725174243535557
 1.84775289788055153 0.292761397046952532
 1.85266450877491584 0.293572147403230344
 1.85747562031265367 0.294145960083917468
 1.86219125180903466 0.294470439915857751
 1.86681616696562358 0.294532471366222737
 1.87135489093338148 0.294318446304343617
 1.87581172618498138 0.293814384590661226
 1.88019076728701284 0.293006003480711485
 1.88449591465621968 0.291878866226399358
 1.88873088737776040 0.290418636188805201
 1.89289923515769787 0.288611368416707648
 1.89700434947652008 0.286443779519576669
 1.90104947400545554 0.283903475994061960
 1.90503771434267422 0.280979134709381739
 1.90897204712212654 0.277660629308765117
 1.91285532854377660 0.273939093581595183
 1.91669030237027949 0.269806900275971540
 1.92047960743175627 0.265257506259295173
 1.92422578467718974 0.260285091781956135
 1.92793128380807777 0.254883918791662722
 1.93159846952735892 0.249047339862496303
 1.93522962743418470 0.242766395799002360
 1.93882696959291567 0.236027940238205974
 1.94239263980269272 0.228812233529840092
 1.94592871859206551 0.221089972613751462
 1.94943722796150132 0.212818807521173908
 1.95292013589503810 0.203939538493818268
 1.95637936066096163 0.194372415566955059
 1.95981677492010453 0.184014297691094786
 1.96323420965923701 0.172737874630058852
 1.96663345796595213 0.160394850074424444
 1.97001627866054196 0.146825658239780332
 1.97338439979950442 0.131879568163106670
 1.97673952206458559 0.115449512304918858
 1.98008332205058002 0.975280251779509222E-01
 1.98341745546455739 0.782897040163168106E-01
 1.98674356024864895 0.582085023460254675E-01
 1.99006325963809938 0.382164232081180014E-01
 1.99337816516593191 0.199146481812615544E-01
 1.99668987962525302 0.586593015399909830E-02
 2.00000000000000000 0.266329767735533784E-09
