 0.000000000000000000E+00 -0.000000000000000000E+00
 0.331012037474653908E-02 -0.502674135668511279E-08
 0.662183483406764140E-02 -0.503437380466827914E-07
 0.993674036189995391E-02 -0.175309557313504530E-06
 0.132564397513506016E-01 -0.423098790668467313E-06
 0.165825445354421674E-01 -0.829901637491465452E-06
 0.199166779494195367E-01 -0.142171658592173278E-05
 0.232604779354139701E-01 -0.220649830153341820E-05
 0.266156002004951375E-01 -0.317159534303535049E-05
 0.299837213394578139E-01 -0.428333288513026509E-05
 0.333665420340474306E-01 -0.549044597940028237E-05
 0.367657903407625497E-01 -0.672938366895108665E-05
 0.401832250798950241E-01 -0.793076878122389758E-05
 0.436206393390381475E-01 -0.902561051984699755E-05
 0.470798641049610112E-01 -0.995061918149062868E-05
 0.505627720384977941E-01 -0.106521122348820960E-04
 0.540712814079340465E-01 -0.110884385636160918E-04
 0.576073601973068339E-01 -0.112310135268076407E-04
 0.611730304070841058E-01 -0.110642148684090873E-04
 0.647703725658153040E-01 -0.105844280736887017E-04
 0.684015304726404150E-01 -0.979853451499767767E-05
 0.720687161919215669E-01 -0.872209966060914198E-05
 0.757742153228098125E-01 -0.737746890267666767E-05
 0.795203925682432811E-01 -0.579192285448655063E-05
 0.833096976297200698E-01 -0.399599309783240320E-05
 0.871446714562229552E-01 -0.202199672729367856E-05
 0.910279528778730196E-01 0.971850822045968506E-07
 0.949622856573255625E-01 0.232908328976912721E-05
 0.989505259945437921E-01 0.464238821566495468E-05
 0.102995650523479032 0.700749634605590620E-05
 0.107100764842301688 0.939689093039914872E-05
 0.111269112622238708 0.117853892837882625E-04
 0.115504085343779872 0.141502838218621766E-04
 0.119809232712986713 0.164713956668081132E-04
 0.124188273815018180 0.187310534871680442E-04
 0.128645109066618080 0.209140102496028395E-04
 0.133183833034375976 0.230073140546647967E-04
 0.137808748190964891 0.250001501692469795E-04
 0.142524379687345437 0.268836678829406504E-04
 0.147335491225083715 0.286508012890518766E-04
 0.152247102119448030 0.302960910655596944E-04
 0.157264505650830833 0.318155132423108807E-04
 0.162393288809196790 0.332063206919959691E-04
 0.167639353543673986 0.344669060082602077E-04
 0.173008939636976056 0.355966930724936452E-04
 0.178508649331902358 0.365960515542135823E-04
 0.184145473844603558 0.374662148158904414E-04
 0.189926821906297949 0.382091810307513699E-04
 0.195860550481423701 0.388275934725765829E-04
 0.201954997815341208 0.393246168439584175E-04
 0.208219018968123892 0.397038355170083044E-04
 0.214662023991960105 0.399691956317930558E-04
 0.221294018907312928 0.401249962690083148E-04
 0.228125649626040428 0.401758935303682063E-04
 0.235168248956668657 0.401268554796216937E-04
 0.242433886805965448 0.399830742891390154E-04
 0.249935423659531253 0.397499024378901306E-04
 0.257686567379129539 0.394328256376050011E-04
 0.265701933292239012 0.390374327947703648E-04
 0.273997107464953427 0.385693646578878392E-04
 0.282588712937073661 0.380342976440215940E-04
 0.291494478550786251 0.374379964808990853E-04
 0.300733309812837302 0.367863274874594831E-04
 0.310325360983985998 0.360850763831703687E-04
 0.320292107275887084 0.353396482233182181E-04
 0.330656415639321022 0.345549356123455684E-04
 0.341442612131250156 0.337354666868721861E-04
 0.352676543231464024 0.328856012438757866E-04
 0.364385627720396954 0.320096018778474862E-04
 0.376598894804481832 0.311116757254747346E-04
 0.389347003060644958 0.301957899739369139E-04
 0.402662233446409612 0.292651334002706461E-04
 0.416578448072201457 0.283217975899367186E-04
 0.431131004656285288 0.273674581510190494E-04
 0.446356614599918045 0.264044114236181558E-04
 0.462293130484153547 0.254353708692124932E-04
 0.478979246603053799 0.244623108666827075E-04
 0.496454094083784270 0.234863718691284047E-04
 0.514756710468977419 0.225078219769631451E-04
 0.533925362737153852 0.215255733996922749E-04
 0.553996703141117930 0.205372627367113546E-04
 0.575004739633996120 0.195391401919170763E-04
 0.596979607850977034 0.185259739607536846E-04
 0.619946140532487755 0.174920077956278327E-04
 0.643922243792862670 0.164311008322376763E-04
 0.668917108408850547 0.153377547351258256E-04
 0.694929308450184635 0.142064768765908815E-04
 0.721944868322298650 0.130301144322907634E-04
 0.749935410556105575 0.118005869485841730E-04
 0.778856526762241597 0.105112221481589073E-04
 0.808646537709191593 0.915874445923547484E-05
 0.839225818902016085 0.774254306123919979E-05
 0.870496858588253319 0.626464933822188299E-05
 0.902345180596794139 0.473068447560470697E-05
 0.934641203204055193 0.315060872450425930E-05
 0.967243021066621855 0.153719628069867357E-05
 0.999999999999999556 -0.932485364128011506E-07
 1.03275697893337726 -0.172225173728682479E-05
 1.06535879679594414 -0.333227971007817790E-05
 1.09765481940320497 -0.490704202374267453E-05
 1.12950314141174601 -0.643253886663432687E-05
 1.16077418109798325 -0.789930350824783965E-05
 1.19135346229080774 -0.930224441318934884E-05
 1.22114347323775752 -0.106401087087313154E-04
 1.25006458944389376 -0.119142112952133458E-04
 1.27805513167770068 -0.131289072449478657E-04
 1.30507069154981470 -0.142908303911335511E-04
 1.33108289159114879 -0.154079905069769184E-04
 1.35607775620713644 -0.164891978951989334E-04
 1.38005385946751158 -0.175411307212468326E-04
 1.40302039214902230 -0.185685506847833935E-04
 1.42499526036600299 -0.195756243932755967E-04
 1.44600329685888118 -0.205665602938974522E-04
 1.46607463726284526 -0.215449894923866061E-04
 1.48524328953102192 -0.225144174316845909E-04
 1.50354590591621506 -0.234775768204323363E-04
 1.52102075339694531 -0.244356105892228278E-04
 1.53770686951584601 -0.253887023566003882E-04
 1.55364338540008129 -0.263373116889438017E-04
 1.56886899534371382 -0.272815138365062337E-04
 1.58342155192779788 -0.282198250284162296E-04
 1.59733776655359017 -0.291500664064913699E-04
 1.61065299693935415 -0.300699017182624459E-04
 1.62340110519551750 -0.309765720423273351E-04
 1.63561437227960260 -0.318666843120584309E-04
 1.64732345676853553 -0.327361486681034149E-04
 1.65855738786874918 -0.335805653671373026E-04
 1.66934358436067853 -0.343956458951796175E-04
 1.67970789272411247 -0.351772906779435941E-04
 1.68967463901601400 -0.359212505410349167E-04
 1.69926669018716248 -0.366227700156944184E-04
 1.70850552144921330 -0.372766057642307826E-04
 1.71741128706292590 -0.378773360972690107E-04
 1.72600289253504613 -0.384195676539760768E-04
 1.73429806670776032 -0.388978867800485864E-04
 1.74231343262087002 -0.393067589829190477E-04
 1.75006457634046853 -0.396405243897403166E-04
 1.75756611319403411 -0.398934371176195654E-04
 1.76483175104333090 -0.400596732621051550E-04
 1.77187435037395868 -0.401333554171983884E-04
 1.77870598109268663 -0.401086555054088603E-04
 1.78533797600803945 -0.399799700425986876E-04
 1.79178098103187544 -0.397420644992352713E-04
 1.79804500218465790 -0.393900986444650335E-04
 1.80413944951857586 -0.389195974364670155E-04
 1.81007317809370161 -0.383264817719781721E-04
 1.81585452615539600 -0.376071863283404395E-04
 1.82149135066809720 -0.367588064692265601E-04
 1.82699106036302350 -0.357792071234401820E-04
 1.83236064645632535 -0.346670736261892504E-04
 1.83760671119080277 -0.334219379935113786E-04
 1.84273549434916850 -0.320442354622480272E-04
 1.84775289788055153 -0.305354200450532560E-04
 1.85266450877491584 -0.288981225639279569E-04
 1.85747562031265367 -0.271363154110879667E-04
 1.86219125180903466 -0.252554636023051976E-04
 1.86681616696562358 -0.232626675394907778E-04
 1.87135489093338148 -0.211668139485814650E-04
 1.87581172618498138 -0.189787416304985294E-04
 1.88019076728701284 -0.167114133359668021E-04
 1.88449591465621968 -0.143800782721067555E-04
 1.88873088737776040 -0.120024097734223216E-04
 1.89289923515769787 -0.959860301442003264E-05
 1.89700434947652008 -0.719141742334683932E-05
 1.90104947400545554 -0.480614717726480871E-05
 1.90503771434267422 -0.247050027421674709E-05
 1.90897204712212654 -0.214362906680920471E-06
 1.91285532854377660 0.193057886791021513E-05
 1.91669030237027949 0.393139105222014419E-05
 1.92047960743175627 0.575464691496619318E-05
 1.92422578467718974 0.736741059481319066E-05
 1.92793128380807777 0.873846627041335557E-05
 1.93159846952735892 0.983979594848158516E-05
 1.93522962743418470 0.106482849234496295E-04
 1.93882696959291567 0.111475990402332065E-04
 1.94239263980269272 0.113301335267765463E-04
 1.94592871859206551 0.111988812172873208E-04
 1.94943722796150132 0.107690109936184146E-04
 1.95292013589503810 0.100688942541572550E-04
 1.95637936066096163 0.914027534877900721E-05
 1.95981677492010453 0.803728112916717270E-05
 1.96323420965923701 0.682400213994647423E-05
 1.96663345796595213 0.557054072711827492E-05
 1.97001627866054196 0.434759504838541643E-05
 1.97338439979950442 0.322009781652316313E-05
 1.97673952206458559 0.224057710865770727E-05
 1.98008332205058002 0.144367839716903827E-05
 1.98341745546455739 0.842594545860995967E-06
 1.98674356024864895 0.429440740289998773E-06
 1.99006325963809938 0.177859954050646480E-06
 1.99337816516593191 0.510486290014718788E-07
 1.99668987962525302 0.509432416658545758E-08
 2.00000000000000000 -0.000000000000000000E+00
