 0.000000000000000000E+00 0.000000000000000000E+00
 0.331012037474653908E-02 -0.174202607858119006E-07
 0.662183483406764140E-02 -0.731028427150229009E-07
 0.993674036189995391E-02 -0.137730557025153793E-06
 0.132564397513506016E-01 -0.204052562344922702E-06
 0.165825445354421674E-01 -0.266048340091284519E-06
 0.199166779494195367E-01 -0.321758594372332786E-06
 0.232604779354139701E-01 -0.371421767088865751E-06
 0.266156002004951375E-01 -0.415754597417249806E-06
 0.299837213394578139E-01 -0.456516174889362366E-06
 0.333665420340474306E-01 -0.495016654522598133E-06
 0.367657903407625497E-01 -0.532932099881980665E-06
 0.401832250798950241E-01 -0.571316289639804055E-06
 0.436206393390381475E-01 -0.611294747027873715E-06
 0.470798641049610112E-01 -0.653457030469353293E-06
 0.505627720384977941E-01 -0.698371817870478078E-06
 0.540712814079340465E-01 -0.746229286382727056E-06
 0.576073601973068339E-01 -0.797192710167171260E-06
 0.611730304070841058E-01 -0.851190610828556118E-06
 0.647703725658153040E-01 -0.908140045409060515E-06
 0.684015304726404150E-01 -0.967823546376159436E-06
 0.720687161919215669E-01 -0.103002181708662620E-05
 0.757742153228098125E-01 -0.109443822722065878E-05
 0.795203925682432811E-01 -0.116077329685665659E-05
 0.833096976297200698E-01 -0.122867779726148819E-05
 0.871446714562229552E-01 -0.129779384516382898E-05
 0.910279528778730196E-01 -0.136772710955532478E-05
 0.949622856573255625E-01 -0.143807054998358826E-05
 0.989505259945437921E-01 -0.150839013853319860E-05
 0.102995650523479032 -0.157824134837148032E-05
 0.107100764842301688 -0.164716550334132843E-05
 0.111269112622238708 -0.171470362559227655E-05
 0.115504085343779872 -0.178039775895900927E-05
 0.119809232712986713 -0.184379986981702350E-05
 0.124188273815018180 -0.190447184996703506E-05
 0.128645109066618080 -0.196198868969097683E-05
 0.133183833034375976 -0.201593653232872417E-05
 0.137808748190964891 -0.206591239186049288E-05
 0.142524379687345437 -0.211152168254375122E-05
 0.147335491225083715 -0.215237899801055803E-05
 0.152247102119448030 -0.218811079622641196E-05
 0.157264505650830833 -0.221836056046999898E-05
 0.162393288809196790 -0.224279238167665284E-05
 0.167639353543673986 -0.226109302916676963E-05
 0.173008939636976056 -0.227297418769247627E-05
 0.178508649331902358 -0.227817905153198580E-05
 0.184145473844603558 -0.227649329950080492E-05
 0.189926821906297949 -0.226775612451090592E-05
 0.195860550481423701 -0.225186661464626857E-05
 0.201954997815341208 -0.222878842915117209E-05
 0.208219018968123892 -0.219855979842521527E-05
 0.214662023991960105 -0.216130707846644115E-05
 0.221294018907312928 -0.211725062707316478E-05
 0.228125649626040428 -0.206670159428630445E-05
 0.235168248956668657 -0.201005679752561858E-05
 0.242433886805965448 -0.194778798682538241E-05
 0.249935423659531253 -0.188042194908000282E-05
 0.257686567379129539 -0.180851937181200262E-05
 0.265701933292239012 -0.173265149146993521E-05
 0.273997107464953427 -0.165336231233239521E-05
 0.282588712937073661 -0.157112577795839183E-05
 0.291494478550786251 -0.148633580102642279E-05
 0.300733309812837302 -0.139935203979225901E-05
 0.310325360983985998 -0.131057282373536943E-05
 0.320292107275887084 -0.122048516842235412E-05
 0.330656415639321022 -0.112965519164918293E-05
 0.341442612131250156 -0.103867788020504393E-05
 0.352676543231464024 -0.948138371474966034E-06
 0.364385627720396954 -0.858575374819300616E-06
 0.376598894804481832 -0.770437989578679906E-06
 0.389347003060644958 -0.684103674807906621E-06
 0.402662233446409612 -0.599969400085831687E-06
 0.416578448072201457 -0.518601774775559117E-06
 0.431131004656285288 -0.440831231387107692E-06
 0.446356614599918045 -0.367597390857445356E-06
 0.462293130484153547 -0.299640566475886658E-06
 0.478979246603053799 -0.237275083354712142E-06
 0.496454094083784270 -0.180485393525204910E-06
 0.514756710468977419 -0.129082286417306659E-06
 0.533925362737153852 -0.827817022172982664E-07
 0.553996703141117930 -0.413824696871598925E-07
 0.575004739633996120 -0.487753774499492595E-08
 0.596979607850977034 0.266949245717069995E-07
 0.619946140532487755 0.534460838275272584E-07
 0.643922243792862670 0.754799048923786252E-07
 0.668917108408850547 0.927917249607609039E-07
 0.694929308450184635 0.105245526696701953E-06
 0.721944868322298650 0.112604597975335002E-06
 0.749935410556105575 0.114940983890889998E-06
 0.778856526762241597 0.112631801952687858E-06
 0.808646537709191593 0.106081563786627123E-06
 0.839225818902016085 0.958423881342310682E-07
 0.870496858588253319 0.824808135189379305E-07
 0.902345180596794139 0.662462310794673612E-07
 0.934641203204055193 0.473817905086734269E-07
 0.967243021066621855 0.264455968347949401E-07
 0.999999999999999556 0.410586448364652464E-08
 1.03275697893337726 -0.189806348120656029E-07
 1.06535879679594414 -0.417258026114461142E-07
 1.09765481940320497 -0.626526299640901108E-07
 1.12950314141174601 -0.807795010761129008E-07
 1.16077418109798325 -0.958071570587465583E-07
 1.19135346229080774 -0.107047707594379949E-06
 1.22114347323775752 -0.113407719793399316E-06
 1.25006458944389376 -0.114603477979994006E-06
 1.27805513167770068 -0.110900919807686446E-06
 1.30507069154981470 -0.102508399987640428E-06
 1.33108289159114879 -0.892388653122089684E-07
 1.35607775620713644 -0.704799469284423517E-07
 1.38005385946751158 -0.457936435411099138E-07
 1.40302039214902230 -0.156071631803254077E-07
 1.42499526036600299 0.189864950376027516E-07
 1.44600329685888118 0.572884368893288061E-07
 1.46607463726284526 0.994991208257744270E-07
 1.48524328953102192 0.146379001172750934E-06
 1.50354590591621506 0.198564157106870138E-06
 1.52102075339694531 0.256249419250429359E-06
 1.53770686951584601 0.319258110427412495E-06
 1.55364338540008129 0.387108554705557242E-06
 1.56886899534371382 0.459097449685260069E-06
 1.58342155192779788 0.534518088499668121E-06
 1.59733776655359017 0.612839380397700711E-06
 1.61065299693935415 0.693741469022017244E-06
 1.62340110519551750 0.777000318032265733E-06
 1.63561437227960260 0.862398378113066973E-06
 1.64732345676853553 0.949676110039200197E-06
 1.65855738786874918 0.103847093221283005E-05
 1.66934358436067853 0.112830106872711862E-05
 1.67970789272411247 0.121859111084419476E-05
 1.68967463901601400 0.130868392064190081E-05
 1.69926669018716248 0.139787241936442957E-05
 1.70850552144921330 0.148545763037793874E-05
 1.71741128706292590 0.157077963933401686E-05
 1.72600289253504613 0.165322792279879142E-05
 1.73429806670776032 0.173225361349970676E-05
 1.74231343262087002 0.180736619558742447E-05
 1.75006457634046853 0.187811470825374275E-05
 1.75756611319403411 0.194408055110545477E-05
 1.76483175104333090 0.200488603297192097E-05
 1.77187435037395868 0.206019544645963267E-05
 1.77870598109268663 0.210969882401689055E-05
 1.78533797600803945 0.215309515006020939E-05
 1.79178098103187544 0.219009050078948453E-05
 1.79804500218465790 0.222041192509144431E-05
 1.80413944951857586 0.224382981375129626E-05
 1.81007317809370161 0.226017847985397559E-05
 1.81585452615539600 0.226937006694146767E-05
 1.82149135066809720 0.227140307956462181E-05
 1.82699106036302350 0.226636585578838686E-05
 1.83236064645632535 0.225443389746661309E-05
 1.83760671119080277 0.223586041218804515E-05
 1.84273549434916850 0.221096119594680076E-05
 1.84775289788055153 0.218009639671084969E-05
 1.85266450877491584 0.214365372386773048E-05
 1.85747562031265367 0.210203667509125097E-05
 1.86219125180903466 0.205566028329752805E-05
 1.86681616696562358 0.200495138428774441E-05
 1.87135489093338148 0.195035053370971580E-05
 1.87581172618498138 0.189231056309985329E-05
 1.88019076728701284 0.183129390724504109E-05
 1.88449591465621968 0.176776628095422127E-05
 1.88873088737776040 0.170219249714704066E-05
 1.89289923515769787 0.163502866472976422E-05
 1.89700434947652008 0.156672021670694262E-05
 1.90104947400545554 0.149769464380843706E-05
 1.90503771434267422 0.142836534265066934E-05
 1.90897204712212654 0.135912509582758498E-05
 1.91285532854377660 0.129035697595163755E-05
 1.91669030237027949 0.122242301293765084E-05
 1.92047960743175627 0.115568101954821293E-05
 1.92422578467718974 0.109046127350746929E-05
 1.92793128380807777 0.102709382846518577E-05
 1.93159846952735892 0.965866153033012342E-06
 1.93522962743418470 0.907068711447654866E-06
 1.93882696959291567 0.850918297739242355E-06
 1.94239263980269272 0.797632190599171287E-06
 1.94592871859206551 0.747293301955636521E-06
 1.94943722796150132 0.699973191075034435E-06
 1.95292013589503810 0.655506910239847953E-06
 1.95637936066096163 0.613702643177989576E-06
 1.95981677492010453 0.573988146558458051E-06
 1.96323420965923701 0.535772507115627225E-06
 1.96663345796595213 0.497927518216759552E-06
 1.97001627866054196 0.459401447784022066E-06
 1.97338439979950442 0.418517905733787066E-06
 1.97673952206458559 0.373973063877310352E-06
 1.98008332205058002 0.324010377403012392E-06
 1.98341745546455739 0.267926108891416899E-06
 1.98674356024864895 0.205493708976920870E-06
 1.99006325963809938 0.138700893944773721E-06
 1.99337816516593191 0.736153112234940017E-07
 1.99668987962525302 0.175426090182054824E-07
 2.00000000000000000 0.000000000000000000E+00
