 0.000000000000000000E+00 0.121766919650612847E-04
 0.331012037474653908E-02 0.332330012353811936E-02
 0.662183483406764140E-02 0.663383993366877586E-02
 0.993674036189995391E-02 0.994237931680284383E-02
 0.132564397513506016E-01 0.132466022723659541E-01
 0.165825445354421674E-01 0.165430784582465233E-01
 0.199166779494195367E-01 0.198273726644756232E-01
 0.232604779354139701E-01 0.230941630353023418E-01
 0.266156002004951375E-01 0.263374519210308501E-01
 0.299837213394578139E-01 0.295508215274391112E-01
 0.333665420340474306E-01 0.327276869006672758E-01
 0.367657903407625497E-01 0.358615423758313207E-01
 0.401832250798950241E-01 0.389461698799205419E-01
 0.436206393390381475E-01 0.419758096582747847E-01
 0.470798641049610112E-01 0.449452851446563648E-01
 0.505627720384977941E-01 0.478500865533970643E-01
 0.540712814079340465E-01 0.506864162083775702E-01
 0.576073601973068339E-01 0.534512022766457304E-01
 0.611730304070841058E-01 0.561420869610328443E-01
 0.647703725658153040E-01 0.587573954703449336E-01
 0.684015304726404150E-01 0.612960912767135518E-01
 0.720687161919215669E-01 0.637577224850035679E-01
 0.757742153228098125E-01 0.661423632694346786E-01
 0.795203925682432811E-01 0.684505535181683805E-01
 0.833096976297200698E-01 0.706832390526782040E-01
 0.871446714562229552E-01 0.728417141209065921E-01
 0.910279528778730196E-01 0.749275673208946863E-01
 0.949622856573255625E-01 0.769426316869184362E-01
 0.989505259945437921E-01 0.788889393351840384E-01
 0.102995650523479032 0.807686807947124857E-01
 0.107100764842301688 0.825841689362083325E-01
 0.111269112622238708 0.843378072645815935E-01
 0.115504085343779872 0.860320622575091315E-01
 0.119809232712986713 0.876694393954435547E-01
 0.124188273815018180 0.892524625262150761E-01
 0.128645109066618080 0.907836562317750478E-01
 0.133183833034375976 0.922655308927199103E-01
 0.137808748190964891 0.937005701670872576E-01
 0.142524379687345437 0.950912206384997016E-01
 0.147335491225083715 0.964398834494004098E-01
 0.152247102119448030 0.977489077737879047E-01
 0.157264505650830833 0.990205859725379611E-01
 0.162393288809196790 0.100257150227506087
 0.167639353543673986 0.101460770425273641
 0.173008939636976056 0.102633553111712780
 0.178508649331902358 0.103777541362351775
 0.184145473844603558 0.104894715295483068
 0.189926821906297949 0.105986992896806076
 0.195860550481423701 0.107056231023788986
 0.201954997815341208 0.108104226690614480
 0.208219018968123892 0.109132718651050259
 0.214662023991960105 0.110143388799592831
 0.221294018907312928 0.111137862569818058
 0.228125649626040428 0.112117708014857181
 0.235168248956668657 0.113084434253151789
 0.242433886805965448 0.114039491200568471
 0.249935423659531253 0.114984273262589864
 0.257686567379129539 0.115920127821817945
 0.265701933292239012 0.116848365870676915
 0.273997107464953427 0.117770269626671323
 0.282588712937073661 0.118687091686583326
 0.291494478550786251 0.119600043409431131
 0.300733309812837302 0.120510275371267586
 0.310325360983985998 0.121418858055218140
 0.320292107275887084 0.122326770044316580
 0.330656415639321022 0.123234892800697729
 0.341442612131250156 0.124144010227842883
 0.352676543231464024 0.125054810332626803
 0.364385627720396954 0.125967878963905489
 0.376598894804481832 0.126883684356406345
 0.389347003060644958 0.127802562100235939
 0.402662233446409612 0.128724704549582347
 0.416578448072201457 0.129650160255185082
 0.431131004656285288 0.130578845862880738
 0.446356614599918045 0.131510558169562780
 0.462293130484153547 0.132444957632900956
 0.478979246603053799 0.133381476584279096
 0.496454094083784270 0.134319175129379548
 0.514756710468977419 0.135256639287295199
 0.533925362737153852 0.136191971300247183
 0.553996703141117930 0.137122822958772844
 0.575004739633996120 0.138046323042171182
 0.596979607850977034 0.138958923729693040
 0.619946140532487755 0.139856327399284497
 0.643922243792862670 0.140733437739178430
 0.668917108408850547 0.141584380106859281
 0.694929308450184635 0.142402662627545862
 0.721944868322298650 0.143181194767141973
 0.749935410556105575 0.143912165363208694
 0.778856526762241597 0.144587034299190259
 0.808646537709191593 0.145196762075791880
 0.839225818902016085 0.145732346962504117
 0.870496858588253319 0.146185279585238581
 0.902345180596794139 0.146547891402813546
 0.934641203204055193 0.146813569814699368
 0.967243021066621855 0.146976754486683681
 0.999999999999999556 0.147033524121175124
 1.03275697893337726 0.146982522370702529
 1.06535879679594414 0.146825170325468379
 1.09765481940320497 0.146565121148875627
 1.12950314141174601 0.146207366931271621
 1.16077418109798325 0.145757956232444336
 1.19135346229080774 0.145224316187139296
 1.22114347323775752 0.144614901640286148
 1.25006458944389376 0.143938593833507378
 1.27805513167770068 0.143204415450294775
 1.30507069154981470 0.142421294895674566
 1.33108289159114879 0.141597903965127198
 1.35607775620713644 0.140742300204168003
 1.38005385946751158 0.139861467730329786
 1.40302039214902230 0.138961177979724654
 1.42499526036600299 0.138046168780104561
 1.44600329685888118 0.137120427752383589
 1.46607463726284526 0.136187331694518604
 1.48524328953102192 0.135249679295405267
 1.50354590591621506 0.134309742423924516
 1.52102075339694531 0.133369284414950828
 1.53770686951584601 0.132429615316812799
 1.55364338540008129 0.131491747456724706
 1.56886899534371382 0.130556530650970476
 1.58342155192779788 0.129624646228004348
 1.59733776655359017 0.128696525094921743
 1.61065299693935415 0.127772317460381923
 1.62340110519551750 0.126851913153088941
 1.63561437227960260 0.125934977807730664
 1.64732345676853553 0.125021012725017144
 1.65855738786874918 0.124109418195658724
 1.66934358436067853 0.123199520335178531
 1.67970789272411247 0.122290563066502253
 1.68967463901601400 0.121381697480745690
 1.69926669018716248 0.120471984570602056
 1.70850552144921330 0.119560407397587165
 1.71741128706292590 0.118645886888136778
 1.72600289253504613 0.117727295990146821
 1.73429806670776032 0.116803467363106900
 1.74231343262087002 0.115873192426675792
 1.75006457634046853 0.114935214966597088
 1.75756611319403411 0.113988226238113680
 1.76483175104333090 0.113030864798329814
 1.77187435037395868 0.112061719162332207
 1.77870598109268663 0.111079330485050032
 1.78533797600803945 0.110082193810230475
 1.79178098103187544 0.109068757479036063
 1.79804500218465790 0.108037420652953436
 1.80413944951857586 0.106986529286852580
 1.81007317809370161 0.105914371384623965
 1.81585452615539600 0.104819172458357243
 1.82149135066809720 0.103699091920281997
 1.82699106036302350 0.102552220924618673
 1.83236064645632535 0.101376581789771589
 1.83760671119080277 0.100170128777412396
 1.84273549434916850 0.989307499821773240E-01
 1.84775289788055153 0.976562701679688644E-01
 1.85266450877491584 0.963444543547686827E-01
 1.85747562031265367 0.949930119220179225E-01
 1.86219125180903466 0.935996010848528931E-01
 1.86681616696562358 0.921618338262430586E-01
 1.87135489093338148 0.906772816380804064E-01
 1.87581172618498138 0.891434826028662530E-01
 1.88019076728701284 0.875579503698871997E-01
 1.88449591465621968 0.859181854915795906E-01
 1.88873088737776040 0.842216894676174055E-01
 1.89289923515769787 0.824659817536895490E-01
 1.89700434947652008 0.806486199695476830E-01
 1.90104947400545554 0.787672235887628969E-01
 1.90503771434267422 0.768195014495263034E-01
 1.90897204712212654 0.748032834230616811E-01
 1.91285532854377660 0.727165565015081977E-01
 1.91669030237027949 0.705575054503988358E-01
 1.92047960743175627 0.683245580331123953E-01
 1.92422578467718974 0.660164346501339178E-01
 1.92793128380807777 0.636322020189889481E-01
 1.93159846952735892 0.611713302129585565E-01
 1.93522962743418470 0.586337519439101909E-01
 1.93882696959291567 0.560199224150315644E-01
 1.94239263980269272 0.533308774037338715E-01
 1.94592871859206551 0.505682864801161383E-01
 1.94943722796150132 0.477344974638974837E-01
 1.95292013589503810 0.448325673438689648E-01
 1.95637936066096163 0.418662741767813831E-01
 1.95981677492010453 0.388401036600362695E-01
 1.96323420965923701 0.357592043413838545E-01
 1.96663345796595213 0.326293048367339647E-01
 1.97001627866054196 0.294565900723055933E-01
 1.97338439979950442 0.262475319678614899E-01
 1.97673952206458559 0.230086827087241305E-01
 1.98008332205058002 0.197464298555435590E-01
 1.98341745546455739 0.164667445917780798E-01
 1.98674356024864895 0.131749268448110718E-01
 1.99006325963809938 0.987539457517938937E-02
 1.99337816516593191 0.657156506248681143E-02
 1.99668987962525302 0.326574492134042811E-02
 2.00000000000000000 -0.406560838490350473E-04
