 0.000000000000000000E+00 -0.134294274356725358E-07
 0.331012037474653908E-02 -0.191850540822470034E-03
 0.662183483406764140E-02 -0.408418701990668576E-03
 0.993674036189995391E-02 -0.657014266642502276E-03
 0.132564397513506016E-01 -0.950496598015063035E-03
 0.165825445354421674E-01 -0.130335921804098135E-02
 0.199166779494195367E-01 -0.172797140136720794E-02
 0.232604779354139701E-01 -0.223196769975227615E-02
 0.266156002004951375E-01 -0.281724304366624692E-02
 0.299837213394578139E-01 -0.348032771505393671E-02
 0.333665420340474306E-01 -0.421355658612729365E-02
 0.367657903407625497E-01 -0.500654454893703464E-02
 0.401832250798950241E-01 -0.584754856989789552E-02
 0.436206393390381475E-01 -0.672456376370954897E-02
 0.470798641049610112E-01 -0.762609347323258639E-02
 0.505627720384977941E-01 -0.854164053346231911E-02
 0.540712814079340465E-01 -0.946197555266416017E-02
 0.576073601973068339E-01 -0.103792474545320330E-01
 0.611730304070841058E-01 -0.112869850251496925E-01
 0.647703725658153040E-01 -0.121800283543343525E-01
 0.684015304726404150E-01 -0.130544175220169440E-01
 0.720687161919215669E-01 -0.139072578704957112E-01
 0.757742153228098125E-01 -0.147365740480633611E-01
 0.795203925682432811E-01 -0.155411606382167954E-01
 0.833096976297200698E-01 -0.163204347354088571E-01
 0.871446714562229552E-01 -0.170742949454373363E-01
 0.910279528778730196E-01 -0.178029915328669908E-01
 0.949622856573255625E-01 -0.185070113237387583E-01
 0.989505259945437921E-01 -0.191869782116732002E-01
 0.102995650523479032 -0.198435681926011249E-01
 0.107100764842301688 -0.204774378375367251E-01
 0.111269112622238708 -0.210891658826662075E-01
 0.115504085343779872 -0.216792085103982117E-01
 0.119809232712986713 -0.222478684350895760E-01
 0.124188273815018180 -0.227952757213787764E-01
 0.128645109066618080 -0.233213783603629550E-01
 0.133183833034375976 -0.238259437945698808E-01
 0.137808748190964891 -0.243085708497734858E-01
 0.142524379687345437 -0.247687033305833137E-01
 0.147335491225083715 -0.252056328313654578E-01
 0.152247102119448030 -0.256184861147363135E-01
 0.157264505650830833 -0.260062056518479204E-01
 0.162393288809196790 -0.263675375623431060E-01
 0.167639353543673986 -0.267010313681193961E-01
 0.173008939636976056 -0.270050441937444291E-01
 0.178508649331902358 -0.272777427455442277E-01
 0.184145473844603558 -0.275171022567941050E-01
 0.189926821906297949 -0.277209159551161897E-01
 0.195860550481423701 -0.278868291205100864E-01
 0.201954997815341208 -0.280123843094054852E-01
 0.208219018968123892 -0.280950743509295608E-01
 0.214662023991960105 -0.281324436591335811E-01
 0.221294018907312928 -0.281222500976795187E-01
 0.228125649626040428 -0.280625987919980655E-01
 0.235168248956668657 -0.279519467363918452E-01
 0.242433886805965448 -0.277889897024250938E-01
 0.249935423659531253 -0.275725462371161113E-01
 0.257686567379129539 -0.273015215963992551E-01
 0.265701933292239012 -0.269750103935598659E-01
 0.273997107464953427 -0.265925471834558176E-01
 0.282588712937073661 -0.261543287784823976E-01
 0.291494478550786251 -0.256612457066237448E-01
 0.300733309812837302 -0.251147869366078191E-01
 0.310325360983985998 -0.245169687944490899E-01
 0.320292107275887084 -0.238703029197607046E-01
 0.330656415639321022 -0.231776068823650074E-01
 0.341442612131250156 -0.224418511970356435E-01
 0.352676543231464024 -0.216664242607306663E-01
 0.364385627720396954 -0.208552653824091855E-01
 0.376598894804481832 -0.200125291627967841E-01
 0.389347003060644958 -0.191424502057900396E-01
 0.402662233446409612 -0.182494814239817574E-01
 0.416578448072201457 -0.173382681122833289E-01
 0.431131004656285288 -0.164133269511156504E-01
 0.446356614599918045 -0.154797540593166298E-01
 0.462293130484153547 -0.145441564326559327E-01
 0.478979246603053799 -0.136132960994027347E-01
 0.496454094083784270 -0.126929078667292698E-01
 0.514756710468977419 -0.117891918685816815E-01
 0.533925362737153852 -0.109086390176699674E-01
 0.553996703141117930 -0.100560240520123322E-01
 0.575004739633996120 -0.923445419224980246E-02
 0.596979607850977034 -0.844775642148518774E-02
 0.619946140532487755 -0.770151539579440412E-02
 0.643922243792862670 -0.699979678054432706E-02
 0.668917108408850547 -0.634347994655969690E-02
 0.694929308450184635 -0.573177387112018284E-02
 0.721944868322298650 -0.516623265840497267E-02
 0.749935410556105575 -0.465268825149274187E-02
 0.778856526762241597 -0.419412510903750379E-02
 0.808646537709191593 -0.379014697978551952E-02
 0.839225818902016085 -0.344206649852872148E-02
 0.870496858588253319 -0.315246311784635755E-02
 0.902345180596794139 -0.292322218379491771E-02
 0.934641203204055193 -0.275579005430828718E-02
 0.967243021066621855 -0.265200496840287125E-02
 0.999999999999999556 -0.261537767737988558E-02
 1.03275697893337726 -0.264777554113893639E-02
 1.06535879679594414 -0.274868920057697421E-02
 1.09765481940320497 -0.291643634427654012E-02
 1.12950314141174601 -0.314697543681079694E-02
 1.16077418109798325 -0.343758936786406084E-02
 1.19135346229080774 -0.378751573289241297E-02
 1.22114347323775752 -0.419426042781561887E-02
 1.25006458944389376 -0.465456468787764279E-02
 1.27805513167770068 -0.516782120237575370E-02
 1.30507069154981470 -0.573438835011541668E-02
 1.33108289159114879 -0.635413497924216478E-02
 1.35607775620713644 -0.702317260343009869E-02
 1.38005385946751158 -0.773533627261010701E-02
 1.40302039214902230 -0.848658471180213821E-02
 1.42499526036600299 -0.927434600978112658E-02
 1.44600329685888118 -0.100967287094382643E-01
 1.46607463726284526 -0.109503388532255636E-01
 1.48524328953102192 -0.118304798996399074E-01
 1.50354590591621506 -0.127319420939127383E-01
 1.52102075339694531 -0.136497072834358066E-01
 1.53770686951584601 -0.145777502632274264E-01
 1.55364338540008129 -0.155095910086820391E-01
 1.56886899534371382 -0.164398534959675838E-01
 1.58342155192779788 -0.173631473628648274E-01
 1.59733776655359017 -0.182732312058475586E-01
 1.61065299693935415 -0.191645986244722184E-01
 1.62340110519551750 -0.200330868193162211E-01
 1.63561437227960260 -0.208742966407009199E-01
 1.64732345676853553 -0.216830350569288018E-01
 1.65855738786874918 -0.224543791055183267E-01
 1.66934358436067853 -0.231841924657835569E-01
 1.67970789272411247 -0.238688645500859005E-01
 1.68967463901601400 -0.245052767633656028E-01
 1.69926669018716248 -0.250910723448374874E-01
 1.70850552144921330 -0.256246881644202028E-01
 1.71741128706292590 -0.261051248186351288E-01
 1.72600289253504613 -0.265318660494104665E-01
 1.73429806670776032 -0.269049439632550735E-01
 1.74231343262087002 -0.272247954171265932E-01
 1.75006457634046853 -0.274919619770498148E-01
 1.75756611319403411 -0.277069925598754582E-01
 1.76483175104333090 -0.278705278736611634E-01
 1.77187435037395868 -0.279833458549833894E-01
 1.77870598109268663 -0.280463702100569034E-01
 1.78533797600803945 -0.280607441805609537E-01
 1.79178098103187544 -0.280279140605564116E-01
 1.79804500218465790 -0.279496343230973450E-01
 1.80413944951857586 -0.278279109454553988E-01
 1.81007317809370161 -0.276649427265815463E-01
 1.81585452615539600 -0.274630615663920691E-01
 1.82149135066809720 -0.272246460388946079E-01
 1.82699106036302350 -0.269520253362282684E-01
 1.83236064645632535 -0.266474037410296509E-01
 1.83760671119080277 -0.263128191446901985E-01
 1.84273549434916850 -0.259501338477029428E-01
 1.84775289788055153 -0.255610400395906781E-01
 1.85266450877491584 -0.251470576126841330E-01
 1.85747562031265367 -0.247095137131763884E-01
 1.86219125180903466 -0.242495087298544541E-01
 1.86681616696562358 -0.237678849964789649E-01
 1.87135489093338148 -0.232652153355999182E-01
 1.87581172618498138 -0.227418157900925073E-01
 1.88019076728701284 -0.221977732292042221E-01
 1.88449591465621968 -0.216329749726672793E-01
 1.88873088737776040 -0.210471321374688589E-01
 1.89289923515769787 -0.204397967177688267E-01
 1.89700434947652008 -0.198103792034898217E-01
 1.90104947400545554 -0.191581762673410580E-01
 1.90503771434267422 -0.184824163779897313E-01
 1.90897204712212654 -0.177823251583467991E-01
 1.91285532854377660 -0.170572058873344305E-01
 1.91669030237027949 -0.163065297747423191E-01
 1.92047960743175627 -0.155300347394526639E-01
 1.92422578467718974 -0.147278347247212903E-01
 1.92793128380807777 -0.139005415019870585E-01
 1.93159846952735892 -0.130493981861759065E-01
 1.93522962743418470 -0.121764208386408723E-01
 1.93882696959291567 -0.112845438201335784E-01
 1.94239263980269272 -0.103777632733187981E-01
 1.94592871859206551 -0.946126917578719515E-02
 1.94943722796150132 -0.854155223427672215E-02
 1.95292013589503810 -0.762646847090880150E-02
 1.95637936066096163 -0.672523898447825817E-02
 1.95981677492010453 -0.584834812038298197E-02
 1.96323420965923701 -0.500728779480355719E-02
 1.96663345796595213 -0.421407588538318112E-02
 1.97001627866054196 -0.348048912436346031E-02
 1.97338439979950442 -0.281696615309186228E-02
 1.97673952206458559 -0.223124444753281404E-02
 1.98008332205058002 -0.172687956764044958E-02
 1.98341745546455739 -0.130205944269592760E-02
 1.98674356024864895 -0.949201918563858326E-03
 1.99006325963809938 -0.655933777265525959E-03
 1.99337816516593191 -0.407694186098860555E-03
 1.99668987962525302 -0.191515605574259912E-03
 2.00000000000000000 -0.137132260296707893E-07
