 0.000000000000000000E+00 0.000000000000000000E+00
 0.331012037474653908E-02 -0.659776573376819632E-08
 0.662183483406764140E-02 -0.733286314885540250E-07
 0.993674036189995391E-02 -0.275523331203789332E-06
 0.132564397513506016E-01 -0.708774171237177381E-06
 0.165825445354421674E-01 -0.147080764927691441E-05
 0.199166779494195367E-01 -0.265434156616741982E-05
 0.232604779354139701E-01 -0.432636929378608817E-05
 0.266156002004951375E-01 -0.651354387242249610E-05
 0.299837213394578139E-01 -0.919113090114569236E-05
 0.333665420340474306E-01 -0.122808192382386362E-04
 0.367657903407625497E-01 -0.156565909330710248E-04
 0.401832250798950241E-01 -0.191560872502229539E-04
 0.436206393390381475E-01 -0.225952450168934350E-04
 0.470798641049610112E-01 -0.257834625429703868E-04
 0.505627720384977941E-01 -0.285379031998814778E-04
 0.540712814079340465E-01 -0.306955482999178824E-04
 0.576073601973068339E-01 -0.321223282564752667E-04
 0.611730304070841058E-01 -0.327189247536596419E-04
 0.647703725658153040E-01 -0.324232592036932969E-04
 0.684015304726404150E-01 -0.312099137380699205E-04
 0.720687161919215669E-01 -0.290870065901550281E-04
 0.757742153228098125E-01 -0.260912109310055228E-04
 0.795203925682432811E-01 -0.222816491478798850E-04
 0.833096976297200698E-01 -0.177333437002642444E-04
 0.871446714562229552E-01 -0.125308150419943805E-04
 0.910279528778730196E-01 -0.676228268619007135E-05
 0.949622856573255625E-01 -0.514766785975334332E-06
 0.989505259945437921E-01 0.612971057549598933E-05
 0.102995650523479032 0.130966683719834959E-04
 0.107100764842301688 0.203204532512034374E-04
 0.111269112622238708 0.277445648577914314E-04
 0.115504085343779872 0.353214736519964859E-04
 0.119809232712986713 0.430122317470222690E-04
 0.124188273815018180 0.507859647980295632E-04
 0.128645109066618080 0.586192923944800362E-04
 0.133183833034375976 0.664956870766182623E-04
 0.137808748190964891 0.744046515055542729E-04
 0.142524379687345437 0.823404920963169434E-04
 0.147335491225083715 0.903005460899698335E-04
 0.152247102119448030 0.982832048035472706E-04
 0.157264505650830833 0.106286693127721795E-03
 0.162393288809196790 0.114309244582842402E-03
 0.167639353543673986 0.122349808352358117E-03
 0.173008939636976056 0.130407398574964293E-03
 0.178508649331902358 0.138478135739538653E-03
 0.184145473844603558 0.146551237503055471E-03
 0.189926821906297949 0.154606364506774892E-03
 0.195860550481423701 0.162612805872140443E-03
 0.201954997815341208 0.170529145422339447E-03
 0.208219018968123892 0.178302893959340718E-03
 0.214662023991960105 0.185870016487998013E-03
 0.221294018907312928 0.193155225170508625E-03
 0.228125649626040428 0.200074265704393609E-03
 0.235168248956668657 0.206537999442140205E-03
 0.242433886805965448 0.212457651014240741E-03
 0.249935423659531253 0.217750427909180997E-03
 0.257686567379129539 0.222344170443736162E-03
 0.265701933292239012 0.226181005484993666E-03
 0.273997107464953427 0.229217153810676284E-03
 0.282588712937073661 0.231417173395212749E-03
 0.291494478550786251 0.232750789155032817E-03
 0.300733309812837302 0.233196683965640928E-03
 0.310325360983985998 0.232743851018539022E-03
 0.320292107275887084 0.231386375833733232E-03
 0.330656415639321022 0.229120728768290806E-03
 0.341442612131250156 0.225962460477688060E-03
 0.352676543231464024 0.221961930166428593E-03
 0.364385627720396954 0.217174603012384917E-03
 0.376598894804481832 0.211650176701041082E-03
 0.389347003060644958 0.205465949135155425E-03
 0.402662233446409612 0.198734243027176940E-03
 0.416578448072201457 0.191578408027711392E-03
 0.431131004656285288 0.184094433623011239E-03
 0.446356614599918045 0.176329650944955136E-03
 0.462293130484153547 0.168301936003930112E-03
 0.478979246603053799 0.160044354213481979E-03
 0.496454094083784270 0.151636526907205092E-03
 0.514756710468977419 0.143186655981892511E-03
 0.533925362737153852 0.134765562819469674E-03
 0.553996703141117930 0.126414289471918481E-03
 0.575004739633996120 0.118157074331478297E-03
 0.596979607850977034 0.110004705501788797E-03
 0.619946140532487755 0.102041913364384770E-03
 0.643922243792862670 0.943326079972925445E-04
 0.668917108408850547 0.868104547924254167E-04
 0.694929308450184635 0.793479747539334508E-04
 0.721944868322298650 0.718955089814685058E-04
 0.749935410556105575 0.644945247644398517E-04
 0.778856526762241597 0.571328051723612334E-04
 0.808646537709191593 0.496985082265724302E-04
 0.839225818902016085 0.420733133840470877E-04
 0.870496858588253319 0.341659019264999931E-04
 0.902345180596794139 0.259341940053980360E-04
 0.934641203204055193 0.174062707623057740E-04
 0.967243021066621855 0.874041976469993414E-05
 0.999999999999999556 0.679167158948740931E-07
 1.03275697893337726 -0.859881108377437893E-05
 1.06535879679594414 -0.172040332124189634E-04
 1.09765481940320497 -0.256786306288729206E-04
 1.12950314141174601 -0.339903257126547215E-04
 1.16077418109798325 -0.420578942142302851E-04
 1.19135346229080774 -0.498996390518159251E-04
 1.22114347323775752 -0.575677054708627979E-04
 1.25006458944389376 -0.651048165939460596E-04
 1.27805513167770068 -0.725336198379548122E-04
 1.30507069154981470 -0.798688212598593956E-04
 1.33108289159114879 -0.871750024021359765E-04
 1.35607775620713644 -0.945627326258403450E-04
 1.38005385946751158 -0.102168444832113881E-03
 1.40302039214902230 -0.110046534788391803E-03
 1.42499526036600299 -0.118121533880411643E-03
 1.44600329685888118 -0.126331048119627295E-03
 1.46607463726284526 -0.134675607668926768E-03
 1.48524328953102192 -0.143111748307287194E-03
 1.50354590591621506 -0.151568035597483169E-03
 1.52102075339694531 -0.160020844240364252E-03
 1.53770686951584601 -0.168430195857208420E-03
 1.55364338540008129 -0.176715199696657679E-03
 1.56886899534371382 -0.184815052307642848E-03
 1.58342155192779788 -0.192664236032076233E-03
 1.59733776655359017 -0.200141040769419125E-03
 1.61065299693935415 -0.207101187745069824E-03
 1.62340110519551750 -0.213423914069251001E-03
 1.63561437227960260 -0.218981837019675179E-03
 1.64732345676853553 -0.223641307403377312E-03
 1.65855738786874918 -0.227321046717592171E-03
 1.66934358436067853 -0.230021396574641655E-03
 1.67970789272411247 -0.231790837667677276E-03
 1.68967463901601400 -0.232680727423052269E-03
 1.69926669018716248 -0.232726205960798107E-03
 1.70850552144921330 -0.231945304826792933E-03
 1.71741128706292590 -0.230341251546338944E-03
 1.72600289253504613 -0.227911373952735768E-03
 1.73429806670776032 -0.224667023767108218E-03
 1.74231343262087002 -0.220648177900445290E-03
 1.75006457634046853 -0.215919523472058876E-03
 1.75756611319403411 -0.210557683058235811E-03
 1.76483175104333090 -0.204639486140213483E-03
 1.77187435037395868 -0.198234305255309785E-03
 1.77870598109268663 -0.191401619269640104E-03
 1.78533797600803945 -0.184195396888807878E-03
 1.79178098103187544 -0.176672616590355303E-03
 1.79804500218465790 -0.168897917192145901E-03
 1.80413944951857586 -0.160940341834910598E-03
 1.81007317809370161 -0.152866753841994236E-03
 1.81585452615539600 -0.144736962720822839E-03
 1.82149135066809720 -0.136600476051450660E-03
 1.82699106036302350 -0.128494036276251798E-03
 1.83236064645632535 -0.120440326687360614E-03
 1.83760671119080277 -0.112448237380504147E-03
 1.84273549434916850 -0.104514901482571110E-03
 1.84775289788055153 -0.966296013415482923E-04
 1.85266450877491584 -0.887789950985699741E-04
 1.85747562031265367 -0.809520135327024992E-04
 1.86219125180903466 -0.731426600128173068E-04
 1.86681616696562358 -0.653503437901146653E-04
 1.87135489093338148 -0.575791267152333096E-04
 1.87581172618498138 -0.498375915827753991E-04
 1.88019076728701284 -0.421398390333313150E-04
 1.88449591465621968 -0.345071774130995991E-04
 1.88873088737776040 -0.269699239855409948E-04
 1.89289923515769787 -0.195687452221087060E-04
 1.89700434947652008 -0.123551517861622129E-04
 1.90104947400545554 -0.539114677707058802E-05
 1.90503771434267422 0.125177039901136772E-05
 1.90897204712212654 0.749409893599693069E-05
 1.91285532854377660 0.132503557955051053E-04
 1.91669030237027949 0.184317942888915326E-04
 1.92047960743175627 0.229500021174756679E-04
 1.92422578467718974 0.267214340221340358E-04
 1.92793128380807777 0.296727815736826720E-04
 1.93159846952735892 0.317469554738058934E-04
 1.93522962743418470 0.329093088271234535E-04
 1.93882696959291567 0.331535181826686075E-04
 1.94239263980269272 0.325063785157942122E-04
 1.94592871859206551 0.310307936519209359E-04
 1.94943722796150132 0.288263930420415993E-04
 1.95292013589503810 0.260273097861113513E-04
 1.95637936066096163 0.227967498933604305E-04
 1.95981677492010453 0.193181253612217055E-04
 1.96323420965923701 0.157829881608875098E-04
 1.96663345796595213 0.123763987157698745E-04
 1.97001627866054196 0.926130259969439460E-05
 1.97338439979950442 0.656361511229670453E-05
 1.97673952206458559 0.436092851591127387E-05
 1.98008332205058002 0.267700051839147907E-05
 1.98341745546455739 0.148438485359418783E-05
 1.98674356024864895 0.715738311654091167E-06
 1.99006325963809938 0.278264048803684843E-06
 1.99337816516593191 0.740088095977443546E-07
 1.99668987962525302 0.664735568778881069E-08
 2.00000000000000000 0.000000000000000000E+00
