 0.000000000000000000E+00 -0.819950255540580763E-05
 0.331012037474653908E-02 -2.11461426734733049
 0.662183483406764140E-02 -5.06166609868883466
 0.993674036189995391E-02 -8.91624359049065696
 0.132564397513506016E-01 -13.7222620802294610
 0.165825445354421674E-01 -19.4545323469905505
 0.199166779494195367E-01 -26.0472924338547855
 0.232604779354139701E-01 -33.3985092048940047
 0.266156002004951375E-01 -41.3778069744283741
 0.299837213394578139E-01 -49.8400747284096681
 0.333665420340474306E-01 -58.6316518832662013
 0.367657903407625497E-01 -67.6024483568465229
 0.401832250798950241E-01 -76.6123767119126171
 0.436206393390381475E-01 -85.5371972163244436
 0.470798641049610112E-01 -94.2707077695040709
 0.505627720384977941E-01 -102.725399251081001
 0.540712814079340465E-01 -110.831657409601448
 0.576073601973068339E-01 -118.536272528368940
 0.611730304070841058E-01 -125.800445444794036
 0.647703725658153040E-01 -132.597591085595553
 0.684015304726404150E-01 -138.911168355493629
 0.720687161919215669E-01 -144.732668239766298
 0.757742153228098125E-01 -150.059779632891178
 0.795203925682432811E-01 -154.894716707516125
 0.833096976297200698E-01 -159.242718587536046
 0.871446714562229552E-01 -163.110804585006434
 0.910279528778730196E-01 -166.506931268440525
 0.949622856573255625E-01 -169.439647834658643
 0.989505259945437921E-01 -171.918160682252079
 0.102995650523479032 -173.952500318908619
 0.107100764842301688 -175.553435977797818
 0.111269112622238708 -176.732013046995007
 0.115504085343779872 -177.498914242714591
 0.119809232712986713 -177.864000067683463
 0.124188273815018180 -177.836286036243479
 0.128645109066618080 -177.424282973043773
 0.133183833034375976 -176.636371360299847
 0.137808748190964891 -175.481060722274123
 0.142524379687345437 -173.967256154868437
 0.147335491225083715 -172.104556200192349
 0.152247102119448030 -169.903403548373632
 0.157264505650830833 -167.375042443328539
 0.162393288809196790 -164.531360274073393
 0.167639353543673986 -161.384719331517971
 0.173008939636976056 -157.948154504610272
 0.178508649331902358 -154.235993229967221
 0.184145473844603558 -150.264149126887276
 0.189926821906297949 -146.049802478683006
 0.195860550481423701 -141.611128026205307
 0.201954997815341208 -136.967622052324941
 0.208219018968123892 -132.140868610635465
 0.214662023991960105 -127.154390206841015
 0.221294018907312928 -122.031916422224128
 0.228125649626040428 -116.796811945243761
 0.235168248956668657 -111.473773880701287
 0.242433886805965448 -106.089613849537557
 0.249935423659531253 -100.671297508706417
 0.257686567379129539 -95.2446122957103398
 0.265701933292239012 -89.8348220785556180
 0.273997107464953427 -84.4664716014471821
 0.282588712937073661 -79.1636601722792648
 0.291494478550786251 -73.9498543028598476
 0.300733309812837302 -68.8465622700179836
 0.310325360983985998 -63.8741593088311816
 0.320292107275887084 -59.0535568404308435
 0.330656415639321022 -54.4043100871459444
 0.341442612131250156 -49.9409872039265608
 0.352676543231464024 -45.6749232381823518
 0.364385627720396954 -41.6169269539227784
 0.376598894804481832 -37.7759703112098606
 0.389347003060644958 -34.1572779644007625
 0.402662233446409612 -30.7642344221785073
 0.416578448072201457 -27.5978921321612987
 0.431131004656285288 -24.6561657882511689
 0.446356614599918045 -21.9369223344323920
 0.462293130484153547 -19.4362973685948823
 0.478979246603053799 -17.1503465190021309
 0.496454094083784270 -15.0709371377199179
 0.514756710468977419 -13.1866905228737572
 0.533925362737153852 -11.4892100039588190
 0.553996703141117930 -9.96854708703627068
 0.575004739633996120 -8.61067437562222260
 0.596979607850977034 -7.40607337999615734
 0.619946140532487755 -6.34309072335459856
 0.643922243792862670 -5.41045064165168910
 0.668917108408850547 -4.59846788061978806
 0.694929308450184635 -3.89715726312897415
 0.721944868322298650 -3.29614715336632891
 0.749935410556105575 -2.78508235743296284
 0.778856526762241597 -2.35569133051907675
 0.808646537709191593 -2.00157799550829063
 0.839225818902016085 -1.71522467838572434
 0.870496858588253319 -1.48978940009353722
 0.902345180596794139 -1.31928466299904779
 0.934641203204055193 -1.19989993092234615
 0.967243021066621855 -1.12939754448603757
 0.999999999999999556 -1.10607169792355720
 1.03275697893337726 -1.12959073232938634
 1.06535879679594414 -1.19999088415151345
 1.09765481940320497 -1.31874521007731360
 1.12950314141174601 -1.48850356317043198
 1.16077418109798325 -1.71424083881733380
 1.19135346229080774 -2.00028738157792008
 1.22114347323775752 -2.35321136274937182
 1.25006458944389376 -2.77950080144126010
 1.27805513167770068 -3.28741757373460164
 1.30507069154981470 -3.88402036925586458
 1.33108289159114879 -4.57973779029167360
 1.35607775620713644 -5.38552506976018996
 1.38005385946751158 -6.31220712342580281
 1.40302039214902230 -7.37116153103580451
 1.42499526036600299 -8.57460568756779651
 1.44600329685888118 -9.93380615313929916
 1.46607463726284526 -11.4596433352336398
 1.48524328953102192 -13.1624871957277652
 1.50354590591621506 -15.0516137976606110
 1.52102075339694531 -17.1369793592680892
 1.53770686951584601 -19.4286936664819372
 1.55364338540008129 -21.9344985607573690
 1.56886899534371382 -24.6603101867882017
 1.58342155192779788 -27.6093928669152753
 1.59733776655359017 -30.7866224741874213
 1.61065299693935415 -34.1939109028956452
 1.62340110519551750 -37.8279466848758901
 1.63561437227960260 -41.6842400797468571
 1.64732345676853553 -45.7580741118854348
 1.65855738786874918 -50.0419828990517530
 1.66934358436067853 -54.5238452452104738
 1.67970789272411247 -59.1894927924811114
 1.68967463901601400 -64.0231365691888499
 1.69926669018716248 -69.0080234525686365
 1.70850552144921330 -74.1251409281300226
 1.71741128706292590 -79.3511951926604269
 1.72600289253504613 -84.6616842073613896
 1.73429806670776032 -90.0338213269688197
 1.74231343262087002 -95.4452406650719496
 1.75006457634046853 -100.870496321653448
 1.75756611319403411 -106.281955507931045
 1.76483175104333090 -111.652745050866500
 1.77187435037395868 -116.957406656325475
 1.77870598109268663 -122.171252251761956
 1.78533797600803945 -127.269432909130344
 1.79178098103187544 -132.226872062881483
 1.79804500218465790 -137.019389556576044
 1.80413944951857586 -141.624680934993592
 1.81007317809370161 -146.022464307317762
 1.81585452615539600 -150.193952931501059
 1.82149135066809720 -154.121100343118911
 1.82699106036302350 -157.786429166898643
 1.83236064645632535 -161.173511840951534
 1.83760671119080277 -164.267593105931184
 1.84273549434916850 -167.055863137816118
 1.84775289788055153 -169.526990989318136
 1.85266450877491584 -171.670312379065280
 1.85747562031265367 -173.475359904730510
 1.86219125180903466 -174.931982129481440
 1.86681616696562358 -176.030738531461054
 1.87135489093338148 -176.763022432467238
 1.87581172618498138 -177.120742131228667
 1.88019076728701284 -177.095836916379966
 1.88449591465621968 -176.679921497244464
 1.88873088737776040 -175.864133431396795
 1.89289923515769787 -174.639118880105599
 1.89700434947652008 -172.995119646450860
 1.90104947400545554 -170.922154140055198
 1.90503771434267422 -168.410209216788132
 1.90897204712212654 -165.449377226295553
 1.91285532854377660 -162.030000120346386
 1.91669030237027949 -158.142913189834474
 1.92047960743175627 -153.779835865419415
 1.92422578467718974 -148.933971417663315
 1.92793128380807777 -143.600886399297337
 1.93159846952735892 -137.779646360452972
 1.93522962743418470 -131.474105138024925
 1.93882696959291567 -124.694298480934989
 1.94239263980269272 -117.457983896804578
 1.94592871859206551 -109.792395465362546
 1.94943722796150132 -101.736237385660061
 1.95292013589503810 -93.3418376447004903
 1.95637936066096163 -84.6772914971264754
 1.95981677492010453 -75.8282894570222226
 1.96323420965923701 -66.8992925120801516
 1.96663345796595213 -58.0130651743564840
 1.97001627866054196 -49.3083319004623490
 1.97338439979950442 -40.9335834672216450
 1.97673952206458559 -33.0403100124402798
 1.98008332205058002 -25.7708924187040367
 1.98341745546455739 -19.2526229302441294
 1.98674356024864895 -13.5846758105302179
 1.99006325963809938 -8.83082495714151605
 1.99337816516593191 -5.01570467067209425
 1.99668987962525302 -2.09655744724642501
 2.00000000000000000 -0.804144436794674937E-05
