 0.000000000000000000E+00 0.000000000000000000E+00
 0.331012037474653908E-02 0.882304467435046253E-10
 0.662183483406764140E-02 0.800986863537669308E-08
 0.993674036189995391E-02 0.705192065257340974E-07
 0.132564397513506016E-01 0.306186667663532521E-06
 0.165825445354421674E-01 0.898607402423952825E-06
 0.199166779494195367E-01 0.206138081765305822E-05
 0.232604779354139701E-01 0.396457595095053987E-05
 0.266156002004951375E-01 0.666358747185205925E-05
 0.299837213394578139E-01 0.100407717840870824E-04
 0.333665420340474306E-01 0.137818600666319653E-04
 0.367657903407625497E-01 0.173839407788624151E-04
 0.401832250798950241E-01 0.201935041179188040E-04
 0.436206393390381475E-01 0.214638042126740763E-04
 0.470798641049610112E-01 0.204234508769119380E-04
 0.505627720384977941E-01 0.163458977521729556E-04
 0.540712814079340465E-01 0.861308329085866516E-05
 0.576073601973068339E-01 -0.323266900763527503E-05
 0.611730304070841058E-01 -0.194504574081094985E-04
 0.647703725658153040E-01 -0.400770041808560899E-04
 0.684015304726404150E-01 -0.649166143111392431E-04
 0.720687161919215669E-01 -0.935443090119256779E-04
 0.757742153228098125E-01 -0.125320707406761884E-03
 0.795203925682432811E-01 -0.159416278271381421E-03
 0.833096976297200698E-01 -0.194842055446639226E-03
 0.871446714562229552E-01 -0.230484329987010845E-03
 0.910279528778730196E-01 -0.265141827187335326E-03
 0.949622856573255625E-01 -0.297564156089334653E-03
 0.989505259945437921E-01 -0.326489571281901841E-03
 0.102995650523479032 -0.350679105880322747E-03
 0.107100764842301688 -0.368944513831209796E-03
 0.111269112622238708 -0.380169273178202307E-03
 0.115504085343779872 -0.383324261371753713E-03
 0.119809232712986713 -0.377480979140820802E-03
 0.124188273815018180 -0.361824493301770808E-03
 0.128645109066618080 -0.335666173607123287E-03
 0.133183833034375976 -0.298454531742808015E-03
 0.137808748190964891 -0.249782270368439268E-03
 0.142524379687345437 -0.189389033695330067E-03
 0.147335491225083715 -0.117161234113085104E-03
 0.152247102119448030 -0.331312599152521815E-04
 0.157264505650830833 0.625221449989328863E-04
 0.162393288809196790 0.169471851065683020E-03
 0.167639353543673986 0.287240259332854366E-03
 0.173008939636976056 0.415202857833534553E-03
 0.178508649331902358 0.552604822159271920E-03
 0.184145473844603558 0.698588191368721963E-03
 0.189926821906297949 0.852212579120677498E-03
 0.195860550481423701 0.101245546544676272E-02
 0.201954997815341208 0.117820152839131186E-02
 0.208219018968123892 0.134823901481286685E-02
 0.214662023991960105 0.152126660226502893E-02
 0.221294018907312928 0.169591067042730386E-02
 0.228125649626040428 0.187074845175104563E-02
 0.235168248956668657 0.204432052140967766E-02
 0.242433886805965448 0.221512889827704500E-02
 0.249935423659531253 0.238164580733899031E-02
 0.257686567379129539 0.254234874871343049E-02
 0.265701933292239012 0.269576610876454993E-02
 0.273997107464953427 0.284051319838827350E-02
 0.282588712937073661 0.297529486388129752E-02
 0.291494478550786251 0.309889280270309606E-02
 0.300733309812837302 0.321018432296841811E-02
 0.310325360983985998 0.330817053324056242E-02
 0.320292107275887084 0.339192506723106106E-02
 0.330656415639321022 0.346051169467845960E-02
 0.341442612131250156 0.351305721631773715E-02
 0.352676543231464024 0.354889194536368163E-02
 0.364385627720396954 0.356759069146779084E-02
 0.376598894804481832 0.356899519255716134E-02
 0.389347003060644958 0.355324068122109997E-02
 0.402662233446409612 0.352073557695135094E-02
 0.416578448072201457 0.347209744751211542E-02
 0.431131004656285288 0.340811585095508914E-02
 0.446356614599918045 0.332972953372664537E-02
 0.462293130484153547 0.323797542481178225E-02
 0.478979246603053799 0.313389895430479402E-02
 0.496454094083784270 0.301859143448645175E-02
 0.514756710468977419 0.289302314176350652E-02
 0.533925362737153852 0.275796862109443496E-02
 0.553996703141117930 0.261448156063146192E-02
 0.575004739633996120 0.246399044386666705E-02
 0.596979607850977034 0.230784924547594063E-02
 0.619946140532487755 0.214727992203520446E-02
 0.643922243792862670 0.198344105729866610E-02
 0.668917108408850547 0.181748461084210136E-02
 0.694929308450184635 0.165038999468392067E-02
 0.721944868322298650 0.148275739379145227E-02
 0.749935410556105575 0.131483374664308596E-02
 0.778856526762241597 0.114694390971965213E-02
 0.808646537709191593 0.979473250938401587E-03
 0.839225818902016085 0.812920555749828823E-03
 0.870496858588253319 0.647970704471586959E-03
 0.902345180596794139 0.485064791701554253E-03
 0.934641203204055193 0.323951293971247683E-03
 0.967243021066621855 0.163877435159815317E-03
 0.999999999999999556 0.391441128762636321E-05
 1.03275697893337726 -0.156761553640275713E-03
 1.06535879679594414 -0.318499674621695341E-03
 1.09765481940320497 -0.481124794107810091E-03
 1.12950314141174601 -0.644322629748747956E-03
 1.16077418109798325 -0.808057835502375339E-03
 1.19135346229080774 -0.972605544581002339E-03
 1.22114347323775752 -0.113806085550869837E-02
 1.25006458944389376 -0.130440494249911922E-02
 1.27805513167770068 -0.147137872507870212E-02
 1.30507069154981470 -0.163831179699353057E-02
 1.33108289159114879 -0.180432479175555906E-02
 1.35607775620713644 -0.196860248369902166E-02
 1.38005385946751158 -0.213033740568744929E-02
 1.40302039214902230 -0.228861060452089119E-02
 1.42499526036600299 -0.244244093887188186E-02
 1.44600329685888118 -0.259087567229429258E-02
 1.46607463726284526 -0.273291501738555766E-02
 1.48524328953102192 -0.286736436332870118E-02
 1.50354590591621506 -0.299300112660575530E-02
 1.52102075339694531 -0.310868314410160445E-02
 1.53770686951584601 -0.321322858343984011E-02
 1.55364338540008129 -0.330541325923337098E-02
 1.56886899534371382 -0.338417672889675418E-02
 1.58342155192779788 -0.344863372369483669E-02
 1.59733776655359017 -0.349794630383763652E-02
 1.61065299693935415 -0.353132964541668900E-02
 1.62340110519551750 -0.354813392722220068E-02
 1.63561437227960260 -0.354785061284034310E-02
 1.64732345676853553 -0.353021715950370884E-02
 1.65855738786874918 -0.349532829076376833E-02
 1.66934358436067853 -0.344357516668206132E-02
 1.67970789272411247 -0.337548149824989582E-02
 1.68967463901601400 -0.329167563364057836E-02
 1.69926669018716248 -0.319294073558218068E-02
 1.70850552144921330 -0.308024319456575357E-02
 1.71741128706292590 -0.295469871506190765E-02
 1.72600289253504613 -0.281753078934659368E-02
 1.73429806670776032 -0.267009725812226159E-02
 1.74231343262087002 -0.251389331090843670E-02
 1.75006457634046853 -0.235048500884559855E-02
 1.75756611319403411 -0.218144698701690405E-02
 1.76483175104333090 -0.200834333923060162E-02
 1.77187435037395868 -0.183272361062637029E-02
 1.77870598109268663 -0.165611341806757391E-02
 1.78533797600803945 -0.148000140781318805E-02
 1.79178098103187544 -0.130582378222510610E-02
 1.79804500218465790 -0.113495177012936234E-02
 1.80413944951857586 -0.968689304234438540E-03
 1.81007317809370161 -0.808265884567201998E-03
 1.81585452615539600 -0.654818888017334190E-03
 1.82149135066809720 -0.509382059336857757E-03
 1.82699106036302350 -0.372882966741000402E-03
 1.83236064645632535 -0.246136367180024276E-03
 1.83760671119080277 -0.129831812681850971E-03
 1.84273549434916850 -0.245274026481722614E-04
 1.84775289788055153 0.693473275034291599E-04
 1.85266450877491584 0.151490496457655423E-03
 1.85747562031265367 0.221734450653542005E-03
 1.86219125180903466 0.280054001031907970E-03
 1.86681616696562358 0.326571175613842479E-03
 1.87135489093338148 0.361557023097373550E-03
 1.87581172618498138 0.385432739175440263E-03
 1.88019076728701284 0.398770000206793301E-03
 1.88449591465621968 0.402287784106654042E-03
 1.88873088737776040 0.396843329171449126E-03
 1.89289923515769787 0.383417254701196757E-03
 1.89700434947652008 0.363094241979166309E-03
 1.90104947400545554 0.337040587409666954E-03
 1.90503771434267422 0.306479685950304984E-03
 1.90897204712212654 0.272666281577672496E-03
 1.91285532854377660 0.236859419031037506E-03
 1.91669030237027949 0.200293078322943551E-03
 1.92047960743175627 0.164143651678119376E-03
 1.92422578467718974 0.129494868687685740E-03
 1.92793128380807777 0.973021551656697801E-04
 1.93159846952735892 0.683591031484624960E-04
 1.93522962743418470 0.432686732078168510E-04
 1.93882696959291567 0.224216529155939433E-04
 1.94239263980269272 0.598470539535948485E-05
 1.94592871859206551 -0.610015251074773310E-05
 1.94943722796150132 -0.141035265078243912E-04
 1.95292013589503810 -0.184837427855329703E-04
 1.95637936066096163 -0.198488974589838378E-04
 1.95981677492010453 -0.189072596993564245E-04
 1.96323420965923701 -0.164082852243796028E-04
 1.96663345796595213 -0.130791458377198789E-04
 1.97001627866054196 -0.956121483438320221E-05
 1.97338439979950442 -0.635466733010097838E-05
 1.97673952206458559 -0.377869873407634751E-05
 1.98008332205058002 -0.195953985371718966E-05
 1.98341745546455739 -0.850357153197155013E-06
 1.98674356024864895 -0.288170746944050697E-06
 1.99006325963809938 -0.660767418225598396E-07
 1.99337816516593191 -0.750035891994497355E-08
 1.99668987962525302 -0.829241299275647914E-10
 2.00000000000000000 0.000000000000000000E+00
